5.541568 -1.234021 2.839888 3.758966 -0.134497 0.500239 -1.209817 
6.541568 -1.234021 2.839888 3.758966 -0.134497 0.500239 -1.209817 
5.541568 -0.234021 2.839888 3.758966 -0.134497 0.500239 -1.209817 
5.541568 -1.234021 3.839888 3.758966 -0.134497 0.500239 -1.209817 
5.541568 -1.234021 2.839888 4.758966 -0.134497 0.500239 -1.209817 
5.541568 -1.234021 2.839888 3.758966 0.865503 0.500239 -1.209817 
5.541568 -1.234021 2.839888 3.758966 -0.134497 1.500239 -1.209817 
5.541568 -1.234021 2.839888 3.758966 -0.134497 0.500239 -0.209817 
5.541294 -1.650976 2.835038 3.758785 -1.031413 0.353453 -1.220788 
5.541431 -1.442499 2.837463 3.758876 -0.582955 0.426846 -1.215303 
5.541544 -0.996813 2.839467 3.758950 -0.212399 0.487490 -1.210770 
5.416568 -1.234021 2.839888 3.758966 -0.134459 0.500239 -1.209817 
5.416477 -1.183935 2.836664 3.758846 0.090048 0.402646 -1.217111 
5.416568 -1.234021 2.714956 3.758966 -0.134459 0.504367 -1.209817 
5.416512 -1.211007 2.722439 3.758911 -0.078356 0.746762 -1.213169 
5.416568 -1.234051 2.714956 3.633966 -0.134524 0.504356 -1.209817 
5.416171 -1.345401 2.710023 3.633886 -0.344095 0.427383 -1.225036 
5.416571 -1.231714 2.714821 3.633961 -0.125212 0.500261 -1.334380 
5.416401 -1.199838 2.708425 3.633707 0.075999 0.356853 -1.314594 
5.416533 -1.113664 2.714207 3.633936 -0.164241 0.487398 -1.334725 
5.416581 -1.215250 2.716482 3.633936 -0.092029 0.550560 -1.333246 
5.416252 -1.278858 2.712660 3.633843 -0.240459 0.496489 -1.344460 
5.416464 -1.232438 2.712137 3.633875 -0.098320 0.444024 -1.330818 
5.385321 -1.231733 2.714822 3.633961 -0.125253 0.500301 -1.334386 
5.385219 -1.257222 2.712836 3.633871 -0.178725 0.480941 -1.338689 
5.385319 -1.231547 2.683589 3.633961 -0.124317 0.500652 -1.334290 
5.385110 -1.232526 2.683730 3.633874 -0.097955 0.444102 -1.330770 
5.385319 -1.231539 2.683591 3.602711 -0.124291 0.500712 -1.334289 
5.384481 -1.244036 2.685007 3.602688 -0.087887 0.549901 -1.335878 
5.385319 -1.228406 2.683544 3.602709 -0.122815 0.499414 -1.365319 
5.385190 -1.169708 2.683222 3.602679 -0.142844 0.493495 -1.360374 
5.385264 -1.238775 2.682520 3.602649 -0.150545 0.489703 -1.367489 
5.384817 -1.248470 2.681551 3.602548 -0.179564 0.494684 -1.371299 
5.369645 -1.238792 2.682522 3.602649 -0.150370 0.489304 -1.367466 
5.386181 -1.240004 2.682339 3.602582 -0.144511 0.459105 -1.366248 
5.385295 -1.253427 2.682597 3.602652 -0.145503 0.491233 -1.368793 
5.385014 -1.236011 2.681677 3.602575 -0.180125 0.499019 -1.370022 
5.385139 -1.237393 2.682098 3.602612 -0.165335 0.494361 -1.368756 
5.385264 -1.238718 2.674713 3.602649 -0.150288 0.489798 -1.367485 
5.385289 -1.232766 2.683122 3.602651 -0.143532 0.493167 -1.379593 
5.385289 -1.232759 2.683123 3.594838 -0.143506 0.493190 -1.379568 
5.385330 -1.225906 2.684060 3.602753 -0.134155 0.499827 -1.371599 
5.385784 -1.229394 2.683547 3.602630 -0.140427 0.478629 -1.382961 
5.385268 -1.230871 2.683411 3.602642 -0.149381 0.494740 -1.384139 
5.389171 -1.230975 2.683411 3.602642 -0.149387 0.494851 -1.384155 
5.388968 -1.237200 2.683820 3.602646 -0.148287 0.495871 -1.388608 
5.389172 -1.230896 2.687307 3.602644 -0.149359 0.494926 -1.383884 
5.389233 -1.224716 2.688172 3.602706 -0.147710 0.499322 -1.383667 
5.389303 -1.219837 2.689339 3.602778 -0.150367 0.502790 -1.379572 
5.389579 -1.213459 2.690457 3.602807 -0.148724 0.499436 -1.381826 
5.389302 -1.219868 2.689339 3.606684 -0.150367 0.502781 -1.379595 
5.389118 -1.219963 2.690636 3.606701 -0.148137 0.509708 -1.382114 
5.389285 -1.220152 2.691026 3.606669 -0.153283 0.502688 -1.381551 
5.389314 -1.222024 2.697360 3.606675 -0.152222 0.500705 -1.378037 
5.393217 -1.222142 2.697350 3.606675 -0.152232 0.500807 -1.378053 
5.389356 -1.223129 2.695028 3.606702 -0.157789 0.497652 -1.374287 
5.389451 -1.219054 2.698216 3.606690 -0.151436 0.498823 -1.379269 
5.389319 -1.220885 2.697710 3.606692 -0.152715 0.501925 -1.377223 
5.389248 -1.221179 2.699386 3.606693 -0.151289 0.504275 -1.379414 
5.389319 -1.220898 2.697698 3.608645 -0.152694 0.501921 -1.377220 
5.389337 -1.220477 2.696422 3.608607 -0.149483 0.502209 -1.375470 
5.389326 -1.221370 2.699274 3.608646 -0.152445 0.501416 -1.376331 
5.389340 -1.221176 2.700043 3.608711 -0.156202 0.500787 -1.376670 
5.389290 -1.221590 2.700180 3.608651 -0.151931 0.502501 -1.377557 
5.389292 -1.222112 2.699057 3.608643 -0.152635 0.501887 -1.376019 
5.389297 -1.221811 2.698579 3.608633 -0.151042 0.502286 -1.375126 
5.388316 -1.222082 2.699060 3.608643 -0.152632 0.501862 -1.376015 
5.389298 -1.221925 2.699504 3.608684 -0.154525 0.501811 -1.376014 
5.389289 -1.222696 2.698904 3.608637 -0.152465 0.501262 -1.376430 
5.389292 -1.222118 2.699065 3.609130 -0.152623 0.501899 -1.376033 
5.389273 -1.222227 2.699531 3.609087 -0.152413 0.502447 -1.376649 
5.389271 -1.222113 2.699135 3.609087 -0.152459 0.502573 -1.376873 
5.389274 -1.222053 2.699794 3.609114 -0.153326 0.502586 -1.376685 
5.389275 -1.221605 2.699894 3.609146 -0.153211 0.503225 -1.376119 
5.389274 -1.221316 2.700093 3.609218 -0.153202 0.503897 -1.375508 
5.389258 -1.222006 2.699778 3.609143 -0.153296 0.503423 -1.375987 
5.389243 -1.222102 2.699848 3.609203 -0.153360 0.504158 -1.375362 
5.389231 -1.222413 2.700072 3.609257 -0.154248 0.504280 -1.375389 
5.389730 -1.222114 2.699838 3.609203 -0.153362 0.504173 -1.375368 
5.389705 -1.221851 2.699061 3.609209 -0.153470 0.504583 -1.375685 
5.389723 -1.222154 2.700019 3.608890 -0.153285 0.504384 -1.375605 
5.389743 -1.222030 2.699569 3.608469 -0.153513 0.503873 -1.374897 
5.389748 -1.222527 2.699526 3.608587 -0.152810 0.503719 -1.374481 
5.389762 -1.221627 2.699769 3.608525 -0.153425 0.503846 -1.374743 
5.389738 -1.222073 2.699601 3.608486 -0.153590 0.504048 -1.374757 
5.389738 -1.222340 2.699705 3.608542 -0.153959 0.503918 -1.374746 
5.389738 -1.222024 2.699427 3.608623 -0.153636 0.504006 -1.374692 
5.389722 -1.222097 2.699379 3.608288 -0.153531 0.504384 -1.374938 
5.389982 -1.222082 2.699596 3.608487 -0.153587 0.504055 -1.374758 
5.389972 -1.222359 2.699581 3.608516 -0.153239 0.504039 -1.374561 
5.389976 -1.222330 2.699518 3.608334 -0.153275 0.503964 -1.374440 
5.389992 -1.222040 2.699741 3.608302 -0.153077 0.504064 -1.374208 
5.389859 -1.222426 2.699670 3.608304 -0.153373 0.503993 -1.374391 
5.389900 -1.222829 2.699644 3.608264 -0.153614 0.503882 -1.374432 
5.389809 -1.222430 2.699859 3.608263 -0.153387 0.504034 -1.374259 
5.389810 -1.222626 2.699916 3.608228 -0.153508 0.503995 -1.374231 
5.389734 -1.222745 2.699912 3.608106 -0.153540 0.504148 -1.374254 
5.389630 -1.222818 2.700013 3.608012 -0.153511 0.504028 -1.374348 
5.389681 -1.222791 2.699874 3.608141 -0.153477 0.504134 -1.374198 
5.389554 -1.222843 2.699852 3.608189 -0.153649 0.504144 -1.374108 
5.389668 -1.222814 2.699919 3.608228 -0.153468 0.504174 -1.374253 
5.389783 -1.222996 2.699976 3.608232 -0.153424 0.504224 -1.374179 
5.389843 -1.223127 2.699816 3.608256 -0.153441 0.504199 -1.374288 
5.389785 -1.223065 2.700068 3.608218 -0.153301 0.504373 -1.374084 
5.389880 -1.223082 2.700165 3.608339 -0.153260 0.504255 -1.373980 
5.389860 -1.223105 2.700209 3.608290 -0.153202 0.504200 -1.374036 
5.389778 -1.223200 2.700234 3.608349 -0.153414 0.504255 -1.373898 
5.389867 -1.223231 2.700356 3.608323 -0.153587 0.504326 -1.373881 
5.389879 -1.223260 2.700297 3.608186 -0.153631 0.504277 -1.373702 
5.389816 -1.223136 2.700406 3.608312 -0.153591 0.504324 -1.373855 
5.389689 -1.223205 2.700438 3.608448 -0.153696 0.504376 -1.373781 
5.389680 -1.223244 2.700489 3.608424 -0.153624 0.504441 -1.373753 
5.389598 -1.223361 2.700651 3.608340 -0.153582 0.504394 -1.373793 
5.389652 -1.223362 2.700695 3.608399 -0.153552 0.504335 -1.373746 
5.389687 -1.223392 2.700800 3.608398 -0.153450 0.504510 -1.373671 
5.389572 -1.223414 2.700742 3.608433 -0.153253 0.504515 -1.373621 
5.389655 -1.223335 2.700816 3.608343 -0.153468 0.504491 -1.373589 
5.389736 -1.223504 2.700742 3.608265 -0.153507 0.504493 -1.373482 
5.389799 -1.223473 2.700731 3.608196 -0.153448 0.504473 -1.373517 
5.389809 -1.223557 2.700884 3.608265 -0.153637 0.504600 -1.373427 
5.389780 -1.223677 2.700971 3.608299 -0.153630 0.504723 -1.373285 
5.389765 -1.223797 2.701063 3.608323 -0.153619 0.504849 -1.373143 
5.389761 -1.223914 2.701162 3.608339 -0.153612 0.504978 -1.373005 
5.389810 -1.224012 2.701290 3.608325 -0.153636 0.505111 -1.372891 
5.389806 -1.224129 2.701387 3.608339 -0.153623 0.505239 -1.372752 
5.389913 -1.224192 2.701528 3.608288 -0.153675 0.505357 -1.372682 
5.389937 -1.224302 2.701639 3.608284 -0.153668 0.505490 -1.372551 
5.389997 -1.224369 2.701759 3.608399 -0.153745 0.505410 -1.372443 
5.390084 -1.224317 2.701693 3.608507 -0.153828 0.505533 -1.372337 
5.390032 -1.224427 2.701788 3.608513 -0.153996 0.505605 -1.372288 
5.390166 -1.224568 2.701758 3.608450 -0.153998 0.505576 -1.372162 
5.390133 -1.224504 2.701769 3.608394 -0.154015 0.505552 -1.372087 
5.390229 -1.224565 2.701947 3.608525 -0.153943 0.505648 -1.372083 
5.390282 -1.224568 2.702131 3.608607 -0.153883 0.505719 -1.371998 
5.390328 -1.224717 2.702190 3.608745 -0.153800 0.505776 -1.371949 
5.390512 -1.224748 2.702330 3.608784 -0.153826 0.505815 -1.371990 
5.390396 -1.224781 2.702439 3.608870 -0.153939 0.505912 -1.372049 
5.390396 -1.224812 2.702447 3.608761 -0.153866 0.506115 -1.372067 
5.390364 -1.224864 2.702505 3.608705 -0.153836 0.506061 -1.372096 
5.390337 -1.224798 2.702599 3.608814 -0.153691 0.506103 -1.372201 
5.390348 -1.224819 2.702568 3.608693 -0.153826 0.506064 -1.372005 
5.390373 -1.224986 2.702601 3.608659 -0.153951 0.506115 -1.371902 
5.390403 -1.224997 2.702653 3.608525 -0.154143 0.506151 -1.371894 
5.390258 -1.224985 2.702583 3.608673 -0.153980 0.506134 -1.371906 
5.390361 -1.225127 2.702497 3.608618 -0.153895 0.506103 -1.371748 
5.390367 -1.225271 2.702614 3.608751 -0.153885 0.506182 -1.371717 
5.390327 -1.225222 2.702759 3.608768 -0.153808 0.506215 -1.371552 
5.390328 -1.225239 2.702785 3.608886 -0.153895 0.506035 -1.371482 
5.390360 -1.225194 2.702732 3.608939 -0.153931 0.506091 -1.371441 
5.390373 -1.225299 2.702779 3.609105 -0.153886 0.506183 -1.371351 
5.390378 -1.225405 2.702767 3.609229 -0.153818 0.506249 -1.371195 
5.390368 -1.225499 2.702936 3.609332 -0.153797 0.506286 -1.371293 
5.390408 -1.225568 2.703019 3.609306 -0.153969 0.506383 -1.371211 
5.390579 -1.225596 2.703118 3.609323 -0.154059 0.506458 -1.371137 
5.390518 -1.225626 2.703189 3.609374 -0.154223 0.506582 -1.371064 
5.390519 -1.225776 2.703265 3.609316 -0.154285 0.506450 -1.370981 
5.390546 -1.225665 2.703121 3.609428 -0.154275 0.506560 -1.371108 
5.390533 -1.225707 2.703176 3.609249 -0.154160 0.506760 -1.371097 
5.390547 -1.225599 2.703264 3.609125 -0.154248 0.506777 -1.371225 
5.390544 -1.225670 2.703104 3.609193 -0.154195 0.506756 -1.371036 
5.390552 -1.225639 2.703248 3.609285 -0.154031 0.506913 -1.371006 
5.390322 -1.225634 2.703212 3.609263 -0.153975 0.506947 -1.371027 
5.390546 -1.225747 2.703292 3.609268 -0.154015 0.506889 -1.371010 
5.390581 -1.225773 2.703408 3.609143 -0.153997 0.506885 -1.370842 
5.390685 -1.225947 2.703437 3.609126 -0.153981 0.507007 -1.370796 
5.390791 -1.226000 2.703413 3.609044 -0.153791 0.506965 -1.370822 
5.390679 -1.225967 2.703392 3.609195 -0.153956 0.506971 -1.370719 
5.390666 -1.226010 2.703589 3.609212 -0.154128 0.507047 -1.370758 
5.390658 -1.226103 2.703521 3.609138 -0.154325 0.507023 -1.370716 
5.390565 -1.226067 2.703597 3.609193 -0.154096 0.507048 -1.370769 
5.390506 -1.226002 2.703638 3.609239 -0.154110 0.507251 -1.370688 
5.390506 -1.226054 2.703582 3.609395 -0.154141 0.507319 -1.370842 
5.390568 -1.226136 2.703590 3.609374 -0.154102 0.507364 -1.370827 
5.390580 -1.226172 2.703814 3.609461 -0.154085 0.507381 -1.370811 
5.390598 -1.226125 2.703920 3.609338 -0.154074 0.507479 -1.370955 
5.390586 -1.226127 2.703803 3.609487 -0.153976 0.507376 -1.370820 
5.390568 -1.226285 2.703864 3.609460 -0.154281 0.507415 -1.370742 
5.390557 -1.226409 2.703939 3.609519 -0.154417 0.507472 -1.370626 
5.390567 -1.226415 2.704044 3.609388 -0.154519 0.507563 -1.370739 
5.390466 -1.226475 2.703939 3.609509 -0.154387 0.507458 -1.370658 
5.390647 -1.226494 2.703917 3.609630 -0.154484 0.507377 -1.370760 
5.390616 -1.226471 2.703949 3.609455 -0.154378 0.507438 -1.370598 
5.390539 -1.226392 2.704022 3.609390 -0.154445 0.507278 -1.370511 
5.390608 -1.226472 2.703847 3.609407 -0.154425 0.507433 -1.370599 
5.390601 -1.226508 2.704015 3.609486 -0.154290 0.507601 -1.370462 
5.390603 -1.226417 2.704042 3.609455 -0.154084 0.507683 -1.370474 
5.390668 -1.226556 2.704055 3.609511 -0.154256 0.507555 -1.370513 
5.390597 -1.226626 2.704063 3.609610 -0.154370 0.507695 -1.370349 
5.390553 -1.226609 2.704216 3.609570 -0.154395 0.507578 -1.370215 
5.390552 -1.226608 2.704284 3.609521 -0.154438 0.507634 -1.370267 
5.390618 -1.226752 2.704231 3.609384 -0.154496 0.507662 -1.370175 
5.390643 -1.226541 2.704284 3.609531 -0.154469 0.507646 -1.370237 
5.390482 -1.226634 2.704310 3.609642 -0.154633 0.507626 -1.370286 
5.390550 -1.226603 2.704365 3.609531 -0.154278 0.507778 -1.370185 
5.390428 -1.226464 2.704286 3.609422 -0.154283 0.507838 -1.370126 
5.390522 -1.226600 2.704397 3.609474 -0.154256 0.507743 -1.370275 
5.390693 -1.226608 2.704412 3.609548 -0.154110 0.507807 -1.370098 
5.390507 -1.226630 2.704408 3.609582 -0.154311 0.507822 -1.370189 
5.390516 -1.226655 2.704462 3.609633 -0.154283 0.507870 -1.370164 
5.390458 -1.226623 2.704472 3.609637 -0.154285 0.507935 -1.370126 
5.390451 -1.226633 2.704497 3.609618 -0.154296 0.507914 -1.370098 
5.390458 -1.226710 2.704490 3.609578 -0.154318 0.507954 -1.370085 
5.390410 -1.226782 2.704482 3.609601 -0.154306 0.507929 -1.370049 
5.390421 -1.226834 2.704526 3.609603 -0.154369 0.507939 -1.370015 
5.390399 -1.226888 2.704598 3.609572 -0.154382 0.507948 -1.370028 
5.390428 -1.226940 2.704627 3.609549 -0.154396 0.507961 -1.369959 
5.390409 -1.226980 2.704624 3.609507 -0.154468 0.507950 -1.369929 
5.390400 -1.226924 2.704631 3.609552 -0.154396 0.507994 -1.369941 
5.390415 -1.226970 2.704653 3.609606 -0.154398 0.508059 -1.369937 
5.390411 -1.226960 2.704725 3.609658 -0.154399 0.508049 -1.369894 
5.390465 -1.226920 2.704767 3.609635 -0.154426 0.508097 -1.369903 
5.390448 -1.226936 2.704796 3.609615 -0.154411 0.508099 -1.369924 
5.390461 -1.226960 2.704833 3.609623 -0.154366 0.508160 -1.369877 
5.390442 -1.226964 2.704880 3.609678 -0.154370 0.508223 -1.369892 
5.390506 -1.226990 2.704910 3.609718 -0.154330 0.508209 -1.369922 
5.390451 -1.227002 2.704884 3.609675 -0.154401 0.508223 -1.369885 
5.390448 -1.227055 2.704928 3.609665 -0.154455 0.508247 -1.369845 
5.390455 -1.227119 2.704916 3.609643 -0.154490 0.508310 -1.369846 
5.390404 -1.227188 2.704908 3.609679 -0.154485 0.508294 -1.369815 
5.390424 -1.227178 2.704887 3.609702 -0.154490 0.508304 -1.369784 
5.390428 -1.227201 2.704904 3.609727 -0.154582 0.508306 -1.369782 
5.390403 -1.227167 2.704864 3.609673 -0.154506 0.508296 -1.369769 
5.390479 -1.227229 2.704905 3.609664 -0.154469 0.508286 -1.369741 
5.390460 -1.227231 2.704954 3.609658 -0.154445 0.508351 -1.369693 
5.390462 -1.227268 2.704965 3.609655 -0.154403 0.508427 -1.369662 
5.390453 -1.227256 2.705027 3.609674 -0.154362 0.508426 -1.369600 
5.390472 -1.227223 2.705023 3.609655 -0.154338 0.508432 -1.369610 
5.390468 -1.227282 2.705071 3.609675 -0.154436 0.508465 -1.369585 
5.390427 -1.227305 2.705063 3.609633 -0.154486 0.508483 -1.369530 
5.390388 -1.227350 2.705122 3.609597 -0.154489 0.508483 -1.369570 
5.390357 -1.227325 2.705122 3.609615 -0.154495 0.508505 -1.369582 
5.390388 -1.227412 2.705144 3.609630 -0.154546 0.508513 -1.369549 
5.390418 -1.227410 2.705185 3.609589 -0.154596 0.508568 -1.369534 
5.390412 -1.227389 2.705220 3.609594 -0.154667 0.508511 -1.369527 
5.390413 -1.227403 2.705215 3.609599 -0.154575 0.508567 -1.369503 
5.390397 -1.227448 2.705236 3.609589 -0.154544 0.508628 -1.369452 
5.390440 -1.227470 2.705288 3.609627 -0.154510 0.508675 -1.369468 
5.390481 -1.227447 2.705249 3.609662 -0.154516 0.508707 -1.369405 
5.390511 -1.227468 2.705247 3.609643 -0.154507 0.508684 -1.369394 
5.390514 -1.227441 2.705271 3.609593 -0.154450 0.508729 -1.369368 
5.390522 -1.227462 2.705271 3.609628 -0.154544 0.508692 -1.369387 
5.390504 -1.227519 2.705314 3.609662 -0.154577 0.508693 -1.369338 
5.390512 -1.227587 2.705295 3.609654 -0.154621 0.508747 -1.369348 
5.390537 -1.227623 2.705344 3.609699 -0.154679 0.508748 -1.369331 
5.390491 -1.227638 2.705318 3.609671 -0.154731 0.508725 -1.369278 
5.390557 -1.227608 2.705328 3.609710 -0.154674 0.508769 -1.369298 
5.390558 -1.227624 2.705385 3.609684 -0.154636 0.508827 -1.369267 
5.390593 -1.227688 2.705383 3.609692 -0.154576 0.508821 -1.369234 
5.390550 -1.227697 2.705391 3.609750 -0.154545 0.508881 -1.369227 
5.390597 -1.227694 2.705425 3.609732 -0.154526 0.508957 -1.369215 
5.390598 -1.227648 2.705483 3.609750 -0.154488 0.508928 -1.369173 
5.390604 -1.227713 2.705445 3.609750 -0.154560 0.508955 -1.369201 
5.390570 -1.227753 2.705447 3.609721 -0.154594 0.508980 -1.369131 
5.390545 -1.227817 2.705511 3.609709 -0.154610 0.508987 -1.369156 
5.390561 -1.227876 2.705525 3.609746 -0.154664 0.509014 -1.369124 
5.390554 -1.227867 2.705598 3.609766 -0.154662 0.508995 -1.369063 
5.390522 -1.227824 2.705629 3.609763 -0.154733 0.509028 -1.369072 
5.390559 -1.227820 2.705641 3.609734 -0.154737 0.509039 -1.369069 
5.390562 -1.227849 2.705648 3.609710 -0.154791 0.508968 -1.369048 
5.390536 -1.227829 2.705628 3.609707 -0.154732 0.509054 -1.369041 
5.390532 -1.227853 2.705670 3.609724 -0.154699 0.509128 -1.369015 
5.390557 -1.227822 2.705649 3.609762 -0.154692 0.509175 -1.368949 
5.390532 -1.227790 2.705696 3.609744 -0.154627 0.509214 -1.368938 
5.390558 -1.227816 2.705620 3.609758 -0.154685 0.509201 -1.368979 
5.390564 -1.227898 2.705669 3.609774 -0.154722 0.509212 -1.368915 
5.390533 -1.227923 2.705635 3.609718 -0.154743 0.509217 -1.368856 
5.390520 -1.227901 2.705651 3.609715 -0.154780 0.509232 -1.368861 
5.390614 -1.227944 2.705658 3.609680 -0.154763 0.509229 -1.368835 
5.390626 -1.228012 2.705673 3.609717 -0.154795 0.509241 -1.368786 
5.390639 -1.228059 2.705632 3.609717 -0.154806 0.509314 -1.368808 
5.390623 -1.228088 2.705688 3.609700 -0.154766 0.509369 -1.368782 
5.390600 -1.228158 2.705742 3.609666 -0.154760 0.509382 -1.368800 
5.390600 -1.228183 2.705781 3.609663 -0.154727 0.509448 -1.368751 
5.390604 -1.228227 2.705804 3.609659 -0.154706 0.509524 -1.368715 
5.390598 -1.228309 2.705813 3.609635 -0.154717 0.509564 -1.368745 
5.390594 -1.228376 2.705859 3.609663 -0.154737 0.509564 -1.368700 
5.390624 -1.228435 2.705917 3.609638 -0.154742 0.509581 -1.368664 
5.390628 -1.228501 2.705945 3.609655 -0.154746 0.509632 -1.368620 
5.390635 -1.228573 2.705972 3.609661 -0.154750 0.509686 -1.368587 
5.390657 -1.228645 2.706011 3.609633 -0.154753 0.509728 -1.368572 
5.390645 -1.228707 2.706012 3.609663 -0.154755 0.509794 -1.368543 
5.390667 -1.228732 2.706053 3.609684 -0.154751 0.509824 -1.368467 
5.390658 -1.228796 2.706047 3.609681 -0.154705 0.509813 -1.368408 
5.390681 -1.228802 2.706056 3.609707 -0.154679 0.509810 -1.368429 
5.390635 -1.228815 2.706107 3.609692 -0.154748 0.509860 -1.368372 
5.390640 -1.228843 2.706145 3.609707 -0.154812 0.509901 -1.368330 
5.390624 -1.228839 2.706193 3.609695 -0.154822 0.509978 -1.368293 
5.390579 -1.228821 2.706223 3.609739 -0.154839 0.510024 -1.368244 
5.390571 -1.228819 2.706304 3.609715 -0.154861 0.510051 -1.368204 
5.390531 -1.228858 2.706343 3.609704 -0.154888 0.510117 -1.368208 
5.390522 -1.228863 2.706349 3.609668 -0.154916 0.510178 -1.368144 
5.390553 -1.228883 2.706397 3.609689 -0.154911 0.510249 -1.368114 
5.390570 -1.228841 2.706429 3.609689 -0.154960 0.510314 -1.368125 
5.390544 -1.228844 2.706476 3.609673 -0.154916 0.510375 -1.368090 
5.390550 -1.228898 2.706515 3.609697 -0.154962 0.510395 -1.368040 
5.390589 -1.228963 2.706552 3.609667 -0.154993 0.510418 -1.368020 
5.390598 -1.229023 2.706555 3.609697 -0.155028 0.510469 -1.367982 
5.390640 -1.229035 2.706595 3.609711 -0.155053 0.510472 -1.367906 
5.390644 -1.229082 2.706668 3.609754 -0.155073 0.510478 -1.367913 
5.390604 -1.229116 2.706697 3.609727 -0.155135 0.510485 -1.367870 
5.390614 -1.229087 2.706706 3.609725 -0.155158 0.510513 -1.367884 
5.390644 -1.229167 2.706724 3.609730 -0.155100 0.510538 -1.367837 
5.390691 -1.229222 2.706748 3.609738 -0.155072 0.510586 -1.367805 
5.390716 -1.229306 2.706756 3.609745 -0.155058 0.510584 -1.367760 
5.390682 -1.229305 2.706779 3.609787 -0.155013 0.510628 -1.367710 
5.390688 -1.229307 2.706849 3.609747 -0.154960 0.510631 -1.367686 
5.390647 -1.229358 2.706845 3.609735 -0.154932 0.510685 -1.367730 
5.390641 -1.229353 2.706822 3.609703 -0.154938 0.510700 -1.367704 
5.390683 -1.229350 2.706785 3.609727 -0.154863 0.510716 -1.367685 
5.390669 -1.229348 2.706834 3.609706 -0.154955 0.510734 -1.367708 
5.390641 -1.229371 2.706889 3.609725 -0.155006 0.510764 -1.367664 
5.390594 -1.229313 2.706934 3.609733 -0.155033 0.510804 -1.367665 
5.390594 -1.229318 2.706945 3.609703 -0.155058 0.510788 -1.367688 
5.390604 -1.229368 2.706994 3.609711 -0.155105 0.510817 -1.367645 
5.390610 -1.229400 2.707053 3.609717 -0.155153 0.510859 -1.367607 
5.390610 -1.229402 2.707117 3.609685 -0.155217 0.510886 -1.367616 
5.390558 -1.229431 2.707105 3.609654 -0.155233 0.510878 -1.367545 
5.390537 -1.229456 2.707099 3.609650 -0.155222 0.510904 -1.367568 
5.390528 -1.229475 2.707053 3.609700 -0.155291 0.510915 -1.367576 
5.390509 -1.229457 2.707122 3.609674 -0.155218 0.510882 -1.367576 
5.390571 -1.229530 2.707137 3.609637 -0.155184 0.510908 -1.367550 
5.390567 -1.229531 2.707176 3.609642 -0.155134 0.510973 -1.367509 
5.390564 -1.229556 2.707218 3.609606 -0.155072 0.511017 -1.367486 
5.390579 -1.229604 2.707225 3.609661 -0.155082 0.511072 -1.367450 
5.390602 -1.229591 2.707248 3.609662 -0.155088 0.511045 -1.367360 
5.390593 -1.229597 2.707214 3.609674 -0.155058 0.511034 -1.367350 
5.390674 -1.229568 2.707285 3.609703 -0.155060 0.511057 -1.367374 
5.390577 -1.229600 2.707275 3.609685 -0.155081 0.511023 -1.367366 
5.390532 -1.229580 2.707311 3.609703 -0.155108 0.511084 -1.367327 
5.390528 -1.229647 2.707358 3.609696 -0.155149 0.511106 -1.367293 
5.390526 -1.229696 2.707386 3.609718 -0.155222 0.511117 -1.367263 
5.390512 -1.229740 2.707451 3.609671 -0.155218 0.511141 -1.367233 
5.390473 -1.229739 2.707514 3.609654 -0.155247 0.511181 -1.367191 
5.390447 -1.229795 2.707522 3.609674 -0.155220 0.511227 -1.367136 
5.390416 -1.229844 2.707543 3.609678 -0.155223 0.511296 -1.367175 
5.390474 -1.229846 2.707600 3.609717 -0.155203 0.511333 -1.367162 
5.390513 -1.229851 2.707572 3.609677 -0.155223 0.511399 -1.367126 
5.390507 -1.229905 2.707618 3.609682 -0.155214 0.511447 -1.367076 
5.390505 -1.229958 2.707673 3.609680 -0.155217 0.511507 -1.367056 
5.390482 -1.229978 2.707720 3.609700 -0.155226 0.511577 -1.367015 
5.390474 -1.230011 2.707766 3.609680 -0.155177 0.511634 -1.366990 
5.390490 -1.230077 2.707775 3.609724 -0.155226 0.511656 -1.366968 
5.390509 -1.230114 2.707821 3.609730 -0.155291 0.511655 -1.366926 
5.390530 -1.230154 2.707836 3.609754 -0.155356 0.511709 -1.366936 
5.390550 -1.230179 2.707814 3.609794 -0.155368 0.511720 -1.366855 
5.390479 -1.230226 2.707788 3.609765 -0.155399 0.511716 -1.366839 
5.390520 -1.230160 2.707831 3.609824 -0.155371 0.511725 -1.366853 
5.390538 -1.230226 2.707872 3.609871 -0.155369 0.511687 -1.366856 
5.390557 -1.230242 2.707940 3.609857 -0.155383 0.511722 -1.366801 
5.390589 -1.230245 2.707995 3.609857 -0.155437 0.511730 -1.366746 
5.390597 -1.230286 2.708026 3.609868 -0.155399 0.511802 -1.366720 
5.390599 -1.230316 2.708064 3.609868 -0.155341 0.511845 -1.366672 
5.390600 -1.230349 2.708123 3.609854 -0.155332 0.511910 -1.366703 
5.390623 -1.230402 2.708116 3.609908 -0.155322 0.511965 -1.366679 
5.390641 -1.230428 2.708169 3.609910 -0.155309 0.512016 -1.366620 
5.390648 -1.230491 2.708225 3.609936 -0.155266 0.512000 -1.366611 
5.390590 -1.230459 2.708259 3.609993 -0.155252 0.512030 -1.366602 
5.390683 -1.230465 2.708234 3.609949 -0.155250 0.512000 -1.366622 
5.390626 -1.230555 2.708214 3.609899 -0.155240 0.512048 -1.366579 
5.390630 -1.230605 2.708249 3.609906 -0.155316 0.512058 -1.366561 
5.390634 -1.230643 2.708254 3.609926 -0.155367 0.512037 -1.366491 
5.390617 -1.230660 2.708325 3.609876 -0.155410 0.512031 -1.366484 
5.390610 -1.230729 2.708324 3.609905 -0.155466 0.512045 -1.366518 
5.390595 -1.230642 2.708298 3.609862 -0.155436 0.512040 -1.366483 
5.390679 -1.230641 2.708345 3.609877 -0.155431 0.512096 -1.366457 
5.390688 -1.230682 2.708362 3.609846 -0.155398 0.512131 -1.366388 
5.390760 -1.230703 2.708364 3.609799 -0.155401 0.512107 -1.366347 
5.390754 -1.230697 2.708370 3.609827 -0.155417 0.512089 -1.366315 
5.390755 -1.230695 2.708434 3.609832 -0.155389 0.512135 -1.366261 
5.390776 -1.230702 2.708436 3.609867 -0.155338 0.512186 -1.366205 
5.390770 -1.230769 2.708484 3.609874 -0.155380 0.512221 -1.366195 
5.390744 -1.230794 2.708525 3.609846 -0.155427 0.512269 -1.366153 
5.390716 -1.230855 2.708594 3.609839 -0.155424 0.512269 -1.366128 
5.390739 -1.230871 2.708671 3.609855 -0.155464 0.512306 -1.366126 
5.390726 -1.230913 2.708680 3.609896 -0.155523 0.512297 -1.366073 
5.390762 -1.230982 2.708693 3.609847 -0.155538 0.512330 -1.366063 
5.390708 -1.231020 2.708712 3.609863 -0.155546 0.512394 -1.366092 
5.390686 -1.231031 2.708772 3.609854 -0.155534 0.512449 -1.366042 
5.390662 -1.231043 2.708834 3.609843 -0.155523 0.512503 -1.365993 
5.390625 -1.231062 2.708898 3.609829 -0.155527 0.512557 -1.365962 
5.390633 -1.231098 2.708939 3.609869 -0.155482 0.512607 -1.365933 
5.390646 -1.231072 2.708923 3.609873 -0.155506 0.512692 -1.365900 
5.390591 -1.231101 2.708887 3.609848 -0.155467 0.512706 -1.365849 
5.390663 -1.231075 2.708924 3.609840 -0.155484 0.512706 -1.365920 
5.390602 -1.231002 2.708949 3.609897 -0.155463 0.512703 -1.365911 
5.390667 -1.231055 2.708936 3.609860 -0.155498 0.512675 -1.365866 
5.390652 -1.231137 2.708962 3.609886 -0.155557 0.512712 -1.365868 
5.390689 -1.231203 2.708956 3.609931 -0.155586 0.512728 -1.365835 
5.390679 -1.231235 2.708960 3.609908 -0.155674 0.512730 -1.365812 
5.390692 -1.231179 2.708954 3.609937 -0.155592 0.512769 -1.365824 
5.390673 -1.231205 2.709031 3.609979 -0.155571 0.512796 -1.365809 
5.390715 -1.231248 2.709057 3.609931 -0.155545 0.512842 -1.365830 
5.390742 -1.231233 2.709074 3.609944 -0.155563 0.512835 -1.365857 
5.390687 -1.231297 2.709049 3.609978 -0.155529 0.512895 -1.365868 
5.390719 -1.231325 2.709086 3.610009 -0.155488 0.512924 -1.365811 
5.390678 -1.231318 2.709157 3.609990 -0.155449 0.512961 -1.365807 
5.390717 -1.231319 2.709086 3.610005 -0.155524 0.512954 -1.365795 
5.390711 -1.231392 2.709113 3.609999 -0.155579 0.512938 -1.365772 
5.390728 -1.231452 2.709109 3.609991 -0.155637 0.512972 -1.365731 
5.390683 -1.231467 2.709184 3.609971 -0.155664 0.512999 -1.365715 
5.390643 -1.231463 2.709188 3.610037 -0.155705 0.512979 -1.365670 
5.390688 -1.231478 2.709191 3.610000 -0.155669 0.513017 -1.365749 
5.390751 -1.231454 2.709245 3.609993 -0.155714 0.512993 -1.365745 
5.390673 -1.231463 2.709174 3.609984 -0.155702 0.513015 -1.365769 
5.390681 -1.231563 2.709230 3.609994 -0.155643 0.513013 -1.365728 
5.390688 -1.231581 2.709257 3.609998 -0.155615 0.513089 -1.365679 
5.390668 -1.231585 2.709318 3.610007 -0.155552 0.513124 -1.365652 
5.390714 -1.231635 2.709294 3.610027 -0.155528 0.513162 -1.365604 
5.390684 -1.231673 2.709313 3.609989 -0.155565 0.513226 -1.365587 
5.390657 -1.231760 2.709345 3.609961 -0.155573 0.513229 -1.365581 
5.390624 -1.231810 2.709346 3.609983 -0.155577 0.513294 -1.365621 
5.390664 -1.231835 2.709416 3.609979 -0.155621 0.513324 -1.365619 
5.390684 -1.231876 2.709464 3.609926 -0.155640 0.513373 -1.365612 
5.390663 -1.231910 2.709511 3.609945 -0.155693 0.513398 -1.365562 
5.390693 -1.231977 2.709555 3.609971 -0.155715 0.513419 -1.365531 
5.390662 -1.231982 2.709647 3.609982 -0.155694 0.513426 -1.365530 
5.390642 -1.232017 2.709717 3.609979 -0.155752 0.513430 -1.365538 
5.390659 -1.231990 2.709755 3.610005 -0.155752 0.513504 -1.365500 
5.390693 -1.231966 2.709798 3.609983 -0.155752 0.513485 -1.365426 
5.390663 -1.231991 2.709824 3.609984 -0.155725 0.513544 -1.365365 
5.390647 -1.231989 2.709858 3.610054 -0.155717 0.513568 -1.365310 
5.390671 -1.232005 2.709912 3.610053 -0.155681 0.513634 -1.365284 
5.390616 -1.231950 2.709937 3.610034 -0.155689 0.513678 -1.365254 
5.390666 -1.232025 2.709935 3.610050 -0.155720 0.513634 -1.365289 
5.390693 -1.232060 2.709906 3.610053 -0.155774 0.513676 -1.365240 
5.390672 -1.232137 2.709942 3.610050 -0.155790 0.513669 -1.365195 
5.390633 -1.232187 2.709930 3.610085 -0.155798 0.513723 -1.365236 
5.390635 -1.232175 2.709941 3.610131 -0.155804 0.513715 -1.365225 
5.390665 -1.232222 2.709994 3.610137 -0.155862 0.513738 -1.365213 
5.390624 -1.232248 2.709966 3.610142 -0.155933 0.513699 -1.365199 
5.390693 -1.232246 2.709979 3.610147 -0.155853 0.513716 -1.365228 
5.390677 -1.232240 2.710016 3.610146 -0.155814 0.513798 -1.365158 
5.390661 -1.232255 2.710095 3.610149 -0.155760 0.513815 -1.365159 
5.390701 -1.232229 2.710115 3.610160 -0.155742 0.513898 -1.365152 
5.390676 -1.232250 2.710101 3.610178 -0.155744 0.513920 -1.365173 
5.390646 -1.232290 2.710113 3.610182 -0.155729 0.513942 -1.365092 
5.390698 -1.232354 2.710102 3.610207 -0.155682 0.513930 -1.365084 
5.390645 -1.232276 2.710122 3.610227 -0.155736 0.513930 -1.365084 
5.390638 -1.232321 2.710188 3.610230 -0.155784 0.513950 -1.365058 
5.390626 -1.232366 2.710256 3.610233 -0.155828 0.513971 -1.365029 
5.390607 -1.232396 2.710325 3.610267 -0.155863 0.513985 -1.364991 
5.390607 -1.232451 2.710361 3.610206 -0.155894 0.514015 -1.364987 
5.390634 -1.232466 2.710324 3.610222 -0.155970 0.514031 -1.364949 
5.390622 -1.232440 2.710366 3.610216 -0.155888 0.514059 -1.364998 
5.390586 -1.232481 2.710366 3.610251 -0.155911 0.514068 -1.365069 
5.390599 -1.232406 2.710371 3.610203 -0.155912 0.514062 -1.365005 
5.390688 -1.232434 2.710432 3.610219 -0.155901 0.514038 -1.365023 
5.390669 -1.232438 2.710461 3.610244 -0.155901 0.514043 -1.364997 
5.390664 -1.232470 2.710515 3.610239 -0.155858 0.514096 -1.364960 
5.390664 -1.232480 2.710562 3.610272 -0.155800 0.514139 -1.364922 
5.390686 -1.232526 2.710568 3.610265 -0.155857 0.514183 -1.364875 
5.390656 -1.232595 2.710597 3.610276 -0.155882 0.514216 -1.364915 
5.390641 -1.232656 2.710633 3.610234 -0.155897 0.514199 -1.364866 
5.390613 -1.232629 2.710677 3.610194 -0.155938 0.514256 -1.364856 
5.390673 -1.232670 2.710689 3.610146 -0.155933 0.514301 -1.364868 
5.390630 -1.232698 2.710629 3.610121 -0.155917 0.514348 -1.364844 
5.390631 -1.232699 2.710650 3.610143 -0.155887 0.514367 -1.364825 
5.390642 -1.232748 2.710682 3.610167 -0.155924 0.514417 -1.364781 
5.390644 -1.232803 2.710729 3.610178 -0.155947 0.514469 -1.364743 
5.390645 -1.232859 2.710774 3.610190 -0.155971 0.514522 -1.364706 
5.390646 -1.232914 2.710821 3.610202 -0.155992 0.514574 -1.364669 
5.390650 -1.232968 2.710827 3.610207 -0.156050 0.514621 -1.364631 
5.390632 -1.233017 2.710881 3.610208 -0.156025 0.514676 -1.364602 
5.390611 -1.233066 2.710931 3.610207 -0.156002 0.514733 -1.364572 
5.390596 -1.233125 2.710964 3.610206 -0.156009 0.514794 -1.364535 
5.390580 -1.233185 2.710996 3.610205 -0.156015 0.514855 -1.364498 
5.390593 -1.233224 2.711072 3.610227 -0.156024 0.514890 -1.364472 
5.390611 -1.233235 2.711111 3.610227 -0.156003 0.514935 -1.364396 
5.390617 -1.233249 2.711139 3.610272 -0.155992 0.515017 -1.364400 
5.390636 -1.233328 2.711139 3.610305 -0.155956 0.514996 -1.364376 
5.390564 -1.233331 2.711168 3.610347 -0.155969 0.514986 -1.364332 
5.390541 -1.233378 2.711239 3.610320 -0.155973 0.515007 -1.364299 
5.390547 -1.233421 2.711275 3.610323 -0.156034 0.515028 -1.364247 
5.390554 -1.233464 2.711322 3.610326 -0.156086 0.515046 -1.364195 
5.390524 -1.233513 2.711387 3.610292 -0.156087 0.515070 -1.364167 
5.390503 -1.233524 2.711461 3.610326 -0.156099 0.515064 -1.364115 
5.390455 -1.233560 2.711469 3.610334 -0.156123 0.515094 -1.364046 
5.390410 -1.233613 2.711501 3.610362 -0.156176 0.515092 -1.364068 
5.390461 -1.233587 2.711459 3.610331 -0.156112 0.515056 -1.364035 
5.390429 -1.233514 2.711487 3.610278 -0.156169 0.515069 -1.364014 
5.390494 -1.233571 2.711470 3.610331 -0.156150 0.515102 -1.364037 
5.390494 -1.233576 2.711510 3.610344 -0.156113 0.515166 -1.363986 
5.390492 -1.233553 2.711518 3.610406 -0.156099 0.515209 -1.363926 
5.390480 -1.233579 2.711513 3.610378 -0.156070 0.515291 -1.363896 
5.390506 -1.233567 2.711595 3.610387 -0.156029 0.515315 -1.363897 
5.390494 -1.233609 2.711500 3.610399 -0.156045 0.515284 -1.363904 
5.390467 -1.233605 2.711528 3.610351 -0.156063 0.515249 -1.363817 
5.390505 -1.233616 2.711530 3.610349 -0.156091 0.515257 -1.363809 
5.390459 -1.233670 2.711568 3.610379 -0.156140 0.515269 -1.363818 
5.390457 -1.233652 2.711561 3.610417 -0.156142 0.515278 -1.363793 
5.390453 -1.233695 2.711574 3.610414 -0.156211 0.515305 -1.363742 
5.390467 -1.233693 2.711605 3.610441 -0.156271 0.515238 -1.363739 
5.390456 -1.233673 2.711615 3.610406 -0.156208 0.515319 -1.363738 
5.390486 -1.233729 2.711659 3.610430 -0.156166 0.515355 -1.363719 
5.390500 -1.233738 2.711679 3.610446 -0.156183 0.515444 -1.363749 
5.390444 -1.233761 2.711719 3.610439 -0.156154 0.515490 -1.363707 
5.390491 -1.233760 2.711728 3.610403 -0.156134 0.515539 -1.363647 
5.390497 -1.233792 2.711812 3.610433 -0.156142 0.515558 -1.363624 
5.390494 -1.233870 2.711836 3.610461 -0.156164 0.515588 -1.363591 
5.390492 -1.233938 2.711863 3.610505 -0.156178 0.515621 -1.363552 
5.390494 -1.233987 2.711928 3.610544 -0.156189 0.515648 -1.363520 
5.390505 -1.234038 2.711963 3.610581 -0.156191 0.515691 -1.363468 
5.390513 -1.234063 2.712050 3.610610 -0.156197 0.515711 -1.363445 
5.390516 -1.234143 2.712098 3.610607 -0.156211 0.515739 -1.363427 
5.390479 -1.234206 2.712146 3.610632 -0.156196 0.515775 -1.363410 
5.390458 -1.234232 2.712180 3.610631 -0.156267 0.515801 -1.363366 
5.390450 -1.234268 2.712201 3.610628 -0.156263 0.515740 -1.363299 
5.390451 -1.234281 2.712193 3.610663 -0.156281 0.515722 -1.363318 
5.390465 -1.234300 2.712250 3.610600 -0.156276 0.515800 -1.363257 
5.390427 -1.234310 2.712298 3.610598 -0.156273 0.515862 -1.363209 
5.390396 -1.234333 2.712369 3.610553 -0.156289 0.515895 -1.363201 
5.390371 -1.234384 2.712350 3.610522 -0.156297 0.515953 -1.363157 
5.390380 -1.234375 2.712391 3.610511 -0.156318 0.516011 -1.363091 
5.390392 -1.234405 2.712440 3.610511 -0.156277 0.516068 -1.363053 
5.390389 -1.234451 2.712473 3.610566 -0.156330 0.516098 -1.363045 
5.390359 -1.234480 2.712517 3.610594 -0.156365 0.516136 -1.362992 
5.390375 -1.234522 2.712569 3.610581 -0.156419 0.516180 -1.362976 
5.390352 -1.234505 2.712580 3.610610 -0.156439 0.516267 -1.362989 
5.390385 -1.234534 2.712579 3.610654 -0.156467 0.516308 -1.362928 
5.390406 -1.234507 2.712657 3.610700 -0.156482 0.516309 -1.362912 
5.390381 -1.234574 2.712698 3.610738 -0.156496 0.516345 -1.362892 
5.390350 -1.234616 2.712727 3.610772 -0.156557 0.516371 -1.362862 
5.390348 -1.234636 2.712769 3.610750 -0.156509 0.516422 -1.362813 
5.390372 -1.234678 2.712812 3.610749 -0.156465 0.516481 -1.362793 
5.390388 -1.234650 2.712868 3.610730 -0.156454 0.516522 -1.362733 
5.390346 -1.234656 2.712865 3.610780 -0.156392 0.516534 -1.362694 
5.390411 -1.234669 2.712863 3.610731 -0.156454 0.516494 -1.362705 
5.390381 -1.234711 2.712923 3.610685 -0.156434 0.516460 -1.362710 
5.390375 -1.234756 2.712888 3.610622 -0.156432 0.516498 -1.362676 
5.390407 -1.234825 2.712935 3.610631 -0.156458 0.516529 -1.362657 
5.390470 -1.234879 2.712976 3.610614 -0.156437 0.516554 -1.362651 
5.390483 -1.234936 2.713024 3.610606 -0.156481 0.516568 -1.362605 
5.390491 -1.235030 2.713035 3.610616 -0.156511 0.516568 -1.362611 
5.390486 -1.235021 2.713081 3.610583 -0.156549 0.516632 -1.362645 
5.390452 -1.235039 2.713121 3.610612 -0.156512 0.516685 -1.362603 
5.390475 -1.235043 2.713131 3.610649 -0.156520 0.516755 -1.362549 
5.390481 -1.235041 2.713213 3.610702 -0.156516 0.516765 -1.362530 
5.390464 -1.235065 2.713257 3.610686 -0.156495 0.516815 -1.362466 
5.390449 -1.235113 2.713280 3.610721 -0.156465 0.516884 -1.362460 
5.390378 -1.235107 2.713283 3.610748 -0.156515 0.516898 -1.362422 
5.390350 -1.235039 2.713298 3.610760 -0.156482 0.516945 -1.362393 
5.390375 -1.235114 2.713266 3.610769 -0.156490 0.516875 -1.362398 
5.390394 -1.235163 2.713315 3.610749 -0.156568 0.516910 -1.362371 
5.390346 -1.235220 2.713373 3.610725 -0.156574 0.516889 -1.362365 
5.390324 -1.235267 2.713323 3.610674 -0.156591 0.516923 -1.362337 
5.390321 -1.235290 2.713322 3.610702 -0.156579 0.516950 -1.362356 
5.390315 -1.235348 2.713338 3.610743 -0.156646 0.516957 -1.362354 
5.390289 -1.235267 2.713327 3.610714 -0.156585 0.516969 -1.362335 
5.390312 -1.235282 2.713379 3.610703 -0.156551 0.517025 -1.362289 
5.390299 -1.235268 2.713423 3.610662 -0.156563 0.517089 -1.362331 
5.390268 -1.235287 2.713443 3.610653 -0.156546 0.517069 -1.362334 
5.390254 -1.235304 2.713467 3.610665 -0.156490 0.517129 -1.362289 
5.390256 -1.235349 2.713515 3.610690 -0.156555 0.517137 -1.362261 
5.390278 -1.235319 2.713587 3.610745 -0.156551 0.517119 -1.362273 
5.390258 -1.235287 2.713592 3.610735 -0.156563 0.517114 -1.362245 
5.390314 -1.235370 2.713635 3.610712 -0.156589 0.517116 -1.362236 
5.390295 -1.235426 2.713666 3.610736 -0.156653 0.517138 -1.362219 
5.390309 -1.235480 2.713715 3.610732 -0.156652 0.517178 -1.362166 
5.390308 -1.235544 2.713774 3.610720 -0.156650 0.517199 -1.362122 
5.390335 -1.235590 2.713832 3.610724 -0.156660 0.517236 -1.362074 
5.390346 -1.235648 2.713896 3.610725 -0.156679 0.517258 -1.362034 
5.390302 -1.235681 2.713870 3.610760 -0.156682 0.517324 -1.362006 
5.390316 -1.235712 2.713842 3.610801 -0.156670 0.517273 -1.361946 
5.390323 -1.235711 2.713860 3.610767 -0.156670 0.517328 -1.362035 
5.390310 -1.235715 2.713868 3.610708 -0.156694 0.517379 -1.361951 
5.390300 -1.235731 2.713917 3.610711 -0.156652 0.517438 -1.361907 
5.390304 -1.235747 2.713962 3.610725 -0.156652 0.517509 -1.361858 
5.390264 -1.235789 2.714010 3.610712 -0.156633 0.517556 -1.361817 
5.390266 -1.235780 2.714013 3.610708 -0.156587 0.517630 -1.361769 
5.390260 -1.235771 2.714025 3.610689 -0.156639 0.517576 -1.361848 
5.390316 -1.235803 2.714078 3.610686 -0.156629 0.517524 -1.361792 
5.390294 -1.235768 2.714089 3.610686 -0.156638 0.517512 -1.361771 
5.390302 -1.235814 2.714138 3.610759 -0.156615 0.517522 -1.361815 
5.390317 -1.235816 2.714140 3.610771 -0.156656 0.517542 -1.361805 
5.390298 -1.235874 2.714177 3.610770 -0.156722 0.517546 -1.361780 
5.390339 -1.235895 2.714207 3.610802 -0.156797 0.517543 -1.361761 
5.390290 -1.235877 2.714175 3.610773 -0.156730 0.517506 -1.361808 
5.390265 -1.235917 2.714233 3.610779 -0.156691 0.517583 -1.361741 
5.390270 -1.235950 2.714284 3.610798 -0.156701 0.517635 -1.361686 
5.390261 -1.235995 2.714344 3.610819 -0.156706 0.517674 -1.361639 
5.390261 -1.236040 2.714398 3.610837 -0.156736 0.517712 -1.361590 
5.390256 -1.236086 2.714456 3.610857 -0.156754 0.517750 -1.361542 
5.390247 -1.236136 2.714515 3.610874 -0.156778 0.517783 -1.361496 
5.390269 -1.236125 2.714544 3.610900 -0.156726 0.517841 -1.361454 
5.390318 -1.236115 2.714567 3.610958 -0.156779 0.517865 -1.361447 
5.390390 -1.236174 2.714565 3.610927 -0.156768 0.517876 -1.361458 
5.390390 -1.236156 2.714594 3.610902 -0.156775 0.517890 -1.361480 
5.390369 -1.236179 2.714558 3.610900 -0.156802 0.517973 -1.361485 
5.390379 -1.236163 2.714548 3.610874 -0.156818 0.517972 -1.361451 
5.390387 -1.236203 2.714602 3.610889 -0.156838 0.518025 -1.361407 
5.390392 -1.236246 2.714657 3.610902 -0.156858 0.518075 -1.361362 
5.390401 -1.236285 2.714710 3.610913 -0.156880 0.518127 -1.361313 
5.390396 -1.236339 2.714770 3.610940 -0.156891 0.518171 -1.361289 
5.390406 -1.236374 2.714831 3.610945 -0.156912 0.518204 -1.361231 
5.390413 -1.236415 2.714885 3.610956 -0.156933 0.518254 -1.361183 
5.390412 -1.236464 2.714935 3.610978 -0.156950 0.518312 -1.361153 
5.390419 -1.236503 2.714984 3.610987 -0.156974 0.518367 -1.361104 
5.390408 -1.236543 2.714988 3.611008 -0.156991 0.518454 -1.361107 
5.390383 -1.236600 2.715007 3.611001 -0.157065 0.518440 -1.361112 
5.390430 -1.236573 2.714982 3.610981 -0.156974 0.518453 -1.361113 
5.390363 -1.236591 2.715001 3.610953 -0.156924 0.518473 -1.361080 
5.390383 -1.236588 2.715077 3.610940 -0.156896 0.518526 -1.361091 
5.390402 -1.236635 2.715080 3.610992 -0.156854 0.518546 -1.361040 
5.390420 -1.236622 2.715058 3.610951 -0.156863 0.518604 -1.360977 
5.390409 -1.236631 2.715037 3.610961 -0.156864 0.518637 -1.361003 
5.390424 -1.236631 2.715091 3.610925 -0.156782 0.518597 -1.360939 
5.390429 -1.236663 2.715060 3.610927 -0.156873 0.518600 -1.360984 
5.390395 -1.236703 2.715105 3.610940 -0.156938 0.518610 -1.360957 
5.390453 -1.236738 2.715132 3.610959 -0.157004 0.518615 -1.360952 
5.390425 -1.236781 2.715084 3.610966 -0.157048 0.518576 -1.360913 
5.390446 -1.236714 2.715127 3.610934 -0.157033 0.518609 -1.360971 
5.390437 -1.236793 2.715206 3.610940 -0.156995 0.518640 -1.360937 
5.390444 -1.236753 2.715255 3.610950 -0.156998 0.518632 -1.360861 
5.390440 -1.236754 2.715274 3.610965 -0.156993 0.518592 -1.360878 
5.390414 -1.236765 2.715298 3.611011 -0.157012 0.518688 -1.360857 
5.390442 -1.236811 2.715358 3.611022 -0.156992 0.518732 -1.360825 
5.390419 -1.236842 2.715410 3.611024 -0.156941 0.518775 -1.360789 
5.390418 -1.236912 2.715416 3.611040 -0.156986 0.518770 -1.360737 
5.390436 -1.236964 2.715464 3.611040 -0.157042 0.518792 -1.360705 
5.390475 -1.237015 2.715467 3.611094 -0.157053 0.518807 -1.360654 
5.390412 -1.237036 2.715479 3.611132 -0.157105 0.518828 -1.360622 
5.390405 -1.237115 2.715462 3.611132 -0.157104 0.518852 -1.360676 
5.390409 -1.237041 2.715506 3.611153 -0.157099 0.518795 -1.360637 
5.390417 -1.237089 2.715489 3.611089 -0.157121 0.518808 -1.360555 
5.390454 -1.237087 2.715454 3.611096 -0.157202 0.518780 -1.360564 
5.390433 -1.237085 2.715526 3.611078 -0.157137 0.518829 -1.360564 
5.390418 -1.237101 2.715565 3.611088 -0.157076 0.518882 -1.360525 
5.390357 -1.237098 2.715604 3.611043 -0.157034 0.518911 -1.360517 
5.390370 -1.237120 2.715636 3.611074 -0.156993 0.518968 -1.360468 
5.390395 -1.237117 2.715705 3.611048 -0.157034 0.519015 -1.360474 
5.390459 -1.237114 2.715715 3.611001 -0.156977 0.519008 -1.360491 
5.390398 -1.237078 2.715715 3.611050 -0.157034 0.519000 -1.360449 
5.390383 -1.237148 2.715774 3.611084 -0.157024 0.518966 -1.360493 
5.390380 -1.237122 2.715775 3.611106 -0.157012 0.518982 -1.360524 
5.390351 -1.237203 2.715821 3.611081 -0.157060 0.518991 -1.360452 
5.390345 -1.237267 2.715879 3.611056 -0.157073 0.519011 -1.360415 
5.390313 -1.237317 2.715938 3.611062 -0.157101 0.519051 -1.360390 
5.390303 -1.237373 2.716015 3.611058 -0.157104 0.519076 -1.360377 
5.390259 -1.237403 2.716070 3.611087 -0.157134 0.519124 -1.360370 
5.390288 -1.237466 2.716117 3.611107 -0.157171 0.519136 -1.360339 
5.390244 -1.237506 2.716175 3.611056 -0.157197 0.519133 -1.360339 
5.390236 -1.237542 2.716151 3.611060 -0.157188 0.519136 -1.360361 
5.390220 -1.237521 2.716197 3.611080 -0.157142 0.519142 -1.360268 
5.390234 -1.237525 2.716219 3.611064 -0.157105 0.519220 -1.360227 
5.390235 -1.237532 2.716281 3.611099 -0.157047 0.519248 -1.360197 
5.390207 -1.237538 2.716268 3.611108 -0.157056 0.519287 -1.360111 
5.390252 -1.237561 2.716266 3.611060 -0.157015 0.519261 -1.360058 
5.390182 -1.237555 2.716295 3.611080 -0.157067 0.519284 -1.360114 
5.390122 -1.237511 2.716283 3.611045 -0.157013 0.519298 -1.360114 
5.390170 -1.237593 2.716275 3.611088 -0.157050 0.519289 -1.360125 
5.390206 -1.237596 2.716341 3.611075 -0.157108 0.519346 -1.360100 
5.390200 -1.237643 2.716398 3.611106 -0.157154 0.519341 -1.360062 
5.390203 -1.237676 2.716380 3.611078 -0.157240 0.519350 -1.360043 
5.390227 -1.237653 2.716407 3.611105 -0.157161 0.519319 -1.360095 
5.390183 -1.237661 2.716474 3.611117 -0.157137 0.519392 -1.360040 
5.390163 -1.237693 2.716525 3.611109 -0.157172 0.519446 -1.360000 
5.390164 -1.237734 2.716599 3.611105 -0.157202 0.519489 -1.359988 
5.390139 -1.237763 2.716621 3.611089 -0.157256 0.519539 -1.359938 
5.390151 -1.237775 2.716663 3.611149 -0.157275 0.519599 -1.359920 
5.390199 -1.237809 2.716700 3.611143 -0.157252 0.519620 -1.359855 
5.390216 -1.237816 2.716776 3.611147 -0.157257 0.519645 -1.359799 
5.390216 -1.237884 2.716823 3.611161 -0.157239 0.519681 -1.359760 
5.390238 -1.237923 2.716867 3.611150 -0.157221 0.519750 -1.359732 
5.390270 -1.237990 2.716910 3.611171 -0.157245 0.519759 -1.359693 
5.390283 -1.238043 2.716945 3.611202 -0.157246 0.519781 -1.359627 
5.390323 -1.238063 2.717014 3.611207 -0.157274 0.519797 -1.359580 
5.390371 -1.238121 2.717040 3.611209 -0.157288 0.519849 -1.359552 
5.390410 -1.238163 2.717103 3.611247 -0.157250 0.519845 -1.359550 
5.390407 -1.238228 2.717148 3.611204 -0.157256 0.519836 -1.359508 
5.390378 -1.238271 2.717203 3.611232 -0.157300 0.519873 -1.359505 
5.390406 -1.238325 2.717240 3.611256 -0.157342 0.519877 -1.359454 
5.390396 -1.238323 2.717292 3.611242 -0.157312 0.519941 -1.359411 
5.390401 -1.238327 2.717360 3.611213 -0.157297 0.520003 -1.359390 
5.390367 -1.238371 2.717361 3.611225 -0.157249 0.520057 -1.359351 
5.390323 -1.238339 2.717422 3.611238 -0.157236 0.520034 -1.359301 
5.390303 -1.238345 2.717410 3.611203 -0.157256 0.520032 -1.359286 
5.390303 -1.238298 2.717395 3.611225 -0.157292 0.520099 -1.359248 
5.390333 -1.238317 2.717397 3.611230 -0.157303 0.520087 -1.359216 
5.390370 -1.238283 2.717382 3.611184 -0.157245 0.520091 -1.359174 
5.390346 -1.238322 2.717433 3.611209 -0.157309 0.520108 -1.359227 
5.390336 -1.238382 2.717475 3.611225 -0.157360 0.520131 -1.359192 
5.390347 -1.238401 2.717522 3.611234 -0.157442 0.520122 -1.359173 
5.390349 -1.238416 2.717492 3.611204 -0.157461 0.520129 -1.359180 
5.390383 -1.238451 2.717531 3.611292 -0.157427 0.520169 -1.359187 
5.390372 -1.238491 2.717571 3.611294 -0.157391 0.520206 -1.359123 
5.390307 -1.238491 2.717597 3.611319 -0.157394 0.520273 -1.359125 
5.390271 -1.238561 2.717640 3.611320 -0.157363 0.520247 -1.359145 
5.390240 -1.238588 2.717605 3.611381 -0.157362 0.520231 -1.359088 
5.390244 -1.238561 2.717631 3.611406 -0.157348 0.520216 -1.359087 
5.390256 -1.238594 2.717679 3.611413 -0.157315 0.520274 -1.359041 
5.390285 -1.238637 2.717699 3.611469 -0.157303 0.520331 -1.359062 
5.390277 -1.238668 2.717768 3.611478 -0.157336 0.520363 -1.359018 
5.390270 -1.238700 2.717837 3.611486 -0.157372 0.520393 -1.358975 
5.390267 -1.238735 2.717906 3.611501 -0.157402 0.520430 -1.358935 
5.390260 -1.238768 2.717975 3.611511 -0.157433 0.520465 -1.358893 
5.390267 -1.238809 2.718039 3.611540 -0.157461 0.520509 -1.358867 
5.390244 -1.238826 2.718105 3.611525 -0.157488 0.520527 -1.358808 
5.390251 -1.238861 2.718162 3.611534 -0.157474 0.520581 -1.358760 
5.390256 -1.238889 2.718228 3.611550 -0.157462 0.520629 -1.358714 
5.390263 -1.238954 2.718248 3.611537 -0.157486 0.520689 -1.358682 
5.390260 -1.238999 2.718306 3.611540 -0.157511 0.520735 -1.358639 
5.390251 -1.239041 2.718364 3.611539 -0.157548 0.520774 -1.358596 
5.390262 -1.239091 2.718411 3.611549 -0.157548 0.520834 -1.358558 
5.390258 -1.239131 2.718473 3.611555 -0.157575 0.520877 -1.358514 
5.390272 -1.239177 2.718521 3.611569 -0.157566 0.520938 -1.358478 
5.390282 -1.239222 2.718575 3.611582 -0.157566 0.520996 -1.358438 
5.390285 -1.239266 2.718633 3.611592 -0.157578 0.521048 -1.358396 
5.390256 -1.239290 2.718678 3.611574 -0.157650 0.521049 -1.358363 
5.390239 -1.239339 2.718670 3.611595 -0.157635 0.521079 -1.358288 
5.390213 -1.239413 2.718708 3.611573 -0.157597 0.521094 -1.358276 
5.390159 -1.239412 2.718716 3.611567 -0.157588 0.521177 -1.358265 
5.390183 -1.239455 2.718743 3.611543 -0.157576 0.521227 -1.358205 
5.390187 -1.239529 2.718764 3.611577 -0.157582 0.521276 -1.358183 
5.390174 -1.239561 2.718823 3.611609 -0.157556 0.521304 -1.358128 
5.390160 -1.239630 2.718840 3.611613 -0.157548 0.521346 -1.358075 
5.390134 -1.239642 2.718891 3.611615 -0.157511 0.521356 -1.358004 
5.390164 -1.239677 2.718865 3.611640 -0.157443 0.521400 -1.358006 
5.390128 -1.239659 2.718916 3.611592 -0.157497 0.521351 -1.358033 
5.390131 -1.239665 2.718931 3.611611 -0.157592 0.521384 -1.357982 
5.390140 -1.239703 2.718963 3.611618 -0.157658 0.521433 -1.357955 
5.390143 -1.239703 2.718964 3.611652 -0.157693 0.521469 -1.357876 
5.390135 -1.239744 2.719025 3.611648 -0.157729 0.521509 -1.357836 
5.390119 -1.239760 2.719068 3.611661 -0.157740 0.521538 -1.357756 
5.390094 -1.239819 2.719080 3.611663 -0.157765 0.521567 -1.357690 
5.390104 -1.239848 2.719130 3.611699 -0.157774 0.521619 -1.357640 
5.390109 -1.239905 2.719161 3.611729 -0.157791 0.521673 -1.357599 
5.390107 -1.239934 2.719234 3.611736 -0.157807 0.521716 -1.357557 
5.390103 -1.239963 2.719289 3.611758 -0.157814 0.521758 -1.357495 
5.390098 -1.240001 2.719345 3.611775 -0.157826 0.521802 -1.357440 
5.390092 -1.240039 2.719406 3.611785 -0.157841 0.521845 -1.357389 
5.390088 -1.240075 2.719462 3.611804 -0.157852 0.521889 -1.357333 
5.390084 -1.240114 2.719517 3.611822 -0.157864 0.521934 -1.357278 
5.390090 -1.240176 2.719541 3.611798 -0.157909 0.521961 -1.357326 
5.390065 -1.240161 2.719532 3.611789 -0.157902 0.521997 -1.357334 
5.390122 -1.240145 2.719552 3.611740 -0.157898 0.522045 -1.357295 
5.390112 -1.240110 2.719617 3.611765 -0.157934 0.522087 -1.357270 
5.390114 -1.240128 2.719676 3.611771 -0.157859 0.522111 -1.357280 
5.390073 -1.240161 2.719707 3.611736 -0.157846 0.522136 -1.357214 
5.390080 -1.240199 2.719706 3.611768 -0.157828 0.522205 -1.357165 
5.390064 -1.240212 2.719753 3.611739 -0.157802 0.522264 -1.357116 
5.390107 -1.240224 2.719732 3.611800 -0.157790 0.522324 -1.357117 
5.390071 -1.240245 2.719766 3.611728 -0.157825 0.522271 -1.357139 
5.390113 -1.240291 2.719811 3.611743 -0.157841 0.522225 -1.357101 
5.390064 -1.240355 2.719847 3.611782 -0.157861 0.522208 -1.357107 
5.390078 -1.240441 2.719827 3.611749 -0.157837 0.522187 -1.357106 
5.390080 -1.240472 2.719824 3.611737 -0.157922 0.522191 -1.357067 
5.390061 -1.240460 2.719839 3.611704 -0.157926 0.522165 -1.357071 
5.390124 -1.240515 2.719888 3.611762 -0.157938 0.522199 -1.357100 
5.390118 -1.240548 2.719924 3.611798 -0.157911 0.522197 -1.357025 
5.390128 -1.240577 2.719919 3.611865 -0.157912 0.522136 -1.356995 
5.390077 -1.240564 2.719926 3.611812 -0.157916 0.522205 -1.357042 
5.390120 -1.240582 2.719957 3.611786 -0.157887 0.522260 -1.356971 
5.390102 -1.240604 2.720024 3.611745 -0.157868 0.522273 -1.356922 
5.390098 -1.240560 2.720070 3.611780 -0.157880 0.522328 -1.356883 
5.390102 -1.240552 2.720094 3.611796 -0.157788 0.522351 -1.356892 
5.390074 -1.240544 2.720043 3.611773 -0.157868 0.522324 -1.356856 
5.390112 -1.240604 2.720087 3.611762 -0.157931 0.522382 -1.356841 
5.390162 -1.240565 2.720115 3.611702 -0.157964 0.522391 -1.356822 
5.390139 -1.240612 2.720087 3.611782 -0.157926 0.522359 -1.356814 
5.390104 -1.240645 2.720143 3.611804 -0.157982 0.522352 -1.356782 
5.390129 -1.240656 2.720117 3.611855 -0.158043 0.522399 -1.356775 
5.390104 -1.240627 2.720166 3.611821 -0.157960 0.522378 -1.356771 
5.390111 -1.240682 2.720212 3.611812 -0.157917 0.522421 -1.356738 
5.390069 -1.240676 2.720196 3.611798 -0.157898 0.522447 -1.356655 
5.390066 -1.240696 2.720270 3.611816 -0.157854 0.522476 -1.356625 
5.390016 -1.240643 2.720275 3.611833 -0.157845 0.522474 -1.356559 
5.390033 -1.240712 2.720257 3.611837 -0.157840 0.522480 -1.356643 
5.390036 -1.240681 2.720296 3.611759 -0.157876 0.522538 -1.356650 
5.390033 -1.240669 2.720294 3.611734 -0.157839 0.522520 -1.356660 
5.390086 -1.240693 2.720275 3.611787 -0.157883 0.522611 -1.356623 
5.390076 -1.240725 2.720262 3.611764 -0.157885 0.522608 -1.356597 
5.390077 -1.240783 2.720302 3.611767 -0.157949 0.522602 -1.356567 
5.390077 -1.240810 2.720274 3.611756 -0.158038 0.522590 -1.356550 
5.390075 -1.240752 2.720311 3.611762 -0.157953 0.522599 -1.356530 
5.390014 -1.240795 2.720343 3.611805 -0.157952 0.522622 -1.356497 
5.390038 -1.240853 2.720411 3.611787 -0.157946 0.522622 -1.356464 
5.390076 -1.240843 2.720464 3.611845 -0.157978 0.522653 -1.356476 
5.390030 -1.240826 2.720523 3.611804 -0.158005 0.522655 -1.356516 
5.390027 -1.240825 2.720531 3.611822 -0.158005 0.522610 -1.356520 
5.390035 -1.240882 2.720582 3.611809 -0.158004 0.522697 -1.356476 
5.390039 -1.240937 2.720641 3.611816 -0.158002 0.522739 -1.356436 
5.390040 -1.240970 2.720697 3.611839 -0.158015 0.522806 -1.356412 
5.390019 -1.241015 2.720758 3.611821 -0.158019 0.522858 -1.356387 
5.390017 -1.241064 2.720826 3.611835 -0.158025 0.522900 -1.356354 
5.390017 -1.241114 2.720893 3.611850 -0.158030 0.522941 -1.356321 
5.390024 -1.241168 2.720955 3.611868 -0.158030 0.522977 -1.356282 
5.390034 -1.241223 2.721016 3.611888 -0.158030 0.523012 -1.356242 
5.390026 -1.241274 2.721079 3.611888 -0.158032 0.523058 -1.356208 
5.390038 -1.241326 2.721142 3.611916 -0.158035 0.523090 -1.356171 
5.390036 -1.241377 2.721208 3.611925 -0.158038 0.523133 -1.356137 
5.390034 -1.241424 2.721273 3.611939 -0.158044 0.523180 -1.356105 
5.390017 -1.241486 2.721312 3.611892 -0.158022 0.523164 -1.356067 
5.390016 -1.241517 2.721399 3.611921 -0.158038 0.523145 -1.356060 
5.390060 -1.241491 2.721449 3.611906 -0.158046 0.523152 -1.355992 
5.390114 -1.241521 2.721501 3.611906 -0.157996 0.523175 -1.356012 
5.390084 -1.241509 2.721443 3.611890 -0.158081 0.523151 -1.356004 
5.390083 -1.241565 2.721470 3.611917 -0.158125 0.523157 -1.355946 
5.390052 -1.241581 2.721535 3.611891 -0.158178 0.523187 -1.355929 
5.390058 -1.241613 2.721587 3.611888 -0.158222 0.523137 -1.355889 
5.390061 -1.241561 2.721547 3.611927 -0.158195 0.523188 -1.355946 
5.390063 -1.241596 2.721515 3.611888 -0.158200 0.523270 -1.355885 
5.390016 -1.241668 2.721502 3.611908 -0.158209 0.523304 -1.355917 
5.389988 -1.241652 2.721476 3.611908 -0.158232 0.523292 -1.355907 
5.389975 -1.241658 2.721539 3.611939 -0.158151 0.523328 -1.355872 
5.389968 -1.241658 2.721589 3.611919 -0.158107 0.523398 -1.355859 
5.390002 -1.241690 2.721568 3.611963 -0.158050 0.523415 -1.355816 
5.389964 -1.241683 2.721597 3.611892 -0.158109 0.523381 -1.355833 
5.389972 -1.241698 2.721666 3.611934 -0.158158 0.523382 -1.355805 
5.389944 -1.241717 2.721743 3.611944 -0.158127 0.523340 -1.355818 
5.389917 -1.241750 2.721733 3.611954 -0.158135 0.523355 -1.355832 
5.389856 -1.241744 2.721761 3.611959 -0.158164 0.523373 -1.355766 
5.389854 -1.241786 2.721819 3.611939 -0.158213 0.523404 -1.355735 
5.389837 -1.241825 2.721843 3.611956 -0.158282 0.523373 -1.355694 
5.389868 -1.241810 2.721812 3.611951 -0.158187 0.523406 -1.355706 
5.389869 -1.241808 2.721855 3.611988 -0.158161 0.523483 -1.355691 
5.389844 -1.241834 2.721876 3.611932 -0.158118 0.523531 -1.355658 
5.389844 -1.241873 2.721918 3.611980 -0.158127 0.523566 -1.355602 
5.389844 -1.241901 2.721979 3.612005 -0.158165 0.523615 -1.355571 
5.389844 -1.241929 2.722041 3.612030 -0.158202 0.523664 -1.355540 
5.389845 -1.241967 2.722087 3.612074 -0.158217 0.523703 -1.355488 
5.389835 -1.241998 2.722145 3.612098 -0.158238 0.523755 -1.355444 
5.389826 -1.242030 2.722201 3.612121 -0.158256 0.523807 -1.355398 
5.389832 -1.242085 2.722226 3.612142 -0.158227 0.523841 -1.355335 
5.389835 -1.242120 2.722272 3.612083 -0.158223 0.523896 -1.355328 
5.389785 -1.242109 2.722307 3.612097 -0.158203 0.523956 -1.355284 
5.389765 -1.242125 2.722331 3.612106 -0.158187 0.523937 -1.355307 
5.389766 -1.242187 2.722308 3.612139 -0.158214 0.523991 -1.355338 
5.389829 -1.242219 2.722358 3.612174 -0.158229 0.524024 -1.355339 
5.389831 -1.242289 2.722382 3.612176 -0.158288 0.524023 -1.355305 
5.389842 -1.242368 2.722404 3.612179 -0.158334 0.524033 -1.355274 
5.389908 -1.242405 2.722445 3.612211 -0.158332 0.524072 -1.355278 
5.389907 -1.242392 2.722490 3.612216 -0.158411 0.524095 -1.355310 
5.389881 -1.242398 2.722460 3.612222 -0.158322 0.524100 -1.355256 
5.389879 -1.242395 2.722450 3.612312 -0.158339 0.524077 -1.355225 
5.389859 -1.242411 2.722475 3.612320 -0.158323 0.524058 -1.355248 
5.389902 -1.242378 2.722513 3.612292 -0.158333 0.524045 -1.355164 
5.389890 -1.242418 2.722508 3.612282 -0.158351 0.524042 -1.355146 
5.389894 -1.242453 2.722554 3.612292 -0.158325 0.524094 -1.355089 
5.389895 -1.242486 2.722599 3.612302 -0.158300 0.524145 -1.355030 
5.389849 -1.242525 2.722623 3.612287 -0.158306 0.524163 -1.354958 
5.389857 -1.242593 2.722641 3.612279 -0.158291 0.524173 -1.354891 
5.389856 -1.242630 2.722700 3.612280 -0.158349 0.524208 -1.354866 
5.389864 -1.242641 2.722673 3.612306 -0.158397 0.524266 -1.354814 
5.389868 -1.242657 2.722682 3.612228 -0.158407 0.524325 -1.354810 
5.389833 -1.242720 2.722724 3.612243 -0.158427 0.524373 -1.354799 
5.389824 -1.242748 2.722788 3.612240 -0.158461 0.524406 -1.354746 
5.389823 -1.242819 2.722817 3.612235 -0.158470 0.524437 -1.354691 
5.389804 -1.242858 2.722836 3.612244 -0.158489 0.524498 -1.354632 
5.389794 -1.242892 2.722870 3.612246 -0.158512 0.524547 -1.354564 
5.389787 -1.242960 2.722876 3.612248 -0.158515 0.524593 -1.354507 
5.389751 -1.243005 2.722885 3.612250 -0.158568 0.524637 -1.354464 
5.389799 -1.243021 2.722921 3.612285 -0.158551 0.524706 -1.354463 
5.389782 -1.243033 2.722969 3.612295 -0.158491 0.524758 -1.354435 
5.389811 -1.243018 2.722956 3.612247 -0.158469 0.524829 -1.354406 
5.389804 -1.242999 2.722929 3.612278 -0.158464 0.524835 -1.354387 
5.389845 -1.243060 2.723024 3.612269 -0.158445 0.524840 -1.354370 
5.389838 -1.243127 2.723032 3.612292 -0.158406 0.524885 -1.354408 
5.389815 -1.243140 2.723037 3.612293 -0.158441 0.524903 -1.354393 
5.389794 -1.243111 2.723110 3.612309 -0.158473 0.524948 -1.354399 
5.389735 -1.243142 2.723148 3.612283 -0.158472 0.524950 -1.354340 
5.389748 -1.243190 2.723179 3.612280 -0.158538 0.524972 -1.354298 
5.389727 -1.243249 2.723202 3.612273 -0.158597 0.525015 -1.354280 
5.389766 -1.243272 2.723265 3.612278 -0.158615 0.525009 -1.354220 
5.389719 -1.243304 2.723325 3.612260 -0.158596 0.525020 -1.354172 
5.389699 -1.243306 2.723412 3.612270 -0.158605 0.525061 -1.354160 
5.389700 -1.243373 2.723467 3.612288 -0.158575 0.525093 -1.354144 
5.389686 -1.243434 2.723530 3.612291 -0.158576 0.525126 -1.354112 
5.389660 -1.243450 2.723610 3.612289 -0.158599 0.525163 -1.354085 
5.389643 -1.243510 2.723671 3.612287 -0.158607 0.525195 -1.354049 
5.389613 -1.243522 2.723744 3.612276 -0.158644 0.525227 -1.354016 
5.389658 -1.243554 2.723807 3.612297 -0.158677 0.525254 -1.353992 
5.389631 -1.243561 2.723828 3.612356 -0.158676 0.525294 -1.353931 
5.389625 -1.243580 2.723883 3.612356 -0.158660 0.525354 -1.353878 
5.389611 -1.243606 2.723947 3.612368 -0.158649 0.525402 -1.353828 
5.389571 -1.243632 2.723989 3.612438 -0.158664 0.525384 -1.353804 
5.389543 -1.243667 2.724002 3.612469 -0.158692 0.525462 -1.353812 
5.389529 -1.243703 2.724018 3.612479 -0.158725 0.525490 -1.353733 
5.389518 -1.243688 2.724069 3.612512 -0.158747 0.525537 -1.353677 
5.389529 -1.243736 2.724091 3.612558 -0.158723 0.525576 -1.353623 
5.389492 -1.243773 2.724113 3.612586 -0.158696 0.525617 -1.353563 
5.389513 -1.243830 2.724168 3.612611 -0.158710 0.525646 -1.353525 
5.389534 -1.243884 2.724214 3.612647 -0.158725 0.525678 -1.353480 
5.389547 -1.243938 2.724257 3.612684 -0.158735 0.525713 -1.353431 
5.389556 -1.243992 2.724300 3.612719 -0.158741 0.525749 -1.353380 
5.389553 -1.244046 2.724348 3.612747 -0.158738 0.525786 -1.353329 
5.389556 -1.244099 2.724390 3.612782 -0.158737 0.525823 -1.353276 
5.389618 -1.244125 2.724410 3.612818 -0.158798 0.525827 -1.353269 
5.389669 -1.244133 2.724420 3.612769 -0.158783 0.525891 -1.353245 
5.389705 -1.244129 2.724463 3.612763 -0.158752 0.525843 -1.353185 
5.389706 -1.244095 2.724489 3.612781 -0.158747 0.525859 -1.353195 
5.389732 -1.244203 2.724501 3.612777 -0.158713 0.525856 -1.353204 
5.389723 -1.244254 2.724548 3.612767 -0.158741 0.525889 -1.353148 
5.389721 -1.244305 2.724584 3.612768 -0.158761 0.525927 -1.353083 
5.389727 -1.244363 2.724615 3.612778 -0.158770 0.525966 -1.353020 
5.389732 -1.244421 2.724649 3.612785 -0.158782 0.526005 -1.352959 
5.389710 -1.244428 2.724705 3.612728 -0.158837 0.526002 -1.352949 
5.389703 -1.244420 2.724700 3.612696 -0.158807 0.526024 -1.352943 
5.389618 -1.244438 2.724718 3.612717 -0.158779 0.526006 -1.352921 
5.389607 -1.244466 2.724684 3.612704 -0.158792 0.526007 -1.352930 
5.389590 -1.244427 2.724732 3.612745 -0.158800 0.526085 -1.352958 
5.389581 -1.244400 2.724711 3.612748 -0.158818 0.526091 -1.352928 
5.389591 -1.244453 2.724786 3.612746 -0.158786 0.526146 -1.352908 
5.389583 -1.244464 2.724849 3.612739 -0.158769 0.526208 -1.352868 
5.389563 -1.244471 2.724912 3.612732 -0.158743 0.526247 -1.352926 
5.389587 -1.244457 2.724825 3.612740 -0.158729 0.526223 -1.352868 
5.389594 -1.244501 2.724890 3.612798 -0.158820 0.526206 -1.352839 
5.389671 -1.244499 2.724905 3.612770 -0.158869 0.526234 -1.352840 
5.389653 -1.244522 2.724881 3.612765 -0.158886 0.526260 -1.352847 
5.389643 -1.244575 2.724924 3.612732 -0.158924 0.526231 -1.352805 
5.389611 -1.244525 2.724950 3.612748 -0.158991 0.526248 -1.352778 
5.389641 -1.244575 2.724919 3.612733 -0.158946 0.526202 -1.352839 
5.389675 -1.244617 2.724939 3.612770 -0.158907 0.526271 -1.352745 
5.389698 -1.244615 2.724896 3.612739 -0.158896 0.526277 -1.352665 
5.389732 -1.244610 2.724906 3.612717 -0.158910 0.526296 -1.352677 
5.389714 -1.244633 2.724957 3.612697 -0.158862 0.526352 -1.352648 
5.389737 -1.244688 2.724998 3.612714 -0.158840 0.526397 -1.352604 
5.389747 -1.244727 2.725024 3.612684 -0.158806 0.526440 -1.352543 
5.389789 -1.244780 2.725048 3.612750 -0.158821 0.526454 -1.352534 
5.389770 -1.244743 2.725084 3.612784 -0.158870 0.526495 -1.352493 
5.389749 -1.244768 2.725033 3.612800 -0.158882 0.526570 -1.352512 
5.389769 -1.244741 2.725021 3.612818 -0.158854 0.526578 -1.352506 
5.389723 -1.244812 2.725107 3.612813 -0.158918 0.526591 -1.352519 
5.389723 -1.244864 2.725126 3.612806 -0.158979 0.526595 -1.352464 
5.389671 -1.244866 2.725164 3.612745 -0.158979 0.526628 -1.352433 
5.389677 -1.244954 2.725187 3.612717 -0.158951 0.526628 -1.352438 
5.389735 -1.244948 2.725210 3.612667 -0.158991 0.526658 -1.352471 
5.389713 -1.244953 2.725195 3.612652 -0.159013 0.526635 -1.352494 
5.389737 -1.244977 2.725276 3.612692 -0.158994 0.526704 -1.352426 
5.389745 -1.245014 2.725278 3.612695 -0.158989 0.526774 -1.352365 
5.389772 -1.245032 2.725326 3.612684 -0.158975 0.526783 -1.352286 
5.389774 -1.245052 2.725381 3.612693 -0.158939 0.526848 -1.352256 
5.389827 -1.245099 2.725387 3.612755 -0.158962 0.526854 -1.352231 
5.389829 -1.245052 2.725399 3.612791 -0.159011 0.526887 -1.352177 
5.389806 -1.245115 2.725428 3.612789 -0.159064 0.526899 -1.352135 
5.389837 -1.245164 2.725441 3.612780 -0.159104 0.526935 -1.352076 
5.389806 -1.245207 2.725432 3.612820 -0.159096 0.526934 -1.352002 
5.389811 -1.245245 2.725501 3.612848 -0.159129 0.526924 -1.351958 
5.389791 -1.245295 2.725502 3.612889 -0.159172 0.526983 -1.351953 
5.389801 -1.245315 2.725467 3.612891 -0.159241 0.526933 -1.351921 
5.389775 -1.245258 2.725506 3.612887 -0.159189 0.526997 -1.351935 
5.389743 -1.245282 2.725551 3.612841 -0.159146 0.527038 -1.351911 
5.389780 -1.245274 2.725584 3.612865 -0.159091 0.527091 -1.351878 
5.389721 -1.245269 2.725636 3.612902 -0.159043 0.527094 -1.351891 
5.389797 -1.245272 2.725623 3.612860 -0.159112 0.527087 -1.351891 
5.389805 -1.245262 2.725627 3.612815 -0.159091 0.527162 -1.351933 
5.389787 -1.245298 2.725622 3.612880 -0.159137 0.527112 -1.351887 
5.389790 -1.245339 2.725659 3.612858 -0.159135 0.527138 -1.351811 
5.389782 -1.245287 2.725679 3.612872 -0.159170 0.527178 -1.351748 
5.389820 -1.245336 2.725711 3.612897 -0.159162 0.527212 -1.351691 
5.389830 -1.245395 2.725748 3.612897 -0.159173 0.527242 -1.351628 
5.389836 -1.245456 2.725785 3.612892 -0.159183 0.527270 -1.351565 
5.389833 -1.245522 2.725821 3.612875 -0.159195 0.527291 -1.351506 
5.389866 -1.245569 2.725855 3.612899 -0.159194 0.527328 -1.351446 
5.389888 -1.245608 2.725892 3.612916 -0.159204 0.527367 -1.351377 
5.389904 -1.245650 2.725929 3.612927 -0.159216 0.527405 -1.351307 
5.389890 -1.245709 2.725965 3.612904 -0.159235 0.527426 -1.351246 
5.389902 -1.245748 2.726002 3.612912 -0.159251 0.527464 -1.351174 
5.389933 -1.245820 2.726033 3.612926 -0.159242 0.527488 -1.351129 
5.389926 -1.245880 2.726070 3.612909 -0.159259 0.527512 -1.351067 
5.389955 -1.245905 2.726104 3.612937 -0.159268 0.527555 -1.350999 
5.389972 -1.245931 2.726140 3.612955 -0.159284 0.527598 -1.350926 
5.389974 -1.245973 2.726178 3.612954 -0.159304 0.527633 -1.350855 
5.389994 -1.246023 2.726215 3.612966 -0.159312 0.527669 -1.350789 
5.389989 -1.246076 2.726252 3.612953 -0.159332 0.527697 -1.350722 
5.390033 -1.246133 2.726281 3.612984 -0.159320 0.527727 -1.350678 
5.390065 -1.246154 2.726314 3.613018 -0.159327 0.527771 -1.350612 
5.390092 -1.246205 2.726349 3.613037 -0.159331 0.527807 -1.350551 
5.390119 -1.246256 2.726384 3.613056 -0.159335 0.527842 -1.350489 
5.390128 -1.246263 2.726419 3.613071 -0.159359 0.527887 -1.350413 
5.390130 -1.246309 2.726457 3.613069 -0.159377 0.527921 -1.350342 
5.390152 -1.246352 2.726493 3.613085 -0.159387 0.527960 -1.350275 
5.390156 -1.246406 2.726531 3.613082 -0.159401 0.527990 -1.350208 
5.390194 -1.246445 2.726563 3.613114 -0.159402 0.528030 -1.350150 
5.390211 -1.246508 2.726599 3.613120 -0.159406 0.528059 -1.350091 
5.390225 -1.246551 2.726637 3.613129 -0.159421 0.528096 -1.350021 
5.390216 -1.246638 2.726661 3.613097 -0.159420 0.528094 -1.349996 
5.390277 -1.246674 2.726678 3.613151 -0.159398 0.528122 -1.349972 
5.390306 -1.246692 2.726710 3.613182 -0.159409 0.528167 -1.349904 
5.390336 -1.246732 2.726745 3.613209 -0.159415 0.528207 -1.349841 
5.390359 -1.246766 2.726781 3.613231 -0.159427 0.528248 -1.349772 
5.390383 -1.246802 2.726816 3.613253 -0.159437 0.528289 -1.349705 
5.390429 -1.246870 2.726841 3.613283 -0.159421 0.528312 -1.349673 
5.390438 -1.246908 2.726879 3.613289 -0.159438 0.528350 -1.349601 
5.390429 -1.246990 2.726908 3.613260 -0.159443 0.528356 -1.349563 
5.390465 -1.247013 2.726939 3.613299 -0.159449 0.528400 -1.349501 
5.390456 -1.247001 2.726971 3.613302 -0.159483 0.528442 -1.349425 
5.390469 -1.247020 2.727007 3.613319 -0.159503 0.528486 -1.349350 
5.390466 -1.247050 2.727045 3.613316 -0.159528 0.528523 -1.349275 
5.390493 -1.247076 2.727079 3.613344 -0.159539 0.528567 -1.349207 
5.390517 -1.247111 2.727115 3.613366 -0.159550 0.528608 -1.349140 
5.390541 -1.247147 2.727150 3.613389 -0.159560 0.528649 -1.349072 
5.390569 -1.247182 2.727185 3.613415 -0.159569 0.528690 -1.349006 
5.390587 -1.247216 2.727221 3.613432 -0.159583 0.528731 -1.348936 
5.390622 -1.247278 2.727253 3.613455 -0.159579 0.528762 -1.348886 
5.390619 -1.247334 2.727291 3.613442 -0.159595 0.528789 -1.348820 
5.390637 -1.247361 2.727327 3.613462 -0.159611 0.528832 -1.348748 
5.390666 -1.247414 2.727361 3.613483 -0.159614 0.528867 -1.348689 
5.390677 -1.247466 2.727399 3.613486 -0.159627 0.528901 -1.348622 
5.390706 -1.247458 2.727427 3.613527 -0.159642 0.528949 -1.348558 
5.390762 -1.247502 2.727448 3.613575 -0.159626 0.528979 -1.348526 
