-1.271144 3.743863 -5.119011 -0.296010 0.721463 -0.524843 
-0.271144 3.743863 -5.119011 -0.296010 0.721463 -0.524843 
-1.271144 4.743863 -5.119011 -0.296010 0.721463 -0.524843 
-1.271144 3.743863 -4.119011 -0.296010 0.721463 -0.524843 
-1.271144 3.743863 -5.119011 0.703990 0.721463 -0.524843 
-1.271144 3.743863 -5.119011 -0.296010 1.721463 -0.524843 
-1.271144 3.743863 -5.119011 -0.296010 0.721463 0.475157 
-1.866480 3.732483 -5.119491 -1.069036 0.503582 -0.544933 
-1.568812 3.738173 -5.119251 -0.682523 0.612523 -0.534888 
-1.042231 3.742440 -5.119071 -0.392695 0.694212 -0.527356 
-1.271144 3.618877 -5.119011 -0.294170 0.721463 -0.524843 
-1.235362 3.618338 -5.119206 -0.063257 0.632966 -0.533003 
-1.271144 3.618877 -5.244011 -0.294170 0.721738 -0.524843 
-1.248668 3.617307 -5.243572 -0.232773 0.962977 -0.529968 
-1.274504 3.618812 -5.244013 -0.298533 0.720508 -0.649716 
-1.469301 3.606868 -5.244613 -0.419032 0.621070 -0.647905 
-1.168307 3.615425 -5.244180 -0.355731 0.688002 -0.652412 
-1.270755 3.619341 -5.244126 -0.262589 0.669527 -0.650571 
-1.254498 3.615811 -5.244218 -0.148212 0.716212 -0.659886 
-1.321535 3.616251 -5.244307 -0.276927 0.636174 -0.650816 
-1.292641 3.612046 -5.244547 -0.308386 0.590807 -0.653219 
-1.321242 3.585127 -5.244304 -0.274513 0.637576 -0.650906 
-1.351661 3.584534 -5.244479 -0.220263 0.640745 -0.656143 
-1.392005 3.581554 -5.244607 -0.207494 0.674933 -0.686766 
-1.409689 3.580204 -5.290635 -0.195402 0.686049 -0.652077 
-1.398781 3.581744 -5.224754 -0.209926 0.686021 -0.666576 
-1.410577 3.576338 -5.231711 -0.156110 0.648175 -0.690155 
-1.409584 3.567917 -5.244656 -0.223157 0.659585 -0.685946 
-1.391793 3.511602 -5.245985 -0.215659 0.678098 -0.690131 
-1.424381 3.568045 -5.251449 -0.235569 0.672254 -0.705868 
-1.404346 3.568315 -5.233236 -0.226427 0.656106 -0.693904 
-1.397456 3.565804 -5.259870 -0.228028 0.645809 -0.666450 
-1.422856 3.563678 -5.242794 -0.197470 0.648672 -0.686149 
-1.437895 3.560739 -5.227215 -0.187283 0.654922 -0.667275 
-1.442671 3.574672 -5.226952 -0.189443 0.650263 -0.666419 
-1.462480 3.573916 -5.237604 -0.170793 0.646680 -0.676881 
-1.433639 3.572830 -5.232293 -0.178888 0.627889 -0.650575 
-1.432235 3.572584 -5.220325 -0.176010 0.621716 -0.657819 
-1.428340 3.575829 -5.220244 -0.171156 0.625141 -0.658031 
-1.441327 3.568735 -5.218052 -0.185258 0.614743 -0.655112 
-1.434795 3.572687 -5.216352 -0.173217 0.624464 -0.652988 
-1.425407 3.581815 -5.224905 -0.178639 0.616540 -0.665411 
-1.420192 3.580730 -5.222358 -0.182944 0.617829 -0.662964 
-1.424463 3.572183 -5.231167 -0.173222 0.614442 -0.674214 
-1.424394 3.580891 -5.226012 -0.177293 0.610346 -0.661198 
-1.434375 3.579935 -5.226667 -0.186736 0.603424 -0.663665 
-1.424864 3.580691 -5.232433 -0.179106 0.613072 -0.658228 
-1.420321 3.590048 -5.228144 -0.165546 0.610492 -0.660123 
-1.427587 3.576558 -5.223474 -0.174847 0.612800 -0.657508 
-1.422028 3.575147 -5.228386 -0.175867 0.609513 -0.664950 
-1.426886 3.580271 -5.226045 -0.179561 0.608611 -0.661912 
-1.429264 3.581570 -5.226841 -0.178730 0.606167 -0.662699 
-1.429619 3.581800 -5.226097 -0.181318 0.603402 -0.662274 
-1.428753 3.582583 -5.227189 -0.179412 0.606524 -0.664046 
-1.432102 3.580868 -5.226075 -0.178038 0.608344 -0.663650 
-1.431621 3.579948 -5.225286 -0.177466 0.607702 -0.664823 
-1.431813 3.577804 -5.228478 -0.177211 0.607780 -0.665429 
-1.431291 3.578442 -5.228800 -0.175540 0.608269 -0.665385 
-1.433344 3.577611 -5.228125 -0.172680 0.607147 -0.664707 
-1.430455 3.577476 -5.228273 -0.175446 0.609552 -0.664886 
-1.431819 3.578532 -5.228710 -0.175551 0.608860 -0.665941 
-1.431035 3.579581 -5.229271 -0.175521 0.608337 -0.667170 
-1.431883 3.578028 -5.229534 -0.175506 0.608902 -0.666052 
-1.432274 3.579781 -5.229563 -0.175906 0.609320 -0.664950 
-1.433406 3.580068 -5.229626 -0.174672 0.608362 -0.664890 
-1.433059 3.580154 -5.229648 -0.173952 0.608877 -0.664686 
-1.433608 3.579800 -5.229483 -0.174709 0.608482 -0.664590 
-1.434006 3.579781 -5.229479 -0.175437 0.607987 -0.664731 
-1.434461 3.579780 -5.229471 -0.176167 0.607529 -0.664788 
-1.433971 3.580032 -5.229066 -0.175459 0.607969 -0.664675 
-1.434411 3.580098 -5.228948 -0.176187 0.607511 -0.664716 
-1.434235 3.580073 -5.229018 -0.175462 0.608270 -0.664948 
-1.434194 3.579555 -5.228795 -0.175270 0.608350 -0.664026 
-1.434062 3.580358 -5.229286 -0.175504 0.608096 -0.664436 
-1.433977 3.580611 -5.229332 -0.174569 0.608028 -0.664473 
-1.433635 3.580363 -5.229067 -0.175540 0.608035 -0.664493 
-1.433298 3.580370 -5.229399 -0.175774 0.608855 -0.664444 
-1.433648 3.580382 -5.228945 -0.175957 0.607832 -0.664402 
-1.433611 3.580491 -5.229179 -0.175575 0.607978 -0.664653 
-1.433515 3.580517 -5.229036 -0.175098 0.607990 -0.664448 
-1.433543 3.580372 -5.229149 -0.175579 0.608241 -0.664477 
-1.433675 3.580417 -5.228986 -0.175545 0.608085 -0.664529 
-1.433676 3.580248 -5.228965 -0.175506 0.608115 -0.664697 
-1.433753 3.580368 -5.229048 -0.175525 0.608062 -0.664487 
-1.433798 3.580553 -5.229001 -0.175544 0.608226 -0.664605 
-1.433647 3.580449 -5.228983 -0.175455 0.608082 -0.664517 
-1.433603 3.580520 -5.228948 -0.175445 0.608061 -0.664481 
-1.433551 3.580584 -5.228905 -0.175422 0.608042 -0.664464 
-1.433519 3.580573 -5.228882 -0.175344 0.608051 -0.664510 
-1.433557 3.580568 -5.228875 -0.175418 0.608069 -0.664438 
-1.433496 3.580603 -5.228964 -0.175442 0.608081 -0.664429 
-1.433571 3.580614 -5.228904 -0.175423 0.608072 -0.664481 
-1.433591 3.580629 -5.228925 -0.175424 0.607988 -0.664410 
-1.433586 3.580659 -5.228904 -0.175505 0.607943 -0.664408 
-1.433583 3.580713 -5.228912 -0.175515 0.607860 -0.664397 
-1.433637 3.580694 -5.228963 -0.175565 0.607821 -0.664392 
-1.433610 3.580702 -5.228878 -0.175504 0.607846 -0.664410 
-1.433553 3.580752 -5.228864 -0.175518 0.607871 -0.664325 
-1.433582 3.580833 -5.228859 -0.175521 0.607912 -0.664352 
-1.433564 3.580831 -5.228841 -0.175560 0.607912 -0.664371 
-1.433521 3.580881 -5.228849 -0.175459 0.607905 -0.664347 
-1.433503 3.580948 -5.228859 -0.175434 0.607899 -0.664279 
-1.433477 3.580950 -5.228843 -0.175393 0.607978 -0.664246 
-1.433520 3.580947 -5.228815 -0.175425 0.607888 -0.664272 
-1.433535 3.580993 -5.228832 -0.175399 0.607809 -0.664294 
-1.433482 3.581031 -5.228801 -0.175460 0.607777 -0.664301 
-1.433441 3.580978 -5.228806 -0.175452 0.607717 -0.664257 
-1.433472 3.580977 -5.228817 -0.175483 0.607708 -0.664238 
-1.433397 3.581045 -5.228781 -0.175465 0.607662 -0.664254 
-1.433360 3.581086 -5.228753 -0.175490 0.607596 -0.664286 
-1.433323 3.581129 -5.228751 -0.175458 0.607547 -0.664227 
-1.433283 3.581165 -5.228745 -0.175431 0.607480 -0.664185 
-1.433239 3.581208 -5.228731 -0.175418 0.607408 -0.664160 
-1.433196 3.581266 -5.228706 -0.175432 0.607345 -0.664165 
-1.433152 3.581310 -5.228690 -0.175423 0.607272 -0.664146 
-1.433117 3.581366 -5.228658 -0.175458 0.607224 -0.664181 
-1.433152 3.581404 -5.228673 -0.175506 0.607197 -0.664117 
-1.433102 3.581373 -5.228704 -0.175463 0.607224 -0.664191 
-1.433043 3.581399 -5.228634 -0.175438 0.607255 -0.664143 
-1.433065 3.581468 -5.228632 -0.175370 0.607255 -0.664155 
-1.433008 3.581482 -5.228607 -0.175314 0.607203 -0.664143 
-1.432998 3.581506 -5.228591 -0.175340 0.607194 -0.664171 
-1.432966 3.581569 -5.228549 -0.175358 0.607232 -0.664210 
-1.432945 3.581538 -5.228542 -0.175344 0.607235 -0.664239 
-1.432937 3.581599 -5.228534 -0.175404 0.607169 -0.664167 
-1.432993 3.581602 -5.228458 -0.175413 0.607137 -0.664156 
-1.433021 3.581660 -5.228479 -0.175448 0.607073 -0.664160 
-1.433033 3.581638 -5.228476 -0.175540 0.607095 -0.664141 
-1.433035 3.581682 -5.228484 -0.175440 0.607094 -0.664125 
-1.433004 3.581720 -5.228455 -0.175385 0.607051 -0.664082 
-1.433013 3.581793 -5.228423 -0.175339 0.607069 -0.664114 
-1.433051 3.581777 -5.228398 -0.175331 0.607058 -0.664110 
-1.433025 3.581804 -5.228481 -0.175268 0.607038 -0.664093 
-1.433028 3.581819 -5.228433 -0.175365 0.607040 -0.664114 
-1.433014 3.581878 -5.228398 -0.175395 0.607006 -0.664058 
-1.432976 3.581895 -5.228365 -0.175403 0.606927 -0.664088 
-1.432987 3.581968 -5.228351 -0.175456 0.606892 -0.664072 
-1.432979 3.581993 -5.228324 -0.175428 0.606910 -0.664074 
-1.432930 3.581989 -5.228276 -0.175411 0.606909 -0.664003 
-1.432938 3.582022 -5.228313 -0.175340 0.606869 -0.663974 
-1.433011 3.582000 -5.228257 -0.175322 0.606843 -0.663962 
-1.432917 3.582016 -5.228299 -0.175335 0.606836 -0.664001 
-1.432882 3.582070 -5.228266 -0.175267 0.606846 -0.663992 
