-1.583353 3.796621 -3.362277 -0.060970 1.201942 -2.683450 
-0.583353 3.796621 -3.362277 -0.060970 1.201942 -2.683450 
-1.583353 4.796621 -3.362277 -0.060970 1.201942 -2.683450 
-1.583353 3.796621 -2.362277 -0.060970 1.201942 -2.683450 
-1.583353 3.796621 -3.362277 0.939030 1.201942 -2.683450 
-1.583353 3.796621 -3.362277 -0.060970 2.201942 -2.683450 
-1.583353 3.796621 -3.362277 -0.060970 1.201942 -1.683450 
-1.742172 3.788403 -3.362790 -1.033793 1.034671 -2.702019 
-1.662762 3.792512 -3.362533 -0.547381 1.118307 -2.692735 
-1.634772 3.793960 -3.362443 0.177525 1.147787 -2.689462 
-1.576894 3.671788 -3.362277 -0.060970 1.201942 -2.683450 
-1.352200 3.891341 -3.362300 -0.067116 1.194318 -2.684296 
-1.583353 3.796621 -3.487276 -0.060970 1.202325 -2.683450 
-1.610253 3.872620 -3.286274 -0.066718 1.425974 -2.684241 
-1.583909 3.796592 -3.362279 -0.064373 1.201357 -2.808401 
-1.639784 3.910221 -3.249158 -0.167207 1.111341 -2.564623 
-1.650523 3.939604 -3.220080 -0.054444 1.092023 -2.537941 
-1.585050 3.913053 -3.249250 -0.167834 1.081308 -2.564710 
-1.533046 3.948642 -3.216933 -0.172435 1.179113 -2.532732 
-1.582580 3.869142 -3.249249 -0.166625 1.081516 -2.520319 
-1.580603 3.818729 -3.146465 -0.171992 1.079569 -2.570143 
-1.596840 3.897847 -3.222176 -0.193470 1.058627 -2.490294 
-1.584087 3.916951 -3.354552 -0.167472 1.082599 -2.472923 
-1.579354 3.893379 -3.375249 -0.216206 1.077007 -2.495140 
-1.597242 3.910673 -3.360075 -0.157967 1.057868 -2.478544 
-1.546412 3.925388 -3.349891 -0.126571 1.108973 -2.467880 
-1.601883 3.907295 -3.362548 -0.159255 1.101477 -2.481797 
-1.622368 3.940247 -3.331724 -0.194041 1.083034 -2.447021 
-1.582865 3.894991 -3.354556 -0.166856 1.082679 -2.450732 
-1.609676 3.908800 -3.362122 -0.145962 1.031534 -2.480493 
-1.561422 3.927921 -3.346682 -0.157513 1.093517 -2.465036 
-1.584253 3.922816 -3.367809 -0.167806 1.082709 -2.467104 
-1.576266 3.913992 -3.375321 -0.194160 1.081372 -2.476168 
-1.578496 3.910966 -3.378434 -0.192768 1.066990 -2.479567 
-1.582023 3.915917 -3.373288 -0.197886 1.080508 -2.473839 
-1.561720 3.916139 -3.374506 -0.193549 1.086531 -2.475628 
-1.559655 3.910494 -3.380070 -0.189856 1.097543 -2.482121 
-1.560073 3.915909 -3.380129 -0.189830 1.097059 -2.487715 
-1.550263 3.912211 -3.383988 -0.185304 1.087881 -2.491540 
-1.560259 3.918883 -3.386714 -0.190025 1.097102 -2.484757 
-1.549543 3.920914 -3.376696 -0.196514 1.103786 -2.485166 
-1.559377 3.919005 -3.377611 -0.183829 1.097235 -2.484785 
-1.563753 3.908522 -3.386916 -0.190155 1.104967 -2.495922 
-1.563793 3.915101 -3.380482 -0.195144 1.092838 -2.488308 
-1.560763 3.914131 -3.381786 -0.189598 1.099262 -2.489709 
-1.560709 3.916544 -3.379550 -0.190628 1.098380 -2.487177 
-1.557441 3.916632 -3.379678 -0.192657 1.098953 -2.487510 
-1.561677 3.916302 -3.379676 -0.191985 1.097419 -2.487375 
-1.563031 3.916654 -3.379386 -0.192707 1.096302 -2.487302 
-1.561793 3.916741 -3.379847 -0.191959 1.097582 -2.488206 
-1.562442 3.914897 -3.380419 -0.192362 1.098075 -2.487735 
-1.561620 3.915932 -3.378855 -0.191981 1.097419 -2.487748 
-1.560599 3.916297 -3.379860 -0.193584 1.097256 -2.487565 
-1.562026 3.916641 -3.379376 -0.191942 1.098145 -2.487061 
-1.561801 3.916209 -3.379767 -0.191050 1.097202 -2.487391 
-1.561346 3.916227 -3.379889 -0.190965 1.097113 -2.487416 
-1.561806 3.916379 -3.379670 -0.191056 1.097062 -2.487348 
-1.562169 3.916416 -3.379652 -0.191153 1.096753 -2.487340 
-1.562562 3.916514 -3.379589 -0.191225 1.096504 -2.487291 
-1.562516 3.916434 -3.379696 -0.191331 1.096063 -2.487403 
-1.562783 3.916091 -3.379881 -0.191289 1.096130 -2.487493 
-1.562520 3.916526 -3.379902 -0.191336 1.096073 -2.487310 
-1.562843 3.916705 -3.379831 -0.191231 1.095793 -2.487227 
-1.562962 3.916617 -3.379735 -0.191523 1.095682 -2.486895 
-1.562923 3.916796 -3.379841 -0.191394 1.095842 -2.487355 
-1.562861 3.916778 -3.379873 -0.190832 1.095527 -2.487252 
-1.562943 3.916722 -3.379820 -0.190697 1.095202 -2.486933 
-1.563124 3.916843 -3.379695 -0.190398 1.095422 -2.486739 
-1.562793 3.916894 -3.379756 -0.190723 1.095184 -2.486882 
-1.562652 3.916947 -3.380181 -0.190650 1.095122 -2.486722 
-1.562493 3.916799 -3.380131 -0.190573 1.095176 -2.486693 
-1.562756 3.917155 -3.380182 -0.190649 1.094710 -2.486842 
-1.562906 3.917277 -3.380179 -0.190987 1.094485 -2.486651 
-1.562667 3.917126 -3.380243 -0.190796 1.094719 -2.487002 
-1.562923 3.917507 -3.380218 -0.190398 1.094744 -2.486991 
-1.563088 3.917370 -3.380295 -0.190347 1.094696 -2.487043 
-1.562885 3.917518 -3.380323 -0.190379 1.094729 -2.486951 
-1.562818 3.917496 -3.380129 -0.190262 1.094594 -2.486984 
-1.562884 3.917462 -3.380218 -0.190336 1.094829 -2.487013 
-1.563008 3.917618 -3.380179 -0.190490 1.094644 -2.486850 
-1.563013 3.917728 -3.380194 -0.190645 1.094504 -2.486910 
-1.563053 3.917815 -3.380203 -0.190581 1.094520 -2.486948 
-1.563147 3.917971 -3.380151 -0.190584 1.094512 -2.486794 
-1.563192 3.918192 -3.380135 -0.190656 1.094457 -2.486794 
-1.563397 3.918166 -3.380177 -0.190624 1.094339 -2.486781 
-1.563207 3.918179 -3.380021 -0.190649 1.094444 -2.486829 
-1.563068 3.918226 -3.380126 -0.190530 1.094302 -2.486738 
-1.563088 3.918265 -3.380138 -0.190439 1.094352 -2.486782 
-1.562924 3.918323 -3.380086 -0.190455 1.094279 -2.486591 
-1.562725 3.918413 -3.380101 -0.190410 1.094181 -2.486604 
-1.562732 3.918472 -3.380103 -0.190291 1.094043 -2.486453 
-1.562614 3.918315 -3.380102 -0.190171 1.094061 -2.486372 
-1.562737 3.918462 -3.379989 -0.190275 1.094018 -2.486484 
-1.562741 3.918684 -3.379942 -0.190329 1.094010 -2.486411 
-1.562752 3.918733 -3.379944 -0.190484 1.093832 -2.486375 
-1.562818 3.918916 -3.379978 -0.190461 1.093707 -2.486440 
-1.563017 3.918951 -3.379943 -0.190520 1.093707 -2.486323 
-1.562795 3.918907 -3.379979 -0.190387 1.093654 -2.486362 
-1.562632 3.919016 -3.379952 -0.190392 1.093556 -2.486258 
-1.562571 3.919002 -3.379789 -0.190345 1.093392 -2.486277 
-1.562459 3.919017 -3.379897 -0.190328 1.093220 -2.486205 
-1.562333 3.919144 -3.379892 -0.190185 1.093181 -2.486128 
-1.562350 3.919235 -3.379851 -0.190217 1.093083 -2.485931 
-1.562234 3.919222 -3.379802 -0.190236 1.093039 -2.485728 
-1.562179 3.919381 -3.379777 -0.190296 1.092918 -2.485617 
-1.562136 3.919531 -3.379754 -0.190338 1.092787 -2.485490 
-1.562084 3.919613 -3.379724 -0.190341 1.092668 -2.485303 
-1.561964 3.919733 -3.379691 -0.190350 1.092576 -2.485157 
-1.561909 3.919773 -3.379660 -0.190332 1.092472 -2.484950 
-1.561895 3.919912 -3.379645 -0.190338 1.092328 -2.484812 
-1.561824 3.920043 -3.379621 -0.190339 1.092207 -2.484664 
-1.561752 3.920173 -3.379596 -0.190340 1.092087 -2.484514 
-1.561673 3.920239 -3.379564 -0.190326 1.091984 -2.484321 
-1.561586 3.920373 -3.379539 -0.190326 1.091871 -2.484177 
-1.561496 3.920501 -3.379512 -0.190326 1.091760 -2.484028 
-1.561402 3.920558 -3.379477 -0.190309 1.091669 -2.483834 
-1.561415 3.920679 -3.379467 -0.190298 1.091517 -2.483687 
-1.561372 3.920825 -3.379451 -0.190295 1.091383 -2.483553 
-1.561321 3.920963 -3.379431 -0.190290 1.091252 -2.483410 
-1.561271 3.921068 -3.379408 -0.190279 1.091125 -2.483239 
-1.561218 3.921186 -3.379386 -0.190270 1.090998 -2.483077 
-1.561155 3.921284 -3.379359 -0.190260 1.090879 -2.482901 
-1.561075 3.921427 -3.379336 -0.190263 1.090761 -2.482766 
-1.560954 3.921500 -3.379297 -0.190265 1.090681 -2.482587 
-1.560952 3.921609 -3.379284 -0.190241 1.090536 -2.482426 
-1.560922 3.921752 -3.379271 -0.190230 1.090397 -2.482291 
-1.560892 3.921871 -3.379254 -0.190213 1.090259 -2.482132 
-1.560818 3.922026 -3.379234 -0.190214 1.090138 -2.482009 
-1.560749 3.922159 -3.379211 -0.190211 1.090016 -2.481861 
-1.560765 3.922247 -3.379200 -0.190178 1.089870 -2.481691 
-1.560693 3.922326 -3.379169 -0.190170 1.089760 -2.481504 
-1.560644 3.922479 -3.379154 -0.190161 1.089628 -2.481377 
-1.560567 3.922608 -3.379130 -0.190159 1.089510 -2.481227 
-1.560483 3.922696 -3.379098 -0.190155 1.089404 -2.481046 
-1.560402 3.922852 -3.379077 -0.190157 1.089286 -2.480926 
-1.560273 3.922926 -3.379036 -0.190169 1.089212 -2.480752 
-1.560268 3.923043 -3.379026 -0.190141 1.089067 -2.480598 
-1.560239 3.923198 -3.379016 -0.190123 1.088927 -2.480477 
-1.560212 3.923338 -3.379004 -0.190102 1.088786 -2.480339 
-1.560094 3.923520 -3.378984 -0.190122 1.088699 -2.480275 
-1.560039 3.923641 -3.378963 -0.190110 1.088571 -2.480116 
-1.559951 3.923755 -3.378934 -0.190108 1.088461 -2.479955 
-1.559962 3.923871 -3.378927 -0.190075 1.088312 -2.479806 
-1.559931 3.923983 -3.378909 -0.190053 1.088176 -2.479641 
-1.559896 3.924095 -3.378891 -0.190033 1.088042 -2.479477 
-1.559831 3.924222 -3.378868 -0.190025 1.087918 -2.479324 
-1.559870 3.924264 -3.378857 -0.189980 1.087781 -2.479136 
-1.559739 3.924258 -3.378807 -0.190008 1.087744 -2.478942 
-1.559699 3.924263 -3.378885 -0.190146 1.087567 -2.478903 
-1.559727 3.924229 -3.378714 -0.189995 1.087686 -2.478984 
-1.559822 3.924388 -3.378674 -0.190063 1.087815 -2.478841 
-1.559765 3.924483 -3.378682 -0.190025 1.087797 -2.478872 
-1.559698 3.924560 -3.378670 -0.189827 1.087805 -2.478773 
-1.559506 3.924616 -3.378625 -0.189814 1.087937 -2.478781 
-1.559646 3.924560 -3.378678 -0.189878 1.087740 -2.478701 
-1.559679 3.924702 -3.378738 -0.189836 1.087570 -2.478636 
-1.559768 3.924726 -3.378707 -0.189801 1.087493 -2.478429 
-1.559686 3.924878 -3.378726 -0.189774 1.087382 -2.478301 
-1.559663 3.925038 -3.378747 -0.189649 1.087296 -2.478202 
-1.559705 3.925218 -3.378697 -0.189784 1.087252 -2.478150 
-1.559719 3.925294 -3.378883 -0.189867 1.087280 -2.478045 
-1.559757 3.925277 -3.378922 -0.189878 1.087182 -2.478088 
-1.559632 3.925408 -3.378793 -0.189948 1.087198 -2.477910 
-1.559771 3.925518 -3.378701 -0.189956 1.087190 -2.477771 
-1.559728 3.925750 -3.378658 -0.189991 1.087191 -2.477793 
-1.559727 3.925832 -3.378570 -0.190201 1.087219 -2.477770 
-1.559731 3.925770 -3.378762 -0.190020 1.087211 -2.477743 
-1.559658 3.925842 -3.378656 -0.189805 1.087125 -2.477708 
-1.559834 3.925934 -3.378649 -0.189675 1.087177 -2.477699 
-1.559702 3.925850 -3.378674 -0.189826 1.087015 -2.477720 
-1.559587 3.925920 -3.378758 -0.189705 1.086949 -2.477844 
-1.559570 3.926023 -3.378725 -0.189759 1.086955 -2.477848 
-1.559474 3.926131 -3.378658 -0.189713 1.086846 -2.477706 
-1.559409 3.926191 -3.378459 -0.189675 1.086742 -2.477721 
-1.559312 3.926346 -3.378440 -0.189677 1.086634 -2.477602 
-1.559216 3.926498 -3.378432 -0.189678 1.086529 -2.477475 
-1.559119 3.926651 -3.378412 -0.189678 1.086421 -2.477354 
-1.559020 3.926801 -3.378365 -0.189674 1.086306 -2.477246 
-1.558927 3.926924 -3.378233 -0.189653 1.086183 -2.477191 
-1.558829 3.927078 -3.378206 -0.189654 1.086072 -2.477075 
-1.558730 3.927229 -3.378150 -0.189650 1.085955 -2.476974 
-1.558632 3.927367 -3.378051 -0.189637 1.085832 -2.476898 
-1.558536 3.927523 -3.378041 -0.189642 1.085726 -2.476776 
-1.558437 3.927671 -3.377968 -0.189635 1.085606 -2.476685 
-1.558385 3.927788 -3.378111 -0.189669 1.085574 -2.476542 
-1.558190 3.927778 -3.378069 -0.189664 1.085698 -2.476479 
-1.558384 3.927842 -3.378135 -0.189574 1.085601 -2.476583 
-1.558542 3.927843 -3.378032 -0.189667 1.085555 -2.476384 
-1.558569 3.927775 -3.378058 -0.189617 1.085348 -2.476293 
-1.558653 3.927885 -3.378051 -0.189741 1.085189 -2.476283 
-1.558807 3.927800 -3.378194 -0.189790 1.085187 -2.476207 
-1.558590 3.927933 -3.378103 -0.189754 1.085201 -2.476209 
-1.558504 3.927956 -3.377961 -0.189762 1.085118 -2.476052 
-1.558508 3.928111 -3.377952 -0.189598 1.085043 -2.476000 
-1.558381 3.928214 -3.377961 -0.189513 1.084885 -2.475975 
-1.558347 3.928425 -3.377884 -0.189465 1.084880 -2.475900 
-1.558393 3.928478 -3.377919 -0.189363 1.084776 -2.475721 
-1.558275 3.928452 -3.377879 -0.189179 1.084855 -2.475667 
-1.558417 3.928443 -3.377814 -0.189355 1.084731 -2.475727 
-1.558544 3.928567 -3.377846 -0.189387 1.084590 -2.475806 
-1.558501 3.928607 -3.377828 -0.189576 1.084491 -2.475706 
-1.558543 3.928674 -3.377782 -0.189590 1.084564 -2.475677 
-1.558737 3.928571 -3.377837 -0.189659 1.084567 -2.475619 
-1.558550 3.928696 -3.377793 -0.189521 1.084526 -2.475587 
-1.558493 3.928874 -3.377743 -0.189442 1.084408 -2.475543 
-1.558559 3.929008 -3.377729 -0.189378 1.084268 -2.475428 
-1.558588 3.929224 -3.377622 -0.189406 1.084279 -2.475432 
-1.558458 3.929268 -3.377555 -0.189483 1.084241 -2.475262 
-1.558392 3.929405 -3.377733 -0.189503 1.084275 -2.475203 
-1.558286 3.929543 -3.377689 -0.189406 1.084255 -2.475072 
-1.558176 3.929686 -3.377677 -0.189444 1.084104 -2.475019 
-1.558097 3.929844 -3.377659 -0.189484 1.083989 -2.474904 
-1.558016 3.930005 -3.377636 -0.189500 1.083894 -2.474772 
-1.557938 3.930111 -3.377587 -0.189367 1.083938 -2.474629 
-1.557926 3.930172 -3.377536 -0.189409 1.084002 -2.474679 
-1.557816 3.930206 -3.377607 -0.189452 1.083775 -2.474591 
-1.557756 3.930321 -3.377676 -0.189578 1.083662 -2.474493 
-1.557529 3.930343 -3.377759 -0.189585 1.083635 -2.474490 
-1.557784 3.930386 -3.377738 -0.189526 1.083646 -2.474549 
-1.557799 3.930491 -3.377654 -0.189527 1.083443 -2.474556 
-1.557854 3.930541 -3.377715 -0.189453 1.083303 -2.474397 
-1.557928 3.930526 -3.377814 -0.189510 1.083102 -2.474379 
-1.557867 3.930619 -3.377732 -0.189533 1.083336 -2.474366 
-1.557861 3.930766 -3.377642 -0.189396 1.083304 -2.474265 
-1.557882 3.930909 -3.377589 -0.189282 1.083198 -2.474157 
-1.557941 3.931082 -3.377630 -0.189368 1.083115 -2.474055 
-1.557988 3.931242 -3.377624 -0.189331 1.082984 -2.473941 
-1.557967 3.931448 -3.377501 -0.189330 1.083029 -2.473943 
-1.558031 3.931424 -3.377343 -0.189404 1.083007 -2.473788 
-1.557919 3.931419 -3.377341 -0.189430 1.082975 -2.473762 
-1.557844 3.931577 -3.377379 -0.189413 1.082954 -2.473599 
-1.557771 3.931754 -3.377387 -0.189427 1.082861 -2.473480 
-1.557732 3.931933 -3.377392 -0.189428 1.082797 -2.473332 
-1.557690 3.932111 -3.377386 -0.189441 1.082715 -2.473193 
-1.557707 3.932265 -3.377372 -0.189433 1.082700 -2.473006 
-1.557690 3.932418 -3.377316 -0.189473 1.082600 -2.472860 
-1.557619 3.932609 -3.377372 -0.189453 1.082538 -2.472757 
-1.557595 3.932795 -3.377407 -0.189430 1.082503 -2.472611 
-1.557514 3.932970 -3.377410 -0.189456 1.082381 -2.472527 
-1.557495 3.933135 -3.377377 -0.189478 1.082302 -2.472371 
-1.557469 3.933327 -3.377421 -0.189451 1.082265 -2.472237 
-1.557459 3.933503 -3.377415 -0.189451 1.082211 -2.472078 
-1.557388 3.933692 -3.377438 -0.189460 1.082104 -2.471994 
-1.557350 3.933874 -3.377432 -0.189473 1.082015 -2.471864 
-1.557364 3.934039 -3.377433 -0.189458 1.081998 -2.471686 
-1.557326 3.934216 -3.377415 -0.189479 1.081902 -2.471555 
-1.557343 3.934366 -3.377377 -0.189489 1.081863 -2.471372 
-1.557308 3.934567 -3.377439 -0.189458 1.081812 -2.471269 
-1.557256 3.934756 -3.377447 -0.189469 1.081712 -2.471164 
-1.557253 3.934941 -3.377460 -0.189456 1.081668 -2.471012 
-1.557238 3.935126 -3.377464 -0.189453 1.081607 -2.470866 
-1.557185 3.935309 -3.377461 -0.189472 1.081498 -2.470761 
-1.557176 3.935491 -3.377460 -0.189471 1.081441 -2.470608 
-1.557125 3.935661 -3.377434 -0.189504 1.081324 -2.470497 
-1.557124 3.935837 -3.377424 -0.189505 1.081269 -2.470337 
-1.557079 3.935989 -3.377371 -0.189554 1.081145 -2.470219 
-1.557039 3.936194 -3.377449 -0.189517 1.081089 -2.470147 
-1.557042 3.936385 -3.377483 -0.189488 1.081060 -2.470004 
-1.557027 3.936582 -3.377512 -0.189471 1.081005 -2.469876 
-1.557068 3.936710 -3.377467 -0.189475 1.080995 -2.469677 
-1.557038 3.936889 -3.377451 -0.189493 1.080904 -2.469544 
-1.557028 3.937087 -3.377488 -0.189469 1.080856 -2.469418 
-1.556997 3.937276 -3.377491 -0.189476 1.080770 -2.469294 
-1.556996 3.937454 -3.377481 -0.189477 1.080712 -2.469138 
-1.556961 3.937636 -3.377470 -0.189494 1.080617 -2.469012 
-1.557004 3.937763 -3.377416 -0.189505 1.080599 -2.468816 
-1.556912 3.937866 -3.377388 -0.189352 1.080553 -2.468697 
-1.556812 3.938030 -3.377420 -0.189331 1.080555 -2.468551 
-1.556798 3.938078 -3.377291 -0.189324 1.080357 -2.468515 
-1.556920 3.938199 -3.377287 -0.189220 1.080218 -2.468512 
-1.557041 3.938198 -3.377153 -0.189183 1.080203 -2.468352 
-1.557121 3.938321 -3.377121 -0.189292 1.080048 -2.468326 
-1.557099 3.938446 -3.377056 -0.189212 1.079876 -2.468267 
-1.557151 3.938623 -3.377052 -0.189150 1.079754 -2.468184 
-1.557114 3.938763 -3.376982 -0.189152 1.079609 -2.468071 
-1.557145 3.938941 -3.376965 -0.189132 1.079492 -2.467960 
-1.557036 3.939006 -3.376855 -0.189197 1.079371 -2.467848 
-1.557031 3.939013 -3.376762 -0.189038 1.079394 -2.467690 
-1.556890 3.939140 -3.376797 -0.188913 1.079334 -2.467634 
-1.556908 3.939256 -3.376764 -0.188943 1.079354 -2.467425 
-1.557015 3.939363 -3.376675 -0.188889 1.079220 -2.467335 
-1.556953 3.939455 -3.376593 -0.189011 1.079085 -2.467249 
-1.556941 3.939605 -3.376570 -0.189127 1.078959 -2.467166 
-1.556803 3.939620 -3.376436 -0.189078 1.078874 -2.467053 
-1.556832 3.939719 -3.376331 -0.188983 1.078752 -2.466933 
-1.556796 3.939791 -3.376260 -0.188995 1.078779 -2.466716 
-1.556669 3.939933 -3.376254 -0.188923 1.078701 -2.466607 
-1.556615 3.940032 -3.376163 -0.189024 1.078557 -2.466518 
-1.556593 3.940179 -3.376107 -0.189080 1.078432 -2.466395 
-1.556492 3.940334 -3.376102 -0.189015 1.078352 -2.466274 
-1.556408 3.940490 -3.376091 -0.188958 1.078286 -2.466130 
-1.556380 3.940640 -3.376037 -0.189010 1.078158 -2.466010 
-1.556352 3.940790 -3.375983 -0.189059 1.078032 -2.465887 
-1.556278 3.940948 -3.375963 -0.189022 1.077954 -2.465742 
-1.556208 3.941107 -3.375941 -0.188990 1.077875 -2.465595 
-1.556162 3.941265 -3.375901 -0.188999 1.077775 -2.465450 
-1.556077 3.941407 -3.375903 -0.188912 1.077750 -2.465295 
-1.556132 3.941498 -3.375845 -0.188805 1.077569 -2.465317 
-1.556102 3.941673 -3.375964 -0.188869 1.077473 -2.465346 
-1.556175 3.941849 -3.375975 -0.188922 1.077373 -2.465245 
-1.556076 3.941964 -3.375920 -0.189006 1.077218 -2.465196 
-1.556037 3.942154 -3.375981 -0.188930 1.077150 -2.465107 
-1.556034 3.942324 -3.375984 -0.188826 1.077048 -2.465010 
-1.555985 3.942509 -3.376041 -0.188798 1.077016 -2.464877 
-1.555962 3.942662 -3.375986 -0.188764 1.076883 -2.464759 
-1.555915 3.942828 -3.375960 -0.188767 1.076785 -2.464620 
-1.555831 3.942979 -3.375929 -0.188826 1.076669 -2.464511 
-1.555771 3.943138 -3.375893 -0.188848 1.076552 -2.464388 
-1.555791 3.943248 -3.375801 -0.188760 1.076390 -2.464319 
-1.555749 3.943422 -3.375787 -0.188737 1.076287 -2.464191 
-1.555697 3.943580 -3.375747 -0.188750 1.076170 -2.464064 
-1.555651 3.943751 -3.375725 -0.188739 1.076063 -2.463935 
-1.555694 3.943916 -3.375697 -0.188789 1.075943 -2.463822 
-1.555623 3.943996 -3.375600 -0.188745 1.075901 -2.463634 
-1.555609 3.944136 -3.375590 -0.188620 1.075864 -2.463483 
-1.555496 3.944238 -3.375628 -0.188716 1.075909 -2.463329 
-1.555427 3.944402 -3.375472 -0.188724 1.075959 -2.463364 
-1.555343 3.944406 -3.375498 -0.188710 1.075885 -2.463404 
-1.555254 3.944460 -3.375440 -0.188727 1.075763 -2.463231 
-1.555091 3.944452 -3.375390 -0.188657 1.075757 -2.463071 
-1.555284 3.944530 -3.375490 -0.188648 1.075757 -2.463216 
-1.555275 3.944578 -3.375449 -0.188870 1.075616 -2.463177 
-1.555360 3.944562 -3.375309 -0.188813 1.075445 -2.463185 
-1.555337 3.944498 -3.375386 -0.188801 1.075381 -2.463195 
-1.555511 3.944493 -3.375333 -0.188857 1.075470 -2.463015 
-1.555338 3.944727 -3.375257 -0.188925 1.075324 -2.463230 
-1.555369 3.944508 -3.375271 -0.188863 1.075460 -2.463238 
-1.555326 3.944549 -3.375290 -0.188821 1.075440 -2.463158 
-1.555290 3.944584 -3.375273 -0.188746 1.075433 -2.463119 
-1.555297 3.944610 -3.375269 -0.188710 1.075420 -2.463031 
-1.555240 3.944657 -3.375302 -0.188686 1.075457 -2.462992 
-1.555218 3.944723 -3.375284 -0.188696 1.075388 -2.462990 
-1.555190 3.944769 -3.375241 -0.188655 1.075336 -2.462961 
-1.555213 3.944805 -3.375248 -0.188686 1.075300 -2.462885 
-1.555273 3.944878 -3.375258 -0.188656 1.075306 -2.462895 
-1.555274 3.944864 -3.375293 -0.188635 1.075280 -2.462896 
-1.555252 3.944925 -3.375296 -0.188658 1.075219 -2.462857 
-1.555226 3.944985 -3.375301 -0.188667 1.075169 -2.462800 
-1.555202 3.945051 -3.375306 -0.188676 1.075116 -2.462754 
-1.555177 3.945115 -3.375312 -0.188682 1.075064 -2.462704 
-1.555179 3.945171 -3.375315 -0.188700 1.075008 -2.462762 
-1.555190 3.945160 -3.375280 -0.188678 1.074985 -2.462758 
-1.555207 3.945143 -3.375256 -0.188759 1.074950 -2.462726 
-1.555148 3.945138 -3.375282 -0.188680 1.074970 -2.462766 
-1.555149 3.945207 -3.375213 -0.188684 1.075024 -2.462759 
-1.555137 3.945229 -3.375225 -0.188672 1.075006 -2.462723 
-1.555107 3.945293 -3.375217 -0.188618 1.074978 -2.462687 
-1.555084 3.945347 -3.375192 -0.188620 1.074933 -2.462625 
-1.555059 3.945396 -3.375166 -0.188612 1.074898 -2.462554 
-1.555039 3.945469 -3.375138 -0.188620 1.074841 -2.462542 
-1.555013 3.945542 -3.375113 -0.188606 1.074794 -2.462512 
-1.554987 3.945603 -3.375085 -0.188599 1.074750 -2.462457 
-1.554963 3.945655 -3.375058 -0.188600 1.074709 -2.462392 
-1.554938 3.945713 -3.375030 -0.188597 1.074666 -2.462334 
-1.554913 3.945787 -3.375004 -0.188588 1.074616 -2.462307 
-1.554888 3.945841 -3.374977 -0.188583 1.074575 -2.462244 
-1.554862 3.945910 -3.374951 -0.188572 1.074529 -2.462203 
-1.554837 3.945987 -3.374927 -0.188556 1.074480 -2.462189 
-1.554811 3.946044 -3.374900 -0.188551 1.074439 -2.462128 
-1.554785 3.946110 -3.374874 -0.188539 1.074394 -2.462082 
-1.554775 3.946105 -3.374856 -0.188557 1.074384 -2.461987 
-1.554750 3.946158 -3.374791 -0.188598 1.074367 -2.461964 
-1.554707 3.946205 -3.374749 -0.188556 1.074391 -2.461922 
-1.554674 3.946263 -3.374802 -0.188602 1.074402 -2.461901 
-1.554729 3.946332 -3.374794 -0.188613 1.074381 -2.461861 
-1.554724 3.946393 -3.374784 -0.188633 1.074320 -2.461815 
-1.554718 3.946452 -3.374776 -0.188649 1.074255 -2.461771 
-1.554748 3.946521 -3.374757 -0.188680 1.074236 -2.461720 
-1.554700 3.946575 -3.374777 -0.188733 1.074218 -2.461683 
-1.554702 3.946654 -3.374775 -0.188723 1.074196 -2.461738 
-1.554719 3.946703 -3.374829 -0.188684 1.074168 -2.461692 
-1.554767 3.946708 -3.374879 -0.188728 1.074112 -2.461697 
-1.554706 3.946693 -3.374808 -0.188673 1.074128 -2.461687 
-1.554685 3.946751 -3.374784 -0.188626 1.074103 -2.461633 
-1.554635 3.946798 -3.374789 -0.188569 1.074075 -2.461596 
-1.554682 3.946820 -3.374756 -0.188494 1.074062 -2.461576 
-1.554685 3.946791 -3.374768 -0.188491 1.074067 -2.461538 
-1.554647 3.946871 -3.374704 -0.188524 1.074048 -2.461527 
-1.554588 3.946866 -3.374651 -0.188518 1.073988 -2.461519 
-1.554607 3.946907 -3.374680 -0.188546 1.073912 -2.461495 
-1.554585 3.946975 -3.374685 -0.188565 1.073858 -2.461456 
-1.554602 3.947016 -3.374653 -0.188616 1.073799 -2.461425 
-1.554606 3.947078 -3.374652 -0.188584 1.073749 -2.461475 
-1.554556 3.947088 -3.374686 -0.188650 1.073735 -2.461516 
-1.554583 3.947051 -3.374641 -0.188571 1.073720 -2.461474 
-1.554589 3.947086 -3.374673 -0.188539 1.073663 -2.461415 
-1.554554 3.947145 -3.374640 -0.188507 1.073640 -2.461363 
-1.554535 3.947201 -3.374616 -0.188472 1.073599 -2.461308 
-1.554524 3.947254 -3.374602 -0.188437 1.073550 -2.461252 
-1.554485 3.947265 -3.374535 -0.188406 1.073501 -2.461230 
-1.554433 3.947307 -3.374553 -0.188342 1.073528 -2.461210 
-1.554502 3.947242 -3.374523 -0.188391 1.073521 -2.461200 
-1.554444 3.947280 -3.374534 -0.188475 1.073493 -2.461174 
-1.554473 3.947355 -3.374491 -0.188512 1.073481 -2.461158 
-1.554475 3.947377 -3.374505 -0.188540 1.073399 -2.461116 
-1.554441 3.947399 -3.374468 -0.188604 1.073349 -2.461099 
-1.554471 3.947436 -3.374535 -0.188658 1.073358 -2.461079 
-1.554410 3.947430 -3.374482 -0.188587 1.073348 -2.461109 
-1.554381 3.947465 -3.374468 -0.188541 1.073351 -2.461034 
-1.554372 3.947524 -3.374454 -0.188479 1.073303 -2.461026 
-1.554303 3.947512 -3.374486 -0.188437 1.073266 -2.460994 
-1.554247 3.947570 -3.374456 -0.188400 1.073295 -2.460979 
-1.554261 3.947631 -3.374520 -0.188412 1.073286 -2.460936 
-1.554271 3.947656 -3.374498 -0.188406 1.073232 -2.460860 
-1.554303 3.947671 -3.374506 -0.188346 1.073212 -2.460792 
-1.554280 3.947719 -3.374498 -0.188374 1.073135 -2.460773 
-1.554246 3.947749 -3.374491 -0.188423 1.073086 -2.460717 
-1.554218 3.947807 -3.374513 -0.188457 1.073027 -2.460689 
-1.554173 3.947848 -3.374452 -0.188461 1.072983 -2.460664 
-1.554191 3.947838 -3.374436 -0.188470 1.072898 -2.460618 
-1.554149 3.947880 -3.374429 -0.188500 1.072882 -2.460546 
-1.554121 3.947952 -3.374424 -0.188492 1.072840 -2.460500 
-1.554096 3.948022 -3.374422 -0.188486 1.072795 -2.460450 
-1.554073 3.948084 -3.374424 -0.188489 1.072750 -2.460389 
-1.554049 3.948144 -3.374417 -0.188485 1.072707 -2.460327 
-1.554026 3.948204 -3.374418 -0.188488 1.072663 -2.460264 
-1.554003 3.948253 -3.374381 -0.188466 1.072631 -2.460199 
-1.553976 3.948304 -3.374350 -0.188446 1.072596 -2.460136 
-1.554031 3.948307 -3.374338 -0.188476 1.072592 -2.460060 
-1.554048 3.948339 -3.374315 -0.188489 1.072601 -2.460081 
-1.554004 3.948371 -3.374349 -0.188461 1.072543 -2.460010 
-1.553970 3.948431 -3.374345 -0.188444 1.072497 -2.459957 
-1.553926 3.948486 -3.374327 -0.188415 1.072457 -2.459910 
-1.553912 3.948566 -3.374350 -0.188405 1.072409 -2.459888 
-1.553874 3.948561 -3.374395 -0.188388 1.072365 -2.459823 
-1.553847 3.948615 -3.374377 -0.188379 1.072326 -2.459756 
-1.553843 3.948679 -3.374385 -0.188388 1.072283 -2.459693 
-1.553834 3.948742 -3.374385 -0.188393 1.072240 -2.459629 
-1.553806 3.948794 -3.374370 -0.188383 1.072200 -2.459562 
-1.553797 3.948859 -3.374364 -0.188388 1.072159 -2.459499 
-1.553773 3.948915 -3.374347 -0.188380 1.072119 -2.459433 
-1.553789 3.948991 -3.374350 -0.188403 1.072085 -2.459386 
-1.553727 3.949041 -3.374363 -0.188447 1.072076 -2.459346 
-1.553719 3.949084 -3.374360 -0.188448 1.072002 -2.459295 
-1.553713 3.949143 -3.374371 -0.188428 1.071966 -2.459227 
-1.553708 3.949202 -3.374381 -0.188408 1.071930 -2.459158 
-1.553697 3.949254 -3.374349 -0.188405 1.071873 -2.459104 
-1.553674 3.949298 -3.374339 -0.188401 1.071809 -2.459047 
-1.553659 3.949356 -3.374319 -0.188388 1.071767 -2.458982 
-1.553652 3.949419 -3.374288 -0.188371 1.071741 -2.458919 
-1.553633 3.949468 -3.374272 -0.188366 1.071681 -2.458860 
-1.553615 3.949520 -3.374255 -0.188358 1.071628 -2.458799 
-1.553614 3.949585 -3.374230 -0.188329 1.071639 -2.458735 
-1.553650 3.949658 -3.374214 -0.188364 1.071596 -2.458724 
-1.553584 3.949687 -3.374174 -0.188419 1.071608 -2.458718 
-1.553601 3.949666 -3.374174 -0.188445 1.071615 -2.458686 
-1.553581 3.949725 -3.374112 -0.188387 1.071549 -2.458703 
-1.553557 3.949796 -3.374124 -0.188368 1.071494 -2.458675 
-1.553540 3.949876 -3.374124 -0.188346 1.071446 -2.458651 
-1.553529 3.949955 -3.374106 -0.188321 1.071398 -2.458631 
-1.553514 3.950001 -3.374111 -0.188320 1.071334 -2.458570 
-1.553493 3.950051 -3.374120 -0.188319 1.071258 -2.458538 
-1.553478 3.950118 -3.374120 -0.188320 1.071247 -2.458466 
-1.553486 3.950144 -3.374067 -0.188305 1.071200 -2.458401 
-1.553488 3.950216 -3.374053 -0.188269 1.071163 -2.458358 
-1.553468 3.950282 -3.374025 -0.188267 1.071122 -2.458306 
-1.553445 3.950351 -3.373993 -0.188268 1.071091 -2.458253 
-1.553442 3.950411 -3.373982 -0.188242 1.071029 -2.458212 
-1.553425 3.950472 -3.373959 -0.188236 1.070972 -2.458164 
-1.553409 3.950544 -3.373942 -0.188223 1.070928 -2.458119 
-1.553400 3.950625 -3.373933 -0.188196 1.070895 -2.458080 
-1.553383 3.950675 -3.373909 -0.188193 1.070829 -2.458032 
-1.553364 3.950735 -3.373886 -0.188191 1.070773 -2.457984 
-1.553346 3.950806 -3.373866 -0.188182 1.070729 -2.457937 
-1.553344 3.950894 -3.373872 -0.188141 1.070736 -2.457915 
-1.553392 3.950947 -3.373855 -0.188206 1.070716 -2.457921 
-1.553335 3.951002 -3.373816 -0.188231 1.070683 -2.457900 
-1.553319 3.951023 -3.373856 -0.188269 1.070674 -2.457820 
-1.553337 3.951032 -3.373784 -0.188264 1.070688 -2.457755 
-1.553334 3.951075 -3.373762 -0.188258 1.070614 -2.457708 
-1.553319 3.951135 -3.373734 -0.188266 1.070562 -2.457657 
-1.553302 3.951195 -3.373691 -0.188282 1.070540 -2.457598 
-1.553286 3.951251 -3.373681 -0.188285 1.070468 -2.457561 
-1.553267 3.951277 -3.373645 -0.188314 1.070402 -2.457512 
-1.553320 3.951351 -3.373651 -0.188306 1.070381 -2.457479 
-1.553275 3.951384 -3.373652 -0.188238 1.070368 -2.457432 
-1.553240 3.951431 -3.373609 -0.188174 1.070346 -2.457438 
-1.553180 3.951482 -3.373640 -0.188146 1.070341 -2.457393 
-1.553180 3.951469 -3.373660 -0.188077 1.070285 -2.457353 
-1.553174 3.951475 -3.373611 -0.188053 1.070330 -2.457283 
-1.553207 3.951500 -3.373628 -0.188038 1.070347 -2.457287 
-1.553129 3.951440 -3.373634 -0.188003 1.070381 -2.457317 
-1.553168 3.951496 -3.373580 -0.188035 1.070320 -2.457307 
-1.553159 3.951526 -3.373610 -0.188097 1.070275 -2.457236 
-1.553176 3.951547 -3.373586 -0.188144 1.070209 -2.457190 
-1.553116 3.951603 -3.373609 -0.188166 1.070179 -2.457152 
-1.553059 3.951578 -3.373618 -0.188205 1.070162 -2.457087 
-1.553072 3.951642 -3.373660 -0.188222 1.070157 -2.457027 
-1.553041 3.951717 -3.373647 -0.188228 1.070124 -2.456981 
-1.553047 3.951775 -3.373629 -0.188254 1.070078 -2.456921 
-1.553001 3.951829 -3.373633 -0.188261 1.070070 -2.456851 
-1.552989 3.951875 -3.373630 -0.188285 1.070044 -2.456771 
-1.552958 3.951924 -3.373660 -0.188277 1.069988 -2.456722 
-1.552923 3.951984 -3.373684 -0.188287 1.069941 -2.456673 
-1.552909 3.952027 -3.373691 -0.188295 1.069902 -2.456594 
-1.552882 3.952084 -3.373704 -0.188312 1.069862 -2.456531 
-1.552919 3.952057 -3.373671 -0.188301 1.069865 -2.456449 
-1.552924 3.952100 -3.373672 -0.188212 1.069856 -2.456434 
-1.552865 3.952073 -3.373625 -0.188183 1.069804 -2.456428 
-1.552836 3.952061 -3.373643 -0.188175 1.069833 -2.456414 
-1.552884 3.952056 -3.373681 -0.188147 1.069739 -2.456402 
-1.552889 3.952117 -3.373655 -0.188098 1.069708 -2.456356 
-1.552915 3.952142 -3.373620 -0.188017 1.069688 -2.456335 
-1.552898 3.952164 -3.373636 -0.188003 1.069685 -2.456371 
-1.552892 3.952194 -3.373616 -0.188048 1.069638 -2.456278 
-1.552875 3.952236 -3.373619 -0.188077 1.069576 -2.456220 
-1.552876 3.952258 -3.373606 -0.188096 1.069522 -2.456143 
-1.552846 3.952326 -3.373613 -0.188105 1.069463 -2.456113 
-1.552828 3.952396 -3.373596 -0.188100 1.069416 -2.456066 
-1.552810 3.952468 -3.373576 -0.188094 1.069372 -2.456019 
-1.552789 3.952535 -3.373570 -0.188093 1.069316 -2.455976 
-1.552782 3.952589 -3.373540 -0.188097 1.069276 -2.455909 
-1.552762 3.952648 -3.373541 -0.188102 1.069213 -2.455862 
-1.552759 3.952683 -3.373521 -0.188118 1.069163 -2.455787 
-1.552747 3.952755 -3.373515 -0.188082 1.069116 -2.455753 
-1.552722 3.952818 -3.373536 -0.188074 1.069050 -2.455730 
-1.552716 3.952880 -3.373527 -0.188046 1.068998 -2.455680 
-1.552704 3.952937 -3.373532 -0.188033 1.068934 -2.455632 
-1.552703 3.952997 -3.373515 -0.188000 1.068889 -2.455577 
-1.552694 3.953046 -3.373505 -0.188005 1.068831 -2.455514 
-1.552679 3.953098 -3.373537 -0.187975 1.068761 -2.455495 
-1.552679 3.953144 -3.373486 -0.187973 1.068692 -2.455515 
-1.552744 3.953208 -3.373514 -0.188000 1.068699 -2.455513 
-1.552646 3.953172 -3.373485 -0.187982 1.068713 -2.455523 
-1.552586 3.953227 -3.373490 -0.187958 1.068693 -2.455475 
-1.552534 3.953286 -3.373452 -0.187946 1.068675 -2.455431 
-1.552466 3.953332 -3.373464 -0.187960 1.068638 -2.455391 
-1.552401 3.953391 -3.373471 -0.187937 1.068611 -2.455359 
-1.552356 3.953434 -3.373417 -0.187972 1.068584 -2.455326 
-1.552313 3.953451 -3.373417 -0.187992 1.068608 -2.455242 
-1.552306 3.953420 -3.373398 -0.187964 1.068538 -2.455189 
-1.552361 3.953484 -3.373416 -0.187980 1.068506 -2.455153 
-1.552330 3.953538 -3.373417 -0.188007 1.068450 -2.455106 
-1.552306 3.953603 -3.373398 -0.188014 1.068406 -2.455053 
-1.552267 3.953652 -3.373401 -0.188044 1.068349 -2.455009 
-1.552261 3.953708 -3.373371 -0.188067 1.068308 -2.454949 
-1.552237 3.953770 -3.373400 -0.188035 1.068274 -2.454899 
-1.552221 3.953840 -3.373404 -0.188006 1.068210 -2.454890 
-1.552190 3.953932 -3.373419 -0.188007 1.068209 -2.454875 
-1.552142 3.953983 -3.373416 -0.187972 1.068166 -2.454830 
-1.552134 3.954044 -3.373447 -0.187958 1.068110 -2.454786 
-1.552125 3.954116 -3.373432 -0.187950 1.068056 -2.454747 
-1.552110 3.954191 -3.373426 -0.187943 1.068010 -2.454703 
-1.552092 3.954264 -3.373439 -0.187935 1.067968 -2.454654 
-1.552076 3.954340 -3.373408 -0.187932 1.067928 -2.454616 
-1.552056 3.954412 -3.373392 -0.187931 1.067874 -2.454582 
-1.552048 3.954486 -3.373388 -0.187919 1.067891 -2.454518 
-1.552090 3.954527 -3.373365 -0.187847 1.067865 -2.454508 
-1.552069 3.954499 -3.373353 -0.187829 1.067856 -2.454480 
-1.552127 3.954496 -3.373338 -0.187878 1.067830 -2.454423 
-1.552109 3.954555 -3.373280 -0.187911 1.067821 -2.454381 
-1.552094 3.954619 -3.373282 -0.187936 1.067788 -2.454319 
-1.552083 3.954684 -3.373276 -0.187962 1.067768 -2.454251 
-1.552079 3.954740 -3.373224 -0.187989 1.067784 -2.454196 
-1.552062 3.954794 -3.373195 -0.188024 1.067724 -2.454161 
-1.552084 3.954837 -3.373193 -0.188058 1.067697 -2.454085 
-1.552105 3.954843 -3.373101 -0.188090 1.067700 -2.454080 
-1.552062 3.954808 -3.373182 -0.188042 1.067689 -2.454058 
-1.552010 3.954788 -3.373200 -0.188120 1.067710 -2.454051 
-1.552040 3.954836 -3.373175 -0.188027 1.067719 -2.454050 
-1.551998 3.954889 -3.373167 -0.187971 1.067688 -2.454014 
-1.551981 3.954930 -3.373166 -0.187906 1.067693 -2.453954 
-1.551922 3.954943 -3.373142 -0.187840 1.067682 -2.453991 
-1.551963 3.954924 -3.373212 -0.187905 1.067695 -2.453956 
-1.551934 3.954971 -3.373144 -0.187955 1.067674 -2.453901 
-1.551960 3.955064 -3.373158 -0.187967 1.067659 -2.453912 
-1.551974 3.955077 -3.373158 -0.187964 1.067571 -2.453868 
-1.551977 3.955135 -3.373144 -0.187981 1.067544 -2.453795 
-1.551977 3.955193 -3.373126 -0.188013 1.067505 -2.453733 
-1.551971 3.955182 -3.373120 -0.188063 1.067433 -2.453779 
-1.551970 3.955202 -3.373085 -0.187991 1.067499 -2.453745 
-1.551908 3.955241 -3.373111 -0.187937 1.067474 -2.453725 
-1.551931 3.955286 -3.373105 -0.187871 1.067446 -2.453677 
-1.551889 3.955248 -3.373074 -0.187852 1.067432 -2.453604 
-1.551849 3.955324 -3.373053 -0.187830 1.067453 -2.453568 
-1.551827 3.955322 -3.373062 -0.187733 1.067458 -2.453569 
-1.551842 3.955327 -3.373018 -0.187827 1.067427 -2.453591 
-1.551834 3.955362 -3.373037 -0.187866 1.067351 -2.453559 
-1.551878 3.955394 -3.372997 -0.187906 1.067315 -2.453510 
-1.551837 3.955419 -3.372984 -0.187983 1.067281 -2.453488 
-1.551875 3.955490 -3.373008 -0.188004 1.067268 -2.453534 
-1.551816 3.955452 -3.372975 -0.187959 1.067291 -2.453472 
-1.551804 3.955489 -3.372969 -0.187920 1.067228 -2.453417 
-1.551787 3.955512 -3.372883 -0.187896 1.067197 -2.453436 
-1.551781 3.955567 -3.372859 -0.187879 1.067191 -2.453358 
-1.551726 3.955620 -3.372861 -0.187844 1.067162 -2.453311 
-1.551757 3.955643 -3.372857 -0.187757 1.067164 -2.453281 
-1.551709 3.955581 -3.372849 -0.187836 1.067167 -2.453290 
-1.551724 3.955658 -3.372847 -0.187888 1.067098 -2.453263 
-1.551696 3.955723 -3.372820 -0.187934 1.067085 -2.453217 
-1.551659 3.955766 -3.372787 -0.187955 1.067013 -2.453214 
-1.551635 3.955808 -3.372829 -0.187994 1.066968 -2.453165 
-1.551660 3.955845 -3.372795 -0.188053 1.066926 -2.453125 
-1.551625 3.955801 -3.372836 -0.188032 1.066976 -2.453194 
-1.551630 3.955896 -3.372843 -0.187950 1.066971 -2.453172 
-1.551561 3.955921 -3.372829 -0.187909 1.066967 -2.453119 
-1.551548 3.955939 -3.372856 -0.187849 1.066898 -2.453101 
-1.551557 3.955971 -3.372900 -0.187811 1.066922 -2.453031 
-1.551552 3.956004 -3.372841 -0.187739 1.066916 -2.453022 
-1.551544 3.955952 -3.372918 -0.187785 1.066943 -2.453053 
-1.551515 3.956032 -3.372913 -0.187856 1.066878 -2.453007 
-1.551493 3.956011 -3.372902 -0.187888 1.066823 -2.452938 
-1.551529 3.956055 -3.372918 -0.187924 1.066756 -2.452910 
-1.551520 3.956096 -3.372890 -0.187993 1.066772 -2.452861 
-1.551467 3.956117 -3.372933 -0.188007 1.066707 -2.452837 
-1.551495 3.956091 -3.373004 -0.188026 1.066707 -2.452781 
-1.551468 3.956139 -3.372929 -0.187972 1.066713 -2.452810 
-1.551464 3.956175 -3.372895 -0.187926 1.066661 -2.452759 
-1.551462 3.956259 -3.372899 -0.187883 1.066636 -2.452736 
-1.551406 3.956282 -3.372878 -0.187831 1.066628 -2.452680 
-1.551445 3.956325 -3.372820 -0.187839 1.066648 -2.452626 
-1.551487 3.956334 -3.372800 -0.187756 1.066622 -2.452614 
-1.551501 3.956326 -3.372834 -0.187758 1.066623 -2.452581 
-1.551486 3.956368 -3.372826 -0.187785 1.066549 -2.452540 
-1.551465 3.956430 -3.372824 -0.187805 1.066493 -2.452493 
-1.551452 3.956492 -3.372844 -0.187820 1.066454 -2.452431 
-1.551431 3.956523 -3.372824 -0.187845 1.066386 -2.452377 
-1.551421 3.956608 -3.372814 -0.187833 1.066338 -2.452368 
-1.551418 3.956676 -3.372818 -0.187823 1.066284 -2.452321 
-1.551407 3.956721 -3.372812 -0.187832 1.066221 -2.452259 
-1.551417 3.956799 -3.372831 -0.187802 1.066185 -2.452223 
-1.551414 3.956885 -3.372802 -0.187817 1.066183 -2.452183 
-1.551336 3.956925 -3.372805 -0.187780 1.066173 -2.452156 
-1.551306 3.957003 -3.372825 -0.187788 1.066125 -2.452137 
-1.551290 3.957073 -3.372804 -0.187759 1.066073 -2.452109 
-1.551270 3.957142 -3.372819 -0.187745 1.066044 -2.452049 
-1.551251 3.957218 -3.372834 -0.187729 1.066017 -2.451997 
-1.551236 3.957298 -3.372811 -0.187692 1.065980 -2.452005 
-1.551199 3.957328 -3.372778 -0.187712 1.065919 -2.451956 
-1.551180 3.957333 -3.372802 -0.187683 1.065834 -2.451924 
-1.551244 3.957371 -3.372791 -0.187714 1.065783 -2.451895 
-1.551246 3.957396 -3.372748 -0.187683 1.065748 -2.451822 
-1.551228 3.957447 -3.372731 -0.187691 1.065688 -2.451766 
-1.551212 3.957501 -3.372714 -0.187695 1.065628 -2.451713 
-1.551197 3.957555 -3.372696 -0.187697 1.065567 -2.451659 
-1.551179 3.957608 -3.372681 -0.187704 1.065506 -2.451606 
-1.551170 3.957663 -3.372660 -0.187696 1.065447 -2.451552 
-1.551129 3.957695 -3.372675 -0.187762 1.065401 -2.451527 
-1.551118 3.957670 -3.372602 -0.187773 1.065343 -2.451506 
-1.551121 3.957644 -3.372632 -0.187759 1.065317 -2.451498 
-1.551124 3.957700 -3.372598 -0.187780 1.065355 -2.451412 
-1.551171 3.957768 -3.372595 -0.187793 1.065320 -2.451371 
-1.551113 3.957822 -3.372589 -0.187760 1.065310 -2.451322 
-1.551054 3.957875 -3.372582 -0.187725 1.065299 -2.451274 
-1.551005 3.957936 -3.372576 -0.187695 1.065284 -2.451222 
-1.551010 3.958017 -3.372571 -0.187673 1.065247 -2.451181 
-1.550984 3.958069 -3.372565 -0.187662 1.065244 -2.451101 
-1.550906 3.958109 -3.372560 -0.187618 1.065225 -2.451109 
-1.550903 3.958159 -3.372479 -0.187645 1.065237 -2.451099 
-1.550880 3.958209 -3.372525 -0.187712 1.065251 -2.451110 
-1.550891 3.958224 -3.372532 -0.187690 1.065290 -2.451117 
-1.550866 3.958264 -3.372514 -0.187741 1.065202 -2.451052 
-1.550830 3.958300 -3.372498 -0.187779 1.065173 -2.450982 
-1.550825 3.958364 -3.372483 -0.187808 1.065109 -2.450953 
-1.550785 3.958403 -3.372461 -0.187852 1.065074 -2.450897 
-1.550806 3.958465 -3.372450 -0.187865 1.065004 -2.450920 
-1.550881 3.958457 -3.372450 -0.187915 1.065007 -2.450876 
-1.550797 3.958472 -3.372494 -0.187886 1.065007 -2.450928 
-1.550785 3.958466 -3.372473 -0.187800 1.064956 -2.450870 
-1.550776 3.958541 -3.372473 -0.187754 1.064995 -2.450841 
-1.550721 3.958577 -3.372459 -0.187694 1.064969 -2.450807 
-1.550741 3.958592 -3.372478 -0.187602 1.064961 -2.450830 
-1.550740 3.958606 -3.372454 -0.187706 1.064936 -2.450813 
-1.550756 3.958637 -3.372448 -0.187708 1.064915 -2.450722 
-1.550721 3.958680 -3.372524 -0.187728 1.064896 -2.450702 
-1.550691 3.958756 -3.372493 -0.187741 1.064880 -2.450659 
-1.550657 3.958768 -3.372478 -0.187749 1.064802 -2.450610 
-1.550654 3.958822 -3.372470 -0.187775 1.064754 -2.450546 
-1.550597 3.958827 -3.372457 -0.187800 1.064761 -2.450470 
-1.550582 3.958877 -3.372460 -0.187737 1.064725 -2.450425 
-1.550558 3.958937 -3.372457 -0.187696 1.064675 -2.450386 
-1.550521 3.958995 -3.372449 -0.187671 1.064630 -2.450334 
-1.550474 3.959039 -3.372439 -0.187658 1.064599 -2.450267 
-1.550466 3.959107 -3.372436 -0.187621 1.064536 -2.450261 
-1.550477 3.959113 -3.372504 -0.187590 1.064497 -2.450209 
-1.550513 3.959117 -3.372453 -0.187542 1.064470 -2.450154 
-1.550531 3.959194 -3.372470 -0.187523 1.064519 -2.450128 
-1.550490 3.959107 -3.372456 -0.187502 1.064483 -2.450165 
-1.550517 3.959155 -3.372451 -0.187588 1.064400 -2.450115 
-1.550556 3.959193 -3.372457 -0.187625 1.064326 -2.450102 
-1.550541 3.959192 -3.372454 -0.187681 1.064308 -2.450022 
-1.550517 3.959232 -3.372375 -0.187715 1.064301 -2.450042 
-1.550526 3.959227 -3.372351 -0.187681 1.064290 -2.450020 
-1.550465 3.959259 -3.372368 -0.187647 1.064231 -2.450001 
-1.550453 3.959253 -3.372351 -0.187630 1.064141 -2.449967 
-1.550457 3.959315 -3.372349 -0.187599 1.064097 -2.449911 
-1.550427 3.959348 -3.372334 -0.187559 1.064051 -2.449847 
-1.550399 3.959388 -3.372322 -0.187527 1.063998 -2.449787 
-1.550403 3.959461 -3.372330 -0.187542 1.063934 -2.449772 
-1.550408 3.959516 -3.372324 -0.187486 1.063874 -2.449756 
-1.550411 3.959528 -3.372389 -0.187486 1.063834 -2.449692 
-1.550433 3.959563 -3.372361 -0.187505 1.063794 -2.449618 
-1.550401 3.959639 -3.372371 -0.187506 1.063794 -2.449563 
-1.550362 3.959703 -3.372377 -0.187514 1.063763 -2.449506 
-1.550369 3.959786 -3.372394 -0.187516 1.063757 -2.449452 
-1.550367 3.959841 -3.372387 -0.187530 1.063713 -2.449384 
-1.550365 3.959897 -3.372380 -0.187544 1.063669 -2.449315 
-1.550334 3.959975 -3.372401 -0.187546 1.063650 -2.449268 
-1.550340 3.960039 -3.372443 -0.187548 1.063622 -2.449210 
-1.550337 3.960118 -3.372424 -0.187509 1.063602 -2.449172 
-1.550293 3.960156 -3.372435 -0.187476 1.063542 -2.449129 
-1.550258 3.960184 -3.372437 -0.187447 1.063550 -2.449045 
-1.550234 3.960259 -3.372439 -0.187443 1.063494 -2.449020 
-1.550212 3.960339 -3.372437 -0.187442 1.063455 -2.448980 
-1.550200 3.960415 -3.372443 -0.187433 1.063406 -2.448940 
-1.550207 3.960475 -3.372460 -0.187411 1.063340 -2.448907 
-1.550177 3.960560 -3.372447 -0.187434 1.063307 -2.448897 
-1.550147 3.960642 -3.372440 -0.187440 1.063273 -2.448862 
-1.550137 3.960715 -3.372447 -0.187428 1.063220 -2.448823 
-1.550125 3.960789 -3.372454 -0.187417 1.063168 -2.448784 
-1.550101 3.960868 -3.372452 -0.187415 1.063128 -2.448744 
-1.550107 3.960926 -3.372471 -0.187389 1.063064 -2.448706 
-1.550059 3.960960 -3.372477 -0.187356 1.063035 -2.448639 
-1.550044 3.961044 -3.372475 -0.187358 1.062995 -2.448604 
-1.550041 3.961121 -3.372482 -0.187350 1.062944 -2.448567 
-1.550016 3.961199 -3.372480 -0.187347 1.062908 -2.448522 
-1.549975 3.961277 -3.372467 -0.187358 1.062890 -2.448484 
-1.549967 3.961358 -3.372470 -0.187356 1.062843 -2.448449 
-1.549966 3.961439 -3.372475 -0.187354 1.062793 -2.448418 
-1.549950 3.961520 -3.372475 -0.187353 1.062752 -2.448380 
-1.549933 3.961602 -3.372473 -0.187354 1.062713 -2.448342 
-1.549907 3.961686 -3.372465 -0.187364 1.062685 -2.448307 
-1.549891 3.961770 -3.372463 -0.187368 1.062647 -2.448271 
-1.549889 3.961857 -3.372462 -0.187376 1.062605 -2.448246 
-1.549833 3.961923 -3.372442 -0.187389 1.062606 -2.448203 
-1.549800 3.961988 -3.372446 -0.187373 1.062563 -2.448153 
-1.549783 3.962071 -3.372443 -0.187375 1.062525 -2.448116 
-1.549773 3.962161 -3.372435 -0.187392 1.062498 -2.448088 
-1.549749 3.962240 -3.372433 -0.187390 1.062460 -2.448046 
-1.549780 3.962303 -3.372451 -0.187381 1.062392 -2.448037 
-1.549742 3.962306 -3.372472 -0.187328 1.062336 -2.447991 
-1.549780 3.962350 -3.372447 -0.187267 1.062363 -2.447953 
-1.549724 3.962323 -3.372485 -0.187307 1.062345 -2.448025 
-1.549745 3.962337 -3.372550 -0.187355 1.062345 -2.447945 
-1.549725 3.962397 -3.372559 -0.187390 1.062291 -2.447901 
-1.549716 3.962451 -3.372579 -0.187420 1.062231 -2.447856 
-1.549727 3.962492 -3.372627 -0.187443 1.062173 -2.447811 
-1.549667 3.962535 -3.372615 -0.187476 1.062163 -2.447755 
-1.549688 3.962600 -3.372597 -0.187546 1.062172 -2.447762 
-1.549646 3.962514 -3.372629 -0.187505 1.062151 -2.447777 
-1.549627 3.962600 -3.372639 -0.187426 1.062157 -2.447789 
-1.549629 3.962600 -3.372606 -0.187420 1.062121 -2.447798 
-1.549607 3.962645 -3.372593 -0.187370 1.062093 -2.447733 
-1.549613 3.962732 -3.372564 -0.187363 1.062081 -2.447698 
-1.549571 3.962770 -3.372502 -0.187326 1.062109 -2.447671 
-1.549607 3.962768 -3.372497 -0.187294 1.062121 -2.447678 
-1.549548 3.962828 -3.372524 -0.187331 1.062047 -2.447630 
-1.549491 3.962864 -3.372533 -0.187315 1.061992 -2.447584 
-1.549469 3.962947 -3.372528 -0.187346 1.061955 -2.447567 
-1.549471 3.963025 -3.372537 -0.187341 1.061902 -2.447535 
-1.549449 3.963106 -3.372531 -0.187344 1.061859 -2.447504 
-1.549424 3.963175 -3.372536 -0.187333 1.061806 -2.447464 
-1.549402 3.963233 -3.372549 -0.187311 1.061747 -2.447419 
-1.549385 3.963321 -3.372536 -0.187325 1.061713 -2.447397 
-1.549353 3.963391 -3.372536 -0.187317 1.061663 -2.447358 
-1.549321 3.963446 -3.372546 -0.187295 1.061606 -2.447312 
-1.549294 3.963529 -3.372533 -0.187303 1.061569 -2.447284 
-1.549263 3.963608 -3.372525 -0.187304 1.061527 -2.447252 
-1.549227 3.963653 -3.372537 -0.187277 1.061468 -2.447203 
-1.549250 3.963731 -3.372529 -0.187245 1.061438 -2.447165 
-1.549220 3.963811 -3.372517 -0.187246 1.061399 -2.447133 
-1.549187 3.963871 -3.372518 -0.187222 1.061349 -2.447086 
-1.549145 3.963949 -3.372499 -0.187253 1.061322 -2.447073 
-1.549142 3.964040 -3.372474 -0.187251 1.061301 -2.447048 
-1.549087 3.964101 -3.372470 -0.187255 1.061256 -2.447014 
-1.549053 3.964162 -3.372471 -0.187234 1.061205 -2.446969 
-1.549025 3.964247 -3.372435 -0.187259 1.061198 -2.446959 
-1.549024 3.964326 -3.372421 -0.187230 1.061166 -2.446917 
-1.548973 3.964387 -3.372414 -0.187222 1.061121 -2.446878 
-1.548996 3.964438 -3.372418 -0.187166 1.061085 -2.446829 
-1.549006 3.964498 -3.372453 -0.187204 1.061025 -2.446840 
-1.549011 3.964584 -3.372454 -0.187237 1.060988 -2.446843 
-1.548974 3.964618 -3.372493 -0.187253 1.060915 -2.446827 
-1.549025 3.964657 -3.372529 -0.187217 1.060862 -2.446803 
-1.548995 3.964727 -3.372539 -0.187224 1.060804 -2.446777 
-1.548986 3.964806 -3.372543 -0.187217 1.060752 -2.446747 
-1.548971 3.964884 -3.372549 -0.187214 1.060699 -2.446717 
-1.548891 3.964881 -3.372562 -0.187262 1.060668 -2.446723 
-1.548901 3.964865 -3.372527 -0.187269 1.060638 -2.446722 
-1.548913 3.964882 -3.372576 -0.187316 1.060675 -2.446643 
-1.548933 3.964898 -3.372581 -0.187347 1.060675 -2.446672 
-1.548883 3.964919 -3.372588 -0.187271 1.060622 -2.446590 
-1.548859 3.964966 -3.372602 -0.187234 1.060564 -2.446542 
-1.548848 3.965024 -3.372623 -0.187221 1.060505 -2.446492 
-1.548836 3.965038 -3.372674 -0.187209 1.060432 -2.446454 
-1.548815 3.965108 -3.372666 -0.187192 1.060395 -2.446400 
-1.548780 3.965164 -3.372661 -0.187170 1.060355 -2.446340 
-1.548745 3.965220 -3.372657 -0.187147 1.060316 -2.446281 
-1.548768 3.965305 -3.372659 -0.187161 1.060282 -2.446250 
-1.548761 3.965371 -3.372674 -0.187155 1.060229 -2.446201 
-1.548754 3.965437 -3.372689 -0.187149 1.060175 -2.446151 
-1.548720 3.965501 -3.372669 -0.187128 1.060150 -2.446094 
-1.548688 3.965548 -3.372678 -0.187096 1.060097 -2.446039 
-1.548683 3.965625 -3.372677 -0.187100 1.060059 -2.445988 
-1.548677 3.965702 -3.372676 -0.187105 1.060022 -2.445938 
-1.548658 3.965769 -3.372678 -0.187092 1.059977 -2.445883 
-1.548604 3.965807 -3.372630 -0.187068 1.059989 -2.445832 
-1.548604 3.965863 -3.372628 -0.187011 1.059947 -2.445874 
-1.548615 3.965848 -3.372593 -0.187019 1.059917 -2.445873 
-1.548545 3.965856 -3.372606 -0.187072 1.059881 -2.445902 
-1.548528 3.965826 -3.372622 -0.187046 1.059865 -2.445892 
-1.548548 3.965902 -3.372609 -0.187119 1.059820 -2.445859 
-1.548537 3.965950 -3.372589 -0.187174 1.059761 -2.445832 
-1.548521 3.966027 -3.372650 -0.187169 1.059754 -2.445828 
-1.548570 3.966027 -3.372704 -0.187210 1.059708 -2.445860 
-1.548501 3.966012 -3.372668 -0.187201 1.059774 -2.445818 
-1.548541 3.966079 -3.372637 -0.187153 1.059759 -2.445748 
-1.548493 3.966073 -3.372654 -0.187110 1.059702 -2.445700 
-1.548453 3.966147 -3.372625 -0.187086 1.059685 -2.445667 
-1.548436 3.966196 -3.372638 -0.187016 1.059701 -2.445623 
-1.548425 3.966172 -3.372602 -0.187004 1.059718 -2.445614 
-1.548447 3.966244 -3.372627 -0.187044 1.059630 -2.445584 
-1.548472 3.966291 -3.372637 -0.187053 1.059563 -2.445532 
-1.548465 3.966307 -3.372571 -0.187070 1.059513 -2.445482 
-1.548419 3.966335 -3.372594 -0.187135 1.059510 -2.445434 
-1.548389 3.966390 -3.372586 -0.187154 1.059436 -2.445447 
-1.548435 3.966460 -3.372556 -0.187193 1.059458 -2.445444 
-1.548454 3.966436 -3.372559 -0.187227 1.059442 -2.445458 
-1.548405 3.966512 -3.372554 -0.187150 1.059441 -2.445379 
-1.548332 3.966550 -3.372506 -0.187130 1.059454 -2.445361 
-1.548301 3.966616 -3.372566 -0.187097 1.059461 -2.445356 
-1.548326 3.966643 -3.372531 -0.187017 1.059430 -2.445366 
-1.548336 3.966633 -3.372531 -0.186998 1.059473 -2.445355 
-1.548298 3.966675 -3.372530 -0.187031 1.059367 -2.445303 
-1.548272 3.966742 -3.372515 -0.187065 1.059312 -2.445280 
-1.548221 3.966781 -3.372514 -0.187080 1.059241 -2.445255 
-1.548211 3.966845 -3.372498 -0.187102 1.059214 -2.445189 
-1.548197 3.966925 -3.372470 -0.187115 1.059167 -2.445175 
-1.548173 3.966982 -3.372452 -0.187103 1.059112 -2.445122 
-1.548150 3.967043 -3.372431 -0.187093 1.059055 -2.445079 
-1.548139 3.967120 -3.372400 -0.187105 1.059010 -2.445108 
-1.548166 3.967163 -3.372426 -0.187123 1.058943 -2.445066 
-1.548165 3.967153 -3.372352 -0.187155 1.058898 -2.445028 
-1.548128 3.967143 -3.372369 -0.187181 1.058888 -2.445032 
-1.548152 3.967232 -3.372339 -0.187128 1.058894 -2.444976 
-1.548139 3.967309 -3.372326 -0.187094 1.058882 -2.444926 
-1.548126 3.967386 -3.372313 -0.187061 1.058871 -2.444876 
-1.548147 3.967426 -3.372275 -0.186997 1.058832 -2.444847 
-1.548178 3.967502 -3.372246 -0.187009 1.058852 -2.444802 
-1.548132 3.967561 -3.372228 -0.186995 1.058823 -2.444746 
-1.548116 3.967602 -3.372175 -0.186983 1.058778 -2.444692 
-1.548104 3.967663 -3.372159 -0.186967 1.058727 -2.444636 
-1.548126 3.967721 -3.372124 -0.186959 1.058683 -2.444582 
-1.548106 3.967792 -3.372087 -0.186942 1.058640 -2.444550 
-1.548093 3.967838 -3.372061 -0.186916 1.058610 -2.444475 
-1.548119 3.967890 -3.372003 -0.186903 1.058587 -2.444425 
-1.548094 3.967931 -3.371988 -0.186943 1.058540 -2.444364 
-1.548072 3.967970 -3.371970 -0.186968 1.058482 -2.444304 
-1.548056 3.968014 -3.371946 -0.186991 1.058428 -2.444242 
-1.548059 3.968069 -3.371902 -0.187018 1.058406 -2.444180 
-1.548014 3.968099 -3.371910 -0.186998 1.058381 -2.444103 
-1.547986 3.968100 -3.371871 -0.186973 1.058328 -2.444038 
-1.548011 3.968144 -3.371904 -0.186952 1.058278 -2.443980 
-1.547964 3.968220 -3.371893 -0.186924 1.058245 -2.443990 
-1.547912 3.968274 -3.371899 -0.186933 1.058202 -2.443941 
-1.547872 3.968338 -3.371893 -0.186913 1.058182 -2.443882 
-1.547841 3.968376 -3.371870 -0.186912 1.058103 -2.443851 
-1.547784 3.968395 -3.371898 -0.186882 1.058041 -2.443824 
-1.547762 3.968467 -3.371894 -0.186907 1.057988 -2.443797 
-1.547740 3.968538 -3.371876 -0.186911 1.057935 -2.443758 
-1.547737 3.968592 -3.371820 -0.186903 1.057888 -2.443717 
-1.547732 3.968668 -3.371830 -0.186960 1.057860 -2.443708 
-1.547695 3.968726 -3.371832 -0.186962 1.057796 -2.443676 
-1.547658 3.968785 -3.371834 -0.186965 1.057732 -2.443643 
-1.547667 3.968861 -3.371786 -0.186968 1.057715 -2.443603 
-1.547643 3.968927 -3.371765 -0.186963 1.057662 -2.443562 
-1.547611 3.968990 -3.371758 -0.186963 1.057602 -2.443525 
-1.547610 3.969048 -3.371702 -0.186936 1.057577 -2.443478 
-1.547557 3.969084 -3.371641 -0.186963 1.057551 -2.443453 
-1.547571 3.969097 -3.371625 -0.186991 1.057508 -2.443371 
-1.547576 3.969159 -3.371584 -0.186983 1.057442 -2.443372 
-1.547537 3.969236 -3.371580 -0.186966 1.057445 -2.443324 
-1.547487 3.969297 -3.371571 -0.186934 1.057435 -2.443273 
-1.547463 3.969379 -3.371553 -0.186930 1.057449 -2.443228 
-1.547421 3.969441 -3.371535 -0.186895 1.057413 -2.443188 
-1.547416 3.969531 -3.371504 -0.186902 1.057413 -2.443158 
-1.547397 3.969570 -3.371478 -0.186903 1.057417 -2.443072 
-1.547352 3.969621 -3.371524 -0.186949 1.057394 -2.443046 
-1.547400 3.969664 -3.371578 -0.186907 1.057389 -2.443012 
-1.547368 3.969744 -3.371584 -0.186879 1.057406 -2.442974 
-1.547392 3.969795 -3.371566 -0.186891 1.057338 -2.442933 
-1.547425 3.969853 -3.371552 -0.186918 1.057290 -2.442885 
-1.547407 3.969905 -3.371525 -0.186903 1.057219 -2.442854 
-1.547412 3.969974 -3.371508 -0.186903 1.057165 -2.442808 
-1.547408 3.970046 -3.371498 -0.186889 1.057115 -2.442764 
-1.547426 3.970107 -3.371476 -0.186910 1.057061 -2.442718 
-1.547435 3.970184 -3.371493 -0.186880 1.057038 -2.442670 
-1.547404 3.970260 -3.371510 -0.186874 1.057003 -2.442629 
-1.547409 3.970338 -3.371535 -0.186888 1.056980 -2.442578 
-1.547382 3.970382 -3.371516 -0.186856 1.056963 -2.442503 
-1.547362 3.970467 -3.371477 -0.186835 1.056970 -2.442485 
-1.547347 3.970519 -3.371485 -0.186797 1.056918 -2.442432 
-1.547369 3.970569 -3.371484 -0.186798 1.056912 -2.442348 
-1.547334 3.970612 -3.371531 -0.186764 1.056942 -2.442296 
-1.547308 3.970619 -3.371537 -0.186804 1.056930 -2.442294 
-1.547278 3.970646 -3.371497 -0.186839 1.056881 -2.442240 
-1.547286 3.970712 -3.371500 -0.186885 1.056824 -2.442220 
-1.547293 3.970680 -3.371537 -0.186912 1.056764 -2.442165 
-1.547289 3.970721 -3.371507 -0.186982 1.056759 -2.442115 
-1.547230 3.970750 -3.371498 -0.186975 1.056687 -2.442128 
-1.547253 3.970793 -3.371480 -0.186913 1.056656 -2.442078 
-1.547303 3.970778 -3.371418 -0.186912 1.056601 -2.442097 
-1.547276 3.970820 -3.371506 -0.186922 1.056648 -2.442097 
-1.547228 3.970840 -3.371490 -0.186862 1.056621 -2.442021 
-1.547166 3.970881 -3.371499 -0.186837 1.056565 -2.441998 
-1.547148 3.970938 -3.371496 -0.186818 1.056543 -2.441923 
-1.547144 3.970987 -3.371481 -0.186779 1.056499 -2.441860 
-1.547094 3.971045 -3.371484 -0.186787 1.056474 -2.441802 
-1.547039 3.971081 -3.371480 -0.186763 1.056404 -2.441787 
-1.547013 3.971084 -3.371533 -0.186744 1.056365 -2.441719 
-1.546968 3.971149 -3.371535 -0.186690 1.056372 -2.441692 
-1.546991 3.971055 -3.371507 -0.186736 1.056375 -2.441702 
-1.547023 3.971119 -3.371514 -0.186790 1.056297 -2.441679 
-1.546991 3.971148 -3.371522 -0.186856 1.056240 -2.441661 
-1.547025 3.971165 -3.371505 -0.186851 1.056153 -2.441634 
-1.547066 3.971198 -3.371503 -0.186894 1.056168 -2.441562 
-1.547075 3.971243 -3.371427 -0.186921 1.056166 -2.441599 
-1.547088 3.971164 -3.371501 -0.186921 1.056165 -2.441575 
-1.547014 3.971164 -3.371449 -0.186882 1.056162 -2.441506 
-1.546985 3.971173 -3.371464 -0.186915 1.056146 -2.441509 
-1.546986 3.971223 -3.371453 -0.186826 1.056142 -2.441460 
-1.546939 3.971266 -3.371461 -0.186795 1.056206 -2.441430 
-1.546962 3.971276 -3.371461 -0.186820 1.056212 -2.441396 
-1.546966 3.971315 -3.371458 -0.186787 1.056161 -2.441327 
-1.546991 3.971301 -3.371418 -0.186736 1.056155 -2.441257 
-1.547025 3.971308 -3.371502 -0.186701 1.056149 -2.441235 
-1.547020 3.971332 -3.371404 -0.186724 1.056161 -2.441277 
-1.546968 3.971365 -3.371410 -0.186755 1.056103 -2.441208 
-1.546961 3.971425 -3.371402 -0.186795 1.056072 -2.441148 
-1.546934 3.971491 -3.371394 -0.186813 1.056033 -2.441094 
-1.546908 3.971531 -3.371376 -0.186850 1.056012 -2.441019 
-1.546938 3.971615 -3.371341 -0.186859 1.056001 -2.440996 
-1.546959 3.971641 -3.371332 -0.186888 1.055913 -2.440979 
-1.546927 3.971708 -3.371357 -0.186948 1.055921 -2.440992 
-1.546983 3.971645 -3.371371 -0.186884 1.055919 -2.440960 
-1.546966 3.971698 -3.371360 -0.186829 1.055900 -2.440901 
-1.546959 3.971751 -3.371341 -0.186785 1.055886 -2.440834 
-1.547008 3.971782 -3.371357 -0.186782 1.055897 -2.440755 
-1.547030 3.971846 -3.371374 -0.186714 1.055874 -2.440756 
-1.546981 3.971847 -3.371412 -0.186685 1.055840 -2.440692 
-1.546951 3.971858 -3.371421 -0.186644 1.055924 -2.440677 
-1.546997 3.971813 -3.371400 -0.186656 1.055836 -2.440686 
-1.546975 3.971899 -3.371379 -0.186709 1.055776 -2.440653 
-1.546982 3.971949 -3.371385 -0.186740 1.055703 -2.440620 
-1.546956 3.972015 -3.371344 -0.186749 1.055676 -2.440571 
-1.546967 3.972024 -3.371289 -0.186731 1.055613 -2.440522 
-1.546904 3.972049 -3.371266 -0.186727 1.055555 -2.440562 
-1.546865 3.972026 -3.371240 -0.186802 1.055539 -2.440524 
-1.546889 3.972036 -3.371213 -0.186822 1.055543 -2.440549 
-1.546838 3.972091 -3.371252 -0.186777 1.055497 -2.440473 
-1.546799 3.972152 -3.371247 -0.186741 1.055470 -2.440420 
-1.546777 3.972208 -3.371266 -0.186717 1.055413 -2.440373 
-1.546723 3.972227 -3.371270 -0.186676 1.055376 -2.440313 
-1.546672 3.972299 -3.371311 -0.186683 1.055388 -2.440295 
-1.546715 3.972321 -3.371319 -0.186678 1.055409 -2.440211 
-1.546713 3.972388 -3.371275 -0.186663 1.055367 -2.440170 
-1.546729 3.972446 -3.371273 -0.186586 1.055348 -2.440157 
-1.546746 3.972446 -3.371302 -0.186598 1.055312 -2.440159 
-1.546734 3.972476 -3.371293 -0.186639 1.055248 -2.440103 
-1.546733 3.972490 -3.371316 -0.186668 1.055204 -2.440022 
-1.546765 3.972552 -3.371303 -0.186728 1.055170 -2.440004 
-1.546805 3.972510 -3.371250 -0.186723 1.055115 -2.439977 
-1.546772 3.972580 -3.371302 -0.186688 1.055160 -2.440000 
-1.546716 3.972622 -3.371317 -0.186681 1.055093 -2.439987 
-1.546670 3.972660 -3.371263 -0.186676 1.055117 -2.439933 
-1.546642 3.972723 -3.371276 -0.186663 1.055088 -2.439870 
-1.546605 3.972801 -3.371263 -0.186648 1.055053 -2.439838 
-1.546592 3.972852 -3.371302 -0.186636 1.055020 -2.439772 
-1.546539 3.972903 -3.371305 -0.186600 1.054989 -2.439723 
-1.546557 3.972990 -3.371297 -0.186631 1.054954 -2.439725 
-1.546515 3.973033 -3.371316 -0.186705 1.054954 -2.439699 
-1.546534 3.973030 -3.371270 -0.186733 1.054889 -2.439650 
-1.546566 3.973106 -3.371251 -0.186739 1.054890 -2.439596 
-1.546583 3.973178 -3.371265 -0.186751 1.054830 -2.439574 
-1.546563 3.973245 -3.371197 -0.186762 1.054812 -2.439580 
-1.546623 3.973289 -3.371172 -0.186824 1.054805 -2.439587 
-1.546534 3.973247 -3.371209 -0.186797 1.054821 -2.439565 
-1.546536 3.973280 -3.371178 -0.186704 1.054783 -2.439520 
-1.546532 3.973331 -3.371147 -0.186660 1.054750 -2.439463 
-1.546570 3.973381 -3.371088 -0.186620 1.054720 -2.439470 
-1.546540 3.973450 -3.371122 -0.186571 1.054747 -2.439475 
-1.546533 3.973455 -3.371142 -0.186575 1.054705 -2.439491 
-1.546476 3.973456 -3.371120 -0.186537 1.054642 -2.439464 
-1.546520 3.973465 -3.371162 -0.186502 1.054594 -2.439411 
-1.546508 3.973530 -3.371156 -0.186557 1.054559 -2.439373 
-1.546496 3.973597 -3.371153 -0.186595 1.054502 -2.439346 
-1.546497 3.973659 -3.371162 -0.186617 1.054436 -2.439311 
-1.546544 3.973655 -3.371206 -0.186573 1.054397 -2.439262 
-1.546521 3.973678 -3.371234 -0.186557 1.054417 -2.439263 
-1.546480 3.973656 -3.371277 -0.186612 1.054403 -2.439211 
-1.546456 3.973652 -3.371250 -0.186589 1.054401 -2.439186 
-1.546466 3.973706 -3.371226 -0.186602 1.054431 -2.439113 
-1.546420 3.973758 -3.371209 -0.186587 1.054389 -2.439059 
-1.546374 3.973806 -3.371193 -0.186569 1.054355 -2.438997 
-1.546334 3.973850 -3.371174 -0.186551 1.054342 -2.438922 
-1.546308 3.973915 -3.371188 -0.186582 1.054297 -2.438878 
-1.546269 3.973968 -3.371203 -0.186607 1.054248 -2.438828 
-1.546288 3.974051 -3.371192 -0.186627 1.054251 -2.438782 
-1.546254 3.974114 -3.371179 -0.186622 1.054218 -2.438722 
-1.546219 3.974178 -3.371164 -0.186615 1.054185 -2.438663 
