6.871160 -0.615544 3.011351 4.009177 0.030353 -0.352289 -0.054862 
7.871160 -0.615544 3.011351 4.009177 0.030353 -0.352289 -0.054862 
6.871160 0.384456 3.011351 4.009177 0.030353 -0.352289 -0.054862 
6.871160 -0.615544 4.011351 4.009177 0.030353 -0.352289 -0.054862 
6.871160 -0.615544 3.011351 5.009177 0.030353 -0.352289 -0.054862 
6.871160 -0.615544 3.011351 4.009177 1.030353 -0.352289 -0.054862 
6.871160 -0.615544 3.011351 4.009177 0.030353 0.647711 -0.054862 
6.871160 -0.615544 3.011351 4.009177 0.030353 -0.352289 0.945138 
6.869836 -1.187164 2.996998 4.008296 -0.754932 -0.587855 -0.084500 
6.870498 -0.901354 3.004175 4.008736 -0.362289 -0.470072 -0.069681 
6.870957 -0.399658 3.009146 4.009042 -0.090301 -0.388482 -0.059416 
6.746160 -0.615544 3.011351 4.009177 0.030564 -0.352289 -0.054862 
6.745643 -0.579506 3.000026 4.008482 0.191739 -0.538160 -0.078247 
6.746160 -0.615544 2.886582 4.009177 0.030564 -0.344687 -0.054862 
6.745109 -0.560209 2.890186 4.008109 0.125571 -0.123086 -0.090769 
6.746160 -0.615544 2.886582 3.884232 0.030564 -0.344687 -0.051146 
6.746046 -0.609522 2.885038 3.891623 0.040904 -0.352360 0.198335 
6.745183 -0.752595 2.874427 3.883667 -0.147095 -0.453345 -0.065245 
6.742272 -0.891041 2.860419 3.880998 -0.295589 -0.326475 -0.135774 
6.744709 -0.763694 2.863007 3.882886 -0.104060 -0.567452 -0.087565 
6.745141 -0.711081 2.874065 3.882513 -0.172380 -0.459282 -0.104063 
6.744762 -0.716600 2.869263 3.886777 -0.185215 -0.490202 0.041906 
6.682684 -0.752595 2.874447 3.883665 -0.146947 -0.453016 -0.065323 
6.745345 -0.873868 2.866766 3.882896 -0.142020 -0.430756 -0.083197 
6.745190 -0.747223 2.812582 3.883550 -0.149970 -0.447987 -0.069206 
6.745096 -0.728660 2.890366 3.880597 -0.220926 -0.462231 -0.161467 
6.745184 -0.752445 2.874440 3.821196 -0.146901 -0.453227 -0.063371 
6.745666 -0.732333 2.876731 3.821679 -0.031372 -0.411718 -0.051335 
6.746194 -0.686015 2.893650 3.819059 0.048471 -0.367486 -0.121012 
6.745534 -0.740960 2.869194 3.824994 -0.003499 -0.420838 0.069589 
6.745766 -0.792044 2.872910 3.821335 -0.020074 -0.399565 -0.058455 
6.745863 -0.788216 2.856793 3.821457 -0.029574 -0.375051 -0.055151 
6.745643 -0.791437 2.819934 3.821024 -0.006008 -0.428192 -0.067507 
6.776893 -0.791436 2.819925 3.821025 -0.006083 -0.428357 -0.067469 
6.745810 -0.796385 2.824325 3.819923 0.048959 -0.411495 -0.091196 
6.745643 -0.791417 2.819935 3.789788 -0.006226 -0.428246 -0.066604 
6.745332 -0.821696 2.816553 3.789857 -0.054736 -0.453105 -0.069181 
6.732010 -0.794050 2.812402 3.803986 -0.002089 -0.434134 -0.044839 
6.777285 -0.803070 2.830596 3.759095 0.000780 -0.426486 -0.025845 
6.747521 -0.764150 2.822170 3.787977 -0.015729 -0.438490 -0.061501 
6.749075 -0.791176 2.806829 3.786253 -0.002575 -0.433703 -0.068825 
6.749549 -0.787341 2.792593 3.786001 -0.015195 -0.409674 -0.064109 
6.743873 -0.796267 2.807175 3.790055 0.023692 -0.426106 -0.081527 
6.749044 -0.799274 2.805847 3.786187 -0.014319 -0.439907 -0.069911 
6.756451 -0.805486 2.807882 3.778956 -0.017231 -0.442000 -0.060889 
6.750917 -0.805481 2.807887 3.773443 -0.017219 -0.441968 -0.060751 
6.749566 -0.814693 2.806585 3.774589 -0.027456 -0.448020 -0.064361 
6.750750 -0.811188 2.806902 3.773590 -0.012721 -0.439729 -0.062231 
6.755093 -0.810397 2.800000 3.769100 -0.006394 -0.450450 -0.063594 
6.754180 -0.810344 2.808399 3.770024 -0.013830 -0.437724 -0.067556 
6.752719 -0.811027 2.794276 3.771682 -0.016765 -0.432471 -0.059374 
6.755367 -0.814896 2.795935 3.769042 -0.015855 -0.430570 -0.054384 
6.755238 -0.819572 2.795453 3.768988 -0.012381 -0.426152 -0.051679 
6.754931 -0.811987 2.796371 3.767991 -0.014119 -0.429482 -0.053330 
6.754508 -0.819700 2.795558 3.768116 -0.021196 -0.433328 -0.054699 
6.759401 -0.821997 2.795480 3.772574 -0.024294 -0.434843 -0.054513 
6.754024 -0.819867 2.793822 3.768623 -0.019700 -0.435908 -0.053017 
6.757349 -0.822090 2.792094 3.764571 -0.017800 -0.437902 -0.057265 
6.756914 -0.822836 2.795237 3.765210 -0.016428 -0.439328 -0.057820 
6.752777 -0.827873 2.794094 3.764103 -0.019585 -0.441351 -0.059217 
6.753622 -0.827260 2.795098 3.761710 -0.021128 -0.443032 -0.057726 
6.753124 -0.829073 2.794260 3.763718 -0.019046 -0.440527 -0.058164 
6.753210 -0.831563 2.793276 3.764276 -0.016608 -0.439179 -0.058273 
6.753810 -0.834385 2.792709 3.763641 -0.014476 -0.438248 -0.057380 
6.752976 -0.836145 2.791150 3.764957 -0.012532 -0.437811 -0.059205 
6.752790 -0.839321 2.790767 3.763046 -0.012282 -0.438567 -0.058363 
6.750930 -0.840637 2.789361 3.763634 -0.012498 -0.439898 -0.060797 
6.751635 -0.838741 2.790951 3.761904 -0.011664 -0.437949 -0.058569 
6.753663 -0.840855 2.792099 3.762785 -0.013455 -0.435970 -0.059840 
6.752132 -0.842418 2.792665 3.764408 -0.013718 -0.434102 -0.057852 
6.752346 -0.843862 2.795716 3.765180 -0.011926 -0.434192 -0.057913 
6.752706 -0.842631 2.791674 3.764712 -0.012372 -0.433382 -0.058043 
6.753187 -0.844303 2.791359 3.764203 -0.014024 -0.430808 -0.056455 
6.753032 -0.846459 2.790771 3.764101 -0.015823 -0.428317 -0.055568 
6.754886 -0.847895 2.790547 3.763315 -0.015749 -0.425653 -0.054157 
6.755581 -0.847042 2.791053 3.764112 -0.017363 -0.422727 -0.052746 
6.757345 -0.848437 2.790273 3.765506 -0.018683 -0.423452 -0.050427 
6.756269 -0.848463 2.790012 3.765955 -0.017636 -0.423224 -0.049314 
6.755212 -0.848991 2.789929 3.763740 -0.017970 -0.421284 -0.047061 
6.754742 -0.850254 2.788849 3.764232 -0.017119 -0.417961 -0.046544 
6.752915 -0.848838 2.788805 3.765619 -0.019112 -0.416149 -0.045687 
6.752308 -0.850521 2.791962 3.766284 -0.018836 -0.415064 -0.045056 
6.752933 -0.849591 2.792687 3.766249 -0.017356 -0.412423 -0.042979 
6.753184 -0.851220 2.791569 3.766984 -0.019494 -0.415448 -0.043901 
6.751062 -0.854128 2.790496 3.767086 -0.020513 -0.415583 -0.043623 
6.752660 -0.855102 2.790802 3.766047 -0.023016 -0.414072 -0.045050 
6.751382 -0.854456 2.790026 3.768458 -0.019938 -0.415002 -0.044535 
6.750650 -0.854913 2.791049 3.771253 -0.021049 -0.417066 -0.044941 
6.752909 -0.856704 2.790065 3.767341 -0.017802 -0.416360 -0.045004 
6.751280 -0.854808 2.789494 3.768696 -0.019364 -0.413677 -0.043415 
6.751348 -0.854522 2.787578 3.768597 -0.019315 -0.413616 -0.043211 
6.750884 -0.854383 2.787574 3.768115 -0.018972 -0.413262 -0.043704 
6.750690 -0.855078 2.787449 3.769567 -0.018778 -0.412572 -0.042352 
6.751574 -0.854068 2.787660 3.769885 -0.017895 -0.411671 -0.041826 
6.750610 -0.854767 2.787469 3.769690 -0.019534 -0.412075 -0.042478 
6.751075 -0.856251 2.787240 3.769304 -0.020128 -0.411174 -0.042643 
6.750387 -0.856735 2.787265 3.768352 -0.020936 -0.410848 -0.041443 
6.749734 -0.857985 2.786897 3.768853 -0.021935 -0.410278 -0.041781 
6.750630 -0.858222 2.786926 3.768599 -0.022150 -0.408667 -0.041280 
6.751022 -0.859342 2.786849 3.768522 -0.021234 -0.407739 -0.040447 
6.752307 -0.860092 2.786248 3.768574 -0.021498 -0.407340 -0.039442 
6.752783 -0.860798 2.787930 3.768709 -0.021647 -0.406984 -0.039140 
6.753035 -0.861141 2.787894 3.768005 -0.021634 -0.407126 -0.039644 
6.752776 -0.861100 2.787858 3.768535 -0.021149 -0.405229 -0.038539 
6.752441 -0.862224 2.787638 3.768779 -0.020703 -0.403904 -0.037925 
6.752596 -0.862330 2.787524 3.768916 -0.021554 -0.402166 -0.037891 
6.752458 -0.862441 2.787537 3.768420 -0.022024 -0.400608 -0.036948 
6.753000 -0.862546 2.787464 3.768742 -0.021868 -0.398774 -0.036837 
6.752586 -0.862920 2.787960 3.769945 -0.022880 -0.398507 -0.035991 
6.751046 -0.862777 2.788687 3.770005 -0.022949 -0.397756 -0.036558 
6.750712 -0.862317 2.787968 3.770287 -0.022859 -0.397726 -0.036398 
6.750957 -0.864083 2.788371 3.769859 -0.024231 -0.397192 -0.036413 
6.751223 -0.864410 2.788624 3.769696 -0.025964 -0.396520 -0.036114 
6.750796 -0.865981 2.788622 3.769765 -0.025613 -0.396190 -0.035151 
6.750919 -0.867271 2.788425 3.770931 -0.025748 -0.396117 -0.035997 
6.750559 -0.867313 2.788581 3.771074 -0.026071 -0.396922 -0.035841 
6.750933 -0.868093 2.787726 3.769597 -0.025477 -0.395348 -0.036449 
6.750391 -0.867764 2.786195 3.770109 -0.025580 -0.394637 -0.035912 
6.749623 -0.867655 2.786568 3.770143 -0.025577 -0.394277 -0.036199 
6.749841 -0.867949 2.786677 3.770206 -0.024916 -0.392553 -0.035695 
6.750380 -0.867589 2.786586 3.770063 -0.025889 -0.391056 -0.036119 
6.750596 -0.867101 2.786112 3.770121 -0.024647 -0.389933 -0.036825 
6.750650 -0.867746 2.786017 3.770707 -0.024722 -0.389914 -0.037244 
6.750322 -0.869043 2.785887 3.770884 -0.024972 -0.388638 -0.036711 
6.750371 -0.869203 2.786369 3.772307 -0.025165 -0.387678 -0.035956 
6.750937 -0.870263 2.787670 3.771896 -0.025009 -0.387039 -0.036234 
6.752439 -0.870922 2.786871 3.771874 -0.024978 -0.386943 -0.035547 
6.752681 -0.870641 2.786790 3.771777 -0.025703 -0.386575 -0.035922 
6.752723 -0.871829 2.786335 3.771829 -0.026498 -0.385334 -0.036056 
6.753041 -0.872876 2.786111 3.772259 -0.027341 -0.384047 -0.036169 
6.753101 -0.874485 2.785394 3.772119 -0.027055 -0.383511 -0.035604 
6.753064 -0.874439 2.785142 3.771221 -0.027112 -0.381895 -0.035033 
6.752821 -0.875020 2.785447 3.770627 -0.028462 -0.381937 -0.033963 
6.753157 -0.875343 2.786066 3.770166 -0.028313 -0.381954 -0.034307 
6.753183 -0.876112 2.785084 3.769530 -0.028736 -0.380761 -0.034808 
6.754058 -0.876757 2.784808 3.769677 -0.028704 -0.379289 -0.034200 
6.754392 -0.877558 2.784722 3.769886 -0.028599 -0.377633 -0.033693 
6.754815 -0.878342 2.784571 3.770035 -0.028483 -0.376000 -0.033149 
6.756276 -0.878571 2.783847 3.769700 -0.028429 -0.375294 -0.032448 
6.756826 -0.877965 2.784299 3.770248 -0.029511 -0.374195 -0.032959 
6.756703 -0.878271 2.784485 3.770036 -0.030206 -0.374390 -0.032464 
6.757226 -0.879590 2.784234 3.771235 -0.030453 -0.374622 -0.032896 
6.757562 -0.879900 2.784869 3.770784 -0.030297 -0.374658 -0.033232 
6.757951 -0.879630 2.785923 3.771699 -0.029736 -0.374594 -0.032081 
6.757492 -0.880063 2.785975 3.771651 -0.029550 -0.373886 -0.031963 
6.757388 -0.880745 2.786121 3.771655 -0.029497 -0.372169 -0.031356 
6.756854 -0.881405 2.786544 3.771844 -0.029493 -0.370525 -0.030938 
6.757502 -0.881873 2.786528 3.771811 -0.029398 -0.369018 -0.029992 
6.757163 -0.882167 2.787523 3.772518 -0.029262 -0.367783 -0.029233 
6.757563 -0.883067 2.788316 3.771417 -0.029227 -0.367157 -0.030013 
6.756897 -0.884195 2.787876 3.770852 -0.028153 -0.367247 -0.029362 
6.757854 -0.883574 2.788131 3.772058 -0.029088 -0.367195 -0.030397 
6.757895 -0.882670 2.787898 3.772063 -0.027765 -0.366407 -0.031154 
6.757296 -0.883666 2.787686 3.772045 -0.029505 -0.366777 -0.030694 
6.757473 -0.884683 2.787556 3.772034 -0.031116 -0.366573 -0.030388 
6.756370 -0.885248 2.788461 3.772332 -0.031830 -0.367296 -0.030969 
6.757544 -0.884606 2.787038 3.771628 -0.031191 -0.367122 -0.030838 
6.758676 -0.885462 2.787765 3.772003 -0.032044 -0.366584 -0.029463 
6.758662 -0.885612 2.787500 3.772087 -0.032389 -0.365736 -0.029588 
6.758415 -0.885430 2.786979 3.772637 -0.032677 -0.365718 -0.029138 
6.758644 -0.885991 2.787356 3.772210 -0.032148 -0.365765 -0.029606 
6.758211 -0.886255 2.787247 3.771601 -0.032105 -0.365499 -0.029114 
6.758240 -0.886706 2.787144 3.771524 -0.031975 -0.364671 -0.028942 
6.758264 -0.887144 2.787080 3.771472 -0.031827 -0.363837 -0.028751 
6.758280 -0.887627 2.786854 3.771284 -0.031758 -0.363055 -0.028617 
6.758327 -0.888074 2.786935 3.771220 -0.031523 -0.362359 -0.028168 
6.758269 -0.888572 2.786544 3.770641 -0.031551 -0.362060 -0.027816 
6.757746 -0.889156 2.786775 3.770658 -0.031927 -0.361692 -0.027906 
6.757192 -0.889360 2.786610 3.770493 -0.031614 -0.361023 -0.027985 
6.757327 -0.889188 2.786979 3.769967 -0.031990 -0.360431 -0.028021 
6.757135 -0.888938 2.786608 3.770271 -0.032501 -0.360057 -0.027549 
6.757222 -0.889425 2.786459 3.770287 -0.032863 -0.359317 -0.027459 
6.757214 -0.889903 2.786385 3.770253 -0.033224 -0.358581 -0.027244 
6.757114 -0.890328 2.786351 3.770201 -0.033596 -0.357868 -0.026909 
6.757146 -0.890673 2.786108 3.770154 -0.033807 -0.357018 -0.026830 
6.757017 -0.890870 2.785877 3.770087 -0.034018 -0.356172 -0.026550 
6.757033 -0.891353 2.785782 3.770037 -0.034336 -0.355409 -0.026388 
6.756969 -0.891745 2.785669 3.769977 -0.034642 -0.354621 -0.026133 
6.756687 -0.891677 2.785402 3.769897 -0.034768 -0.353845 -0.025716 
6.756362 -0.891172 2.785365 3.769896 -0.034416 -0.353528 -0.025111 
6.756717 -0.891488 2.785471 3.770228 -0.034761 -0.353666 -0.025951 
6.756452 -0.891327 2.784675 3.769632 -0.035037 -0.353828 -0.026040 
6.757121 -0.891587 2.785237 3.769903 -0.034717 -0.353824 -0.025610 
6.756697 -0.892146 2.785250 3.769669 -0.034242 -0.353284 -0.025976 
6.756886 -0.891861 2.785746 3.769062 -0.034491 -0.352920 -0.026147 
6.756875 -0.892027 2.785678 3.769162 -0.034805 -0.352661 -0.025973 
6.756912 -0.892645 2.785608 3.769193 -0.035080 -0.351984 -0.025800 
6.756970 -0.893211 2.785604 3.769187 -0.035445 -0.351304 -0.025612 
6.756990 -0.893899 2.785464 3.769214 -0.035498 -0.350635 -0.025522 
6.757033 -0.894545 2.785395 3.769201 -0.035668 -0.349936 -0.025406 
6.757081 -0.895199 2.785327 3.769130 -0.035715 -0.349223 -0.025360 
6.757137 -0.895819 2.785295 3.769082 -0.035916 -0.348509 -0.025248 
6.757198 -0.896452 2.785261 3.768964 -0.035954 -0.347779 -0.025227 
6.757261 -0.897047 2.785253 3.768913 -0.036216 -0.347067 -0.025094 
6.757331 -0.897660 2.785246 3.768764 -0.036265 -0.346327 -0.025083 
6.757403 -0.898227 2.785269 3.768692 -0.036568 -0.345612 -0.024945 
6.757483 -0.898821 2.785285 3.768504 -0.036592 -0.344865 -0.024961 
6.757567 -0.899358 2.785343 3.768395 -0.036912 -0.344142 -0.024834 
6.757657 -0.899921 2.785388 3.768146 -0.036875 -0.343394 -0.024900 
6.757756 -0.900424 2.785488 3.767988 -0.037202 -0.342660 -0.024793 
6.757775 -0.901116 2.785350 3.768037 -0.037290 -0.342004 -0.024680 
6.757856 -0.901703 2.785369 3.767814 -0.037227 -0.341266 -0.024744 
6.757938 -0.902265 2.785412 3.767702 -0.037498 -0.340536 -0.024635 
6.757893 -0.902998 2.785119 3.767937 -0.037486 -0.340036 -0.024483 
6.757975 -0.903587 2.785136 3.767717 -0.037425 -0.339299 -0.024546 
6.758052 -0.904135 2.785179 3.767639 -0.037763 -0.338589 -0.024398 
6.758170 -0.904621 2.785310 3.767318 -0.037803 -0.337830 -0.024469 
6.758201 -0.905310 2.785197 3.767313 -0.037840 -0.337152 -0.024398 
6.758288 -0.905759 2.785297 3.767245 -0.038340 -0.336491 -0.024192 
6.758415 -0.906218 2.785455 3.766900 -0.038400 -0.335733 -0.024267 
6.758463 -0.906878 2.785391 3.766852 -0.038489 -0.335029 -0.024195 
6.758562 -0.907205 2.785555 3.766776 -0.039117 -0.334437 -0.023952 
6.758709 -0.907553 2.785783 3.766313 -0.039068 -0.333721 -0.024128 
6.758771 -0.908194 2.785750 3.766191 -0.039082 -0.332998 -0.024116 
6.758879 -0.908665 2.785884 3.766012 -0.039443 -0.332272 -0.024006 
6.758908 -0.909361 2.785760 3.766003 -0.039434 -0.331601 -0.023954 
6.758981 -0.909871 2.785812 3.765976 -0.039882 -0.330938 -0.023746 
6.759115 -0.910290 2.785992 3.765566 -0.039829 -0.330207 -0.023895 
6.759141 -0.910982 2.785855 3.765514 -0.039663 -0.329555 -0.023923 
6.759240 -0.911517 2.785945 3.765337 -0.039908 -0.328812 -0.023852 
6.759232 -0.912239 2.785740 3.765471 -0.039957 -0.328219 -0.023717 
6.759320 -0.912699 2.785789 3.765107 -0.039567 -0.327602 -0.023977 
6.759430 -0.913168 2.785928 3.764925 -0.039930 -0.326878 -0.023867 
6.759497 -0.913765 2.785933 3.764872 -0.040202 -0.326172 -0.023731 
6.759624 -0.914236 2.786092 3.764552 -0.040310 -0.325415 -0.023777 
6.759683 -0.914876 2.786062 3.764485 -0.040452 -0.324702 -0.023694 
6.759810 -0.915249 2.786226 3.764028 -0.040184 -0.324049 -0.023950 
6.759961 -0.915376 2.786561 3.763752 -0.040806 -0.323485 -0.023805 
6.760046 -0.915909 2.786627 3.763663 -0.041169 -0.322780 -0.023654 
6.760131 -0.916505 2.786661 3.763481 -0.041233 -0.322037 -0.023650 
6.760179 -0.917022 2.786659 3.763557 -0.041734 -0.321442 -0.023380 
6.760252 -0.917648 2.786652 3.763397 -0.041725 -0.320713 -0.023394 
6.760246 -0.918283 2.786491 3.763614 -0.042066 -0.320178 -0.023120 
6.760401 -0.918607 2.786766 3.763252 -0.042383 -0.319459 -0.023113 
6.760487 -0.919181 2.786794 3.762991 -0.042228 -0.318744 -0.023229 
6.760564 -0.919794 2.786807 3.762858 -0.042342 -0.318010 -0.023185 
6.760683 -0.919925 2.787078 3.762732 -0.043081 -0.317536 -0.022934 
6.760722 -0.920611 2.786984 3.762702 -0.043103 -0.316851 -0.022880 
6.760868 -0.920952 2.787209 3.762220 -0.042969 -0.316166 -0.023096 
6.761000 -0.921404 2.787391 3.761913 -0.043164 -0.315414 -0.023104 
6.761065 -0.922048 2.787365 3.761792 -0.043184 -0.314694 -0.023089 
6.761199 -0.922453 2.787574 3.761526 -0.043540 -0.313969 -0.023022 
6.761250 -0.923116 2.787516 3.761474 -0.043626 -0.313266 -0.022952 
6.761375 -0.923410 2.787750 3.761303 -0.044219 -0.312649 -0.022763 
6.761522 -0.923672 2.787991 3.760770 -0.043966 -0.312038 -0.023053 
6.761603 -0.924265 2.788005 3.760534 -0.043822 -0.311325 -0.023153 
6.761696 -0.924835 2.788069 3.760372 -0.044016 -0.310584 -0.023094 
6.761661 -0.925389 2.787808 3.760341 -0.043373 -0.310244 -0.023311 
6.761747 -0.925944 2.787869 3.760237 -0.043681 -0.309528 -0.023184 
6.761924 -0.926169 2.788207 3.759718 -0.043771 -0.308853 -0.023337 
6.762007 -0.926775 2.788228 3.759511 -0.043723 -0.308124 -0.023387 
6.762116 -0.927142 2.788403 3.759394 -0.044288 -0.307490 -0.023181 
6.762186 -0.927747 2.788413 3.759324 -0.044529 -0.306779 -0.023063 
6.762259 -0.928282 2.788413 3.759032 -0.044159 -0.306151 -0.023279 
6.762456 -0.928279 2.788871 3.758514 -0.044526 -0.305604 -0.023343 
6.762566 -0.928757 2.789009 3.758343 -0.044895 -0.304887 -0.023226 
6.762645 -0.929374 2.789024 3.758191 -0.044964 -0.304153 -0.023207 
6.762731 -0.929621 2.789191 3.758189 -0.045696 -0.303676 -0.022900 
6.762932 -0.929526 2.789664 3.757549 -0.045764 -0.303217 -0.023137 
6.763045 -0.930054 2.789782 3.757275 -0.045841 -0.302465 -0.023172 
6.763112 -0.930613 2.789802 3.757262 -0.046228 -0.301796 -0.022977 
6.763224 -0.931115 2.789909 3.756913 -0.046075 -0.301083 -0.023134 
6.763293 -0.931747 2.789902 3.756802 -0.046174 -0.300359 -0.023086 
6.763474 -0.931915 2.790281 3.756375 -0.046571 -0.299719 -0.023086 
6.763548 -0.932483 2.790314 3.756324 -0.046913 -0.299027 -0.022924 
6.763659 -0.932955 2.790423 3.755946 -0.046675 -0.298346 -0.023128 
6.763710 -0.933626 2.790358 3.755874 -0.046688 -0.297645 -0.023094 
6.763875 -0.933927 2.790663 3.755479 -0.046987 -0.296940 -0.023109 
6.763955 -0.934504 2.790704 3.755395 -0.047277 -0.296229 -0.022980 
6.764050 -0.934995 2.790767 3.755043 -0.046952 -0.295582 -0.023206 
6.764062 -0.935703 2.790611 3.755123 -0.047033 -0.294949 -0.023082 
6.764220 -0.936033 2.790894 3.754764 -0.047356 -0.294238 -0.023071 
6.764267 -0.936562 2.790886 3.754845 -0.047845 -0.293643 -0.022802 
6.764373 -0.937104 2.790971 3.754542 -0.047743 -0.292917 -0.022916 
6.764320 -0.937836 2.790657 3.754799 -0.047712 -0.292442 -0.022763 
6.764466 -0.938196 2.790910 3.754504 -0.048097 -0.291736 -0.022699 
6.764591 -0.938564 2.791072 3.754043 -0.047776 -0.291117 -0.022978 
6.764661 -0.939200 2.791066 3.753930 -0.047864 -0.290395 -0.022934 
6.764846 -0.939261 2.791489 3.753508 -0.048356 -0.289833 -0.022905 
6.764941 -0.939785 2.791582 3.753395 -0.048719 -0.289128 -0.022763 
6.764970 -0.940447 2.791455 3.753284 -0.048411 -0.288513 -0.022871 
6.765166 -0.940459 2.791886 3.752654 -0.048397 -0.287996 -0.023127 
6.765293 -0.940903 2.792072 3.752420 -0.048745 -0.287273 -0.023047 
6.765390 -0.941481 2.792131 3.752167 -0.048684 -0.286542 -0.023122 
6.765488 -0.941879 2.792278 3.752092 -0.049250 -0.285920 -0.022896 
6.765557 -0.942522 2.792264 3.751974 -0.049303 -0.285201 -0.022868 
6.765755 -0.942584 2.792695 3.751379 -0.049398 -0.284632 -0.023063 
6.765864 -0.942760 2.792932 3.751304 -0.050141 -0.284164 -0.022786 
6.765975 -0.943306 2.793036 3.751031 -0.050168 -0.283419 -0.022838 
6.766028 -0.943891 2.793021 3.751065 -0.050546 -0.282771 -0.022626 
6.766133 -0.944362 2.793113 3.750688 -0.050237 -0.282123 -0.022858 
6.766172 -0.945053 2.793018 3.750647 -0.050221 -0.281442 -0.022821 
6.766350 -0.945306 2.793363 3.750198 -0.050477 -0.280759 -0.022878 
6.766447 -0.945843 2.793456 3.750067 -0.050800 -0.280043 -0.022758 
6.766536 -0.946337 2.793503 3.749724 -0.050428 -0.279422 -0.022999 
6.766567 -0.947019 2.793401 3.749767 -0.050583 -0.278763 -0.022862 
6.766748 -0.947233 2.793768 3.749331 -0.050919 -0.278103 -0.022886 
6.766855 -0.947588 2.793886 3.748888 -0.050464 -0.277560 -0.023211 
6.766955 -0.948124 2.793986 3.748740 -0.050768 -0.276838 -0.023105 
6.766956 -0.948827 2.793785 3.748733 -0.050471 -0.276266 -0.023164 
6.767153 -0.948869 2.794216 3.748115 -0.050485 -0.275729 -0.023402 
6.767274 -0.949192 2.794434 3.747970 -0.051077 -0.275117 -0.023200 
6.767391 -0.949677 2.794586 3.747778 -0.051419 -0.274397 -0.023101 
6.767528 -0.950108 2.794771 3.747358 -0.051291 -0.273697 -0.023282 
6.767506 -0.950843 2.794528 3.747520 -0.051278 -0.273137 -0.023160 
6.767649 -0.951059 2.794825 3.747302 -0.051899 -0.272560 -0.022985 
6.767822 -0.951363 2.795140 3.746836 -0.052030 -0.271862 -0.023093 
6.767924 -0.951893 2.795247 3.746688 -0.052346 -0.271143 -0.022983 
6.768072 -0.952230 2.795477 3.746194 -0.052136 -0.270500 -0.023234 
6.768005 -0.952934 2.795121 3.746379 -0.051771 -0.270101 -0.023243 
6.768117 -0.953070 2.795483 3.746531 -0.051634 -0.270192 -0.023080 
6.768071 -0.953136 2.795145 3.746040 -0.052347 -0.269422 -0.023229 
6.768251 -0.953481 2.795533 3.745843 -0.052804 -0.268812 -0.023052 
6.768357 -0.953531 2.795661 3.745183 -0.052809 -0.268207 -0.023398 
6.768356 -0.953902 2.795447 3.744893 -0.053174 -0.267466 -0.023464 
6.768464 -0.954422 2.795539 3.744598 -0.053252 -0.266713 -0.023521 
6.768587 -0.954760 2.795820 3.744664 -0.053890 -0.266261 -0.023162 
6.768468 -0.955428 2.795369 3.745087 -0.053766 -0.266007 -0.022985 
6.768628 -0.955656 2.795397 3.745100 -0.053920 -0.266218 -0.023287 
6.768345 -0.955353 2.795594 3.744849 -0.053437 -0.265279 -0.022552 
6.768323 -0.955449 2.795907 3.744553 -0.053143 -0.264517 -0.022249 
6.768334 -0.955975 2.796018 3.744468 -0.052885 -0.263777 -0.022040 
6.768458 -0.955930 2.796520 3.744286 -0.053442 -0.263320 -0.021675 
6.768219 -0.955645 2.796145 3.743959 -0.053801 -0.262681 -0.021501 
6.768288 -0.955518 2.796328 3.743333 -0.054083 -0.262041 -0.021632 
6.768252 -0.955693 2.796211 3.743229 -0.054754 -0.261420 -0.021387 
6.768101 -0.955674 2.796308 3.743108 -0.054792 -0.260645 -0.020834 
6.767957 -0.955829 2.796065 3.742865 -0.055010 -0.259809 -0.020627 
6.767948 -0.956021 2.796193 3.742664 -0.055368 -0.259020 -0.020294 
6.767848 -0.956237 2.795951 3.742403 -0.055674 -0.258207 -0.020169 
6.767868 -0.956455 2.796105 3.742200 -0.056075 -0.257440 -0.019866 
6.767790 -0.956706 2.795832 3.741927 -0.056424 -0.256659 -0.019818 
6.767844 -0.956946 2.796034 3.741727 -0.056868 -0.255926 -0.019537 
6.767783 -0.957233 2.795689 3.741442 -0.057249 -0.255207 -0.019607 
6.767763 -0.957127 2.795888 3.740876 -0.057014 -0.254482 -0.019600 
6.767635 -0.957514 2.795796 3.740923 -0.056935 -0.253716 -0.019171 
6.767714 -0.957995 2.795914 3.740713 -0.057125 -0.252935 -0.019058 
6.767623 -0.958426 2.795363 3.740486 -0.057023 -0.252401 -0.019387 
6.767839 -0.958229 2.795710 3.739805 -0.057096 -0.252221 -0.019884 
6.767603 -0.958625 2.795315 3.740174 -0.056978 -0.252620 -0.019166 
6.767831 -0.958930 2.795760 3.740695 -0.056379 -0.252303 -0.019561 
6.767192 -0.958518 2.795527 3.740485 -0.057082 -0.252437 -0.019500 
6.767468 -0.959019 2.795493 3.740659 -0.057781 -0.252592 -0.019788 
6.767476 -0.959095 2.795679 3.740632 -0.057923 -0.252274 -0.019511 
6.767329 -0.959158 2.795513 3.740540 -0.058350 -0.251481 -0.019229 
6.767222 -0.959124 2.795532 3.740499 -0.058869 -0.250759 -0.018841 
6.767075 -0.959313 2.795074 3.740408 -0.059303 -0.250060 -0.018845 
6.767043 -0.959408 2.795008 3.740428 -0.060026 -0.249452 -0.018626 
6.767029 -0.959791 2.794327 3.740403 -0.060180 -0.249424 -0.019189 
6.766937 -0.959510 2.794838 3.740770 -0.059983 -0.249541 -0.018379 
6.767017 -0.960048 2.795105 3.740828 -0.059547 -0.248918 -0.018307 
6.766931 -0.960516 2.794991 3.740186 -0.059494 -0.249010 -0.017767 
6.766500 -0.960605 2.795155 3.740186 -0.059547 -0.249051 -0.017881 
6.766828 -0.960423 2.794894 3.740141 -0.059050 -0.248188 -0.017540 
6.766977 -0.960685 2.795086 3.740223 -0.058721 -0.247378 -0.017307 
6.766730 -0.960639 2.794689 3.740681 -0.058512 -0.247073 -0.016686 
6.766745 -0.960663 2.794703 3.740613 -0.057548 -0.247139 -0.016804 
6.766720 -0.960898 2.794363 3.740712 -0.058536 -0.247001 -0.016928 
6.766694 -0.960724 2.794123 3.740396 -0.059020 -0.246274 -0.016930 
6.767433 -0.961026 2.793899 3.740287 -0.059315 -0.246201 -0.016528 
6.767860 -0.960705 2.793918 3.740940 -0.059508 -0.245909 -0.016874 
6.767811 -0.961014 2.794210 3.741030 -0.059496 -0.245693 -0.016860 
6.767629 -0.961433 2.794150 3.741134 -0.060269 -0.245362 -0.016705 
6.767762 -0.961844 2.794048 3.740961 -0.060433 -0.244528 -0.016635 
6.768104 -0.962433 2.793935 3.740896 -0.060622 -0.243897 -0.016437 
6.768172 -0.962759 2.793877 3.740941 -0.060848 -0.243014 -0.016517 
6.768293 -0.963189 2.793817 3.741079 -0.061189 -0.242230 -0.016533 
6.768187 -0.963317 2.793483 3.740579 -0.061531 -0.241578 -0.016388 
6.768229 -0.963175 2.793866 3.740632 -0.061504 -0.240951 -0.015764 
6.768547 -0.963334 2.794426 3.740216 -0.061731 -0.240453 -0.015964 
6.768253 -0.963859 2.794469 3.740165 -0.061463 -0.239754 -0.015801 
6.768393 -0.964086 2.794301 3.740191 -0.061275 -0.238862 -0.015651 
6.767860 -0.964157 2.794450 3.740340 -0.061506 -0.238109 -0.015675 
6.767802 -0.964794 2.794500 3.740302 -0.061729 -0.237608 -0.015185 
6.767636 -0.965309 2.794570 3.740096 -0.061762 -0.236982 -0.014715 
6.767172 -0.965456 2.794701 3.739928 -0.061723 -0.236182 -0.014542 
6.767282 -0.966082 2.795042 3.740401 -0.061678 -0.235776 -0.014334 
6.767243 -0.966828 2.794685 3.740305 -0.061960 -0.235452 -0.014607 
6.766914 -0.967221 2.794050 3.740675 -0.061957 -0.235289 -0.014254 
6.767095 -0.967736 2.793873 3.740653 -0.062504 -0.234736 -0.014116 
6.766832 -0.968488 2.793931 3.740553 -0.063007 -0.234542 -0.013994 
6.767212 -0.969020 2.793597 3.740421 -0.062874 -0.233925 -0.013987 
6.767290 -0.969269 2.793350 3.740793 -0.063140 -0.233254 -0.014393 
6.767941 -0.969730 2.793048 3.741091 -0.063410 -0.233504 -0.014441 
6.767220 -0.969207 2.793051 3.740517 -0.063261 -0.233349 -0.014594 
6.767273 -0.969328 2.793284 3.740718 -0.063260 -0.232394 -0.013962 
6.766952 -0.969719 2.793079 3.740843 -0.062938 -0.231693 -0.013746 
6.767033 -0.969999 2.793397 3.740601 -0.062888 -0.230854 -0.013796 
6.767372 -0.969581 2.793150 3.740740 -0.062428 -0.230245 -0.013767 
6.766905 -0.969905 2.793400 3.740890 -0.063113 -0.230730 -0.014048 
6.766453 -0.970283 2.793568 3.740887 -0.063544 -0.230263 -0.013629 
6.765941 -0.970946 2.793557 3.741056 -0.063161 -0.230089 -0.013843 
6.766497 -0.971557 2.793242 3.741303 -0.063484 -0.230011 -0.013811 
6.766390 -0.971539 2.792906 3.741023 -0.063589 -0.229951 -0.013952 
6.766316 -0.972140 2.793165 3.740844 -0.064123 -0.229507 -0.014028 
6.765937 -0.972613 2.792864 3.741117 -0.064606 -0.229394 -0.013611 
6.765907 -0.972429 2.792807 3.741404 -0.064689 -0.229136 -0.013823 
6.766141 -0.972497 2.792674 3.741290 -0.064355 -0.228328 -0.013508 
6.766422 -0.972720 2.792550 3.741256 -0.064131 -0.227458 -0.013478 
6.766492 -0.973132 2.792397 3.740936 -0.063936 -0.227072 -0.012794 
6.766954 -0.972677 2.792436 3.740781 -0.064421 -0.226671 -0.012460 
6.766780 -0.972582 2.792150 3.740479 -0.064481 -0.226622 -0.012601 
6.766273 -0.972345 2.792584 3.740403 -0.064276 -0.226009 -0.012433 
6.766089 -0.972338 2.792341 3.740726 -0.064423 -0.225936 -0.012312 
6.766361 -0.972020 2.791888 3.740903 -0.063822 -0.225586 -0.012069 
6.766214 -0.972555 2.792316 3.740795 -0.064470 -0.225632 -0.012586 
6.766118 -0.973147 2.792337 3.740727 -0.065016 -0.225121 -0.012413 
6.765997 -0.973504 2.792443 3.740836 -0.065701 -0.224570 -0.012542 
6.766166 -0.973988 2.792111 3.740789 -0.065627 -0.223915 -0.012163 
6.765805 -0.974824 2.791972 3.740824 -0.065432 -0.223663 -0.012117 
6.765931 -0.975145 2.792392 3.740241 -0.065293 -0.223128 -0.012000 
6.765899 -0.975327 2.791774 3.739579 -0.065515 -0.223008 -0.012190 
6.766271 -0.975545 2.791798 3.739629 -0.065535 -0.223147 -0.012363 
6.765868 -0.975806 2.791720 3.739453 -0.065708 -0.222562 -0.011506 
6.765831 -0.976134 2.791567 3.739477 -0.065575 -0.221681 -0.011341 
6.765713 -0.976533 2.791505 3.739467 -0.065588 -0.220813 -0.011189 
6.765557 -0.977024 2.791513 3.739394 -0.065772 -0.220076 -0.010863 
6.765652 -0.977572 2.791435 3.739378 -0.065816 -0.219323 -0.010600 
6.765515 -0.978113 2.791481 3.739270 -0.066095 -0.218716 -0.010174 
6.765364 -0.978565 2.791423 3.739174 -0.066107 -0.217955 -0.009806 
6.765791 -0.979224 2.791335 3.739197 -0.066203 -0.217462 -0.009531 
6.766090 -0.979042 2.791340 3.739131 -0.066661 -0.216732 -0.009241 
6.765927 -0.979311 2.790830 3.739647 -0.067037 -0.216346 -0.009046 
6.765903 -0.979817 2.790758 3.739559 -0.067405 -0.215605 -0.009043 
6.765921 -0.980264 2.790476 3.739341 -0.067725 -0.214984 -0.008670 
6.765925 -0.980727 2.790586 3.739496 -0.067987 -0.214246 -0.008369 
6.765959 -0.981146 2.790459 3.739471 -0.068232 -0.213617 -0.007817 
6.766064 -0.981513 2.790282 3.739544 -0.068283 -0.212752 -0.007677 
6.766161 -0.981853 2.790086 3.739617 -0.068275 -0.211875 -0.007552 
6.766242 -0.982210 2.789892 3.739667 -0.068301 -0.211025 -0.007316 
6.766321 -0.982614 2.790069 3.739938 -0.068521 -0.210255 -0.007510 
6.766478 -0.982943 2.789588 3.739636 -0.068786 -0.209673 -0.007810 
6.766766 -0.982979 2.789036 3.740312 -0.068917 -0.209373 -0.007776 
6.766036 -0.982716 2.788843 3.740394 -0.069022 -0.208836 -0.007866 
6.765670 -0.983470 2.788629 3.740549 -0.068619 -0.208898 -0.007991 
6.765789 -0.983309 2.788639 3.740542 -0.068245 -0.208771 -0.008196 
6.765610 -0.984077 2.788522 3.740541 -0.068901 -0.208254 -0.007716 
6.765523 -0.984719 2.788423 3.740594 -0.069297 -0.207654 -0.007647 
6.765598 -0.985156 2.788319 3.740533 -0.069134 -0.206841 -0.007415 
6.765588 -0.985641 2.788025 3.740399 -0.069134 -0.206152 -0.007041 
6.765621 -0.986179 2.787941 3.740414 -0.069035 -0.205349 -0.006998 
6.765567 -0.986770 2.787816 3.740406 -0.069382 -0.204705 -0.006773 
6.765497 -0.987385 2.787644 3.740389 -0.069667 -0.204063 -0.006557 
6.765465 -0.987992 2.787486 3.740383 -0.069755 -0.203333 -0.006421 
6.765345 -0.988635 2.787230 3.740348 -0.070053 -0.202774 -0.006180 
6.765366 -0.989184 2.787121 3.740357 -0.069942 -0.201983 -0.006136 
6.765302 -0.989816 2.786886 3.740336 -0.069963 -0.201292 -0.006006 
6.765314 -0.990303 2.787195 3.740569 -0.070398 -0.200734 -0.006261 
6.765203 -0.990614 2.787487 3.740912 -0.070293 -0.200219 -0.005656 
6.764925 -0.990898 2.787966 3.740207 -0.070240 -0.199986 -0.005553 
6.765282 -0.991149 2.788041 3.740170 -0.070191 -0.200170 -0.005485 
6.765067 -0.991018 2.787877 3.740135 -0.070433 -0.199085 -0.005316 
6.765034 -0.991342 2.787813 3.740178 -0.070460 -0.198178 -0.005178 
6.764806 -0.991747 2.787488 3.740106 -0.071030 -0.197850 -0.004736 
6.764772 -0.991972 2.787476 3.740107 -0.071441 -0.197073 -0.004377 
6.764575 -0.992467 2.787275 3.740151 -0.071594 -0.196327 -0.004159 
6.764464 -0.992832 2.787182 3.740181 -0.071857 -0.195521 -0.003878 
6.764553 -0.992833 2.787308 3.740154 -0.072391 -0.194829 -0.003471 
6.764419 -0.993140 2.786927 3.740028 -0.072343 -0.194145 -0.003012 
6.764356 -0.993560 2.786559 3.739840 -0.072620 -0.193422 -0.003058 
6.763828 -0.993887 2.786447 3.739790 -0.072794 -0.192725 -0.002865 
6.763770 -0.994091 2.785966 3.740311 -0.072996 -0.192141 -0.002707 
6.763787 -0.994782 2.785878 3.740303 -0.073132 -0.191548 -0.002393 
6.763648 -0.995308 2.785505 3.740161 -0.073521 -0.191130 -0.001979 
6.763788 -0.995478 2.785686 3.740239 -0.073158 -0.190278 -0.002077 
6.763686 -0.995061 2.785238 3.740546 -0.073121 -0.189600 -0.002190 
6.763389 -0.995554 2.784843 3.740642 -0.072529 -0.189614 -0.002516 
6.763741 -0.995155 2.785244 3.740495 -0.073377 -0.189560 -0.002586 
6.763579 -0.995435 2.785724 3.741077 -0.073508 -0.189048 -0.002602 
6.764383 -0.995699 2.785641 3.741393 -0.073453 -0.188691 -0.002584 
6.764529 -0.995840 2.785941 3.741168 -0.073360 -0.187821 -0.002674 
6.764576 -0.996252 2.785832 3.741265 -0.073739 -0.187056 -0.002500 
6.764590 -0.996694 2.785668 3.741326 -0.074157 -0.186346 -0.002276 
6.764616 -0.997125 2.785535 3.741373 -0.074548 -0.185604 -0.002072 
6.764668 -0.997523 2.785486 3.741354 -0.074859 -0.184786 -0.001914 
6.764798 -0.997952 2.785364 3.741454 -0.075213 -0.184031 -0.001734 
6.764768 -0.998249 2.785479 3.741235 -0.075375 -0.183152 -0.001657 
6.765014 -0.998601 2.785520 3.741220 -0.075533 -0.182295 -0.001579 
6.764995 -0.999004 2.785445 3.741210 -0.075892 -0.181504 -0.001402 
6.765221 -0.999389 2.785424 3.741252 -0.076121 -0.180675 -0.001288 
6.765057 -0.999810 2.785221 3.741323 -0.076622 -0.180050 -0.001040 
6.765011 -1.000109 2.785568 3.741522 -0.076752 -0.179222 -0.001041 
6.765364 -1.000479 2.785558 3.741604 -0.076918 -0.178416 -0.000957 
6.765434 -1.000915 2.785495 3.741891 -0.077308 -0.177715 -0.000788 
6.765420 -1.001179 2.785487 3.741527 -0.077482 -0.176871 -0.000692 
6.764868 -1.001491 2.785384 3.741607 -0.078021 -0.176433 -0.000465 
6.765061 -1.001648 2.785405 3.741491 -0.078466 -0.176096 -0.001219 
6.765020 -1.001276 2.785607 3.741540 -0.078313 -0.176469 -0.000298 
6.764952 -1.002329 2.785721 3.741351 -0.077930 -0.176629 -0.000327 
6.764792 -1.002270 2.786097 3.741504 -0.077788 -0.176504 -0.000421 
6.764724 -1.002667 2.785992 3.741609 -0.077247 -0.175834 -0.000255 
6.764299 -1.002906 2.785930 3.741213 -0.076697 -0.175332 -0.000217 
6.764281 -1.003427 2.785811 3.741824 -0.076327 -0.174948 -0.000114 
6.764713 -1.003414 2.786133 3.741698 -0.076359 -0.174326 0.000395 
6.764744 -1.003284 2.786145 3.741731 -0.076059 -0.174559 0.000669 
6.765316 -1.003446 2.786155 3.741569 -0.075961 -0.174199 -0.000236 
6.764573 -1.003069 2.786269 3.741896 -0.076295 -0.174169 0.000280 
6.764814 -1.003243 2.785253 3.741650 -0.076522 -0.174018 0.000520 
6.764547 -1.003299 2.785239 3.741356 -0.076295 -0.173857 0.000501 
6.764803 -1.003927 2.785145 3.741700 -0.077176 -0.173819 0.000583 
6.764900 -1.004027 2.785158 3.741203 -0.078002 -0.173884 0.000595 
6.765145 -1.004090 2.785159 3.741136 -0.077941 -0.173749 0.000211 
6.765338 -1.004924 2.784926 3.741470 -0.078041 -0.173550 0.000295 
6.764981 -1.004882 2.785023 3.741966 -0.078436 -0.172963 0.000036 
6.765013 -1.004910 2.785161 3.741753 -0.078323 -0.172619 0.000237 
6.764334 -1.005292 2.784952 3.741326 -0.078114 -0.172536 -0.000030 
6.764282 -1.005452 2.785386 3.741356 -0.078103 -0.172670 -0.000086 
6.764377 -1.005747 2.784867 3.741114 -0.077993 -0.171737 0.000169 
6.764367 -1.006231 2.784736 3.740981 -0.077927 -0.170922 0.000297 
6.764216 -1.006646 2.784330 3.740942 -0.077944 -0.170153 0.000278 
6.764097 -1.007241 2.784360 3.740830 -0.077883 -0.169400 0.000318 
6.763786 -1.007747 2.784032 3.740845 -0.077934 -0.168717 0.000159 
6.763617 -1.008403 2.784248 3.740739 -0.077866 -0.168060 0.000155 
6.763817 -1.008700 2.783987 3.740684 -0.077845 -0.167225 0.000392 
6.763488 -1.009208 2.783666 3.740743 -0.077924 -0.166564 0.000198 
6.763313 -1.009863 2.783832 3.740695 -0.077894 -0.165884 0.000166 
6.763443 -1.010188 2.783517 3.740720 -0.077929 -0.165043 0.000318 
6.762979 -1.010615 2.783096 3.740858 -0.078069 -0.164570 -0.000022 
6.762838 -1.011158 2.782638 3.740324 -0.077721 -0.164422 0.000008 
6.762881 -1.011206 2.782644 3.740078 -0.078135 -0.164458 0.000023 
6.762339 -1.011343 2.782597 3.740153 -0.078502 -0.164372 0.000725 
6.762014 -1.011274 2.782679 3.739749 -0.079037 -0.163762 0.000604 
6.762116 -1.011882 2.782582 3.739842 -0.079753 -0.163558 0.000600 
6.762159 -1.011498 2.781772 3.739829 -0.080129 -0.163507 0.000658 
6.761792 -1.011928 2.782535 3.739902 -0.079808 -0.163781 0.000330 
6.762268 -1.012012 2.782921 3.739219 -0.080178 -0.163460 0.001070 
6.762040 -1.012143 2.782355 3.739615 -0.079519 -0.163479 0.000612 
6.761899 -1.012439 2.782326 3.739827 -0.079381 -0.162618 0.000813 
6.762299 -1.012677 2.782314 3.739681 -0.079282 -0.161906 0.000366 
6.762548 -1.013262 2.782158 3.739960 -0.079052 -0.161367 0.000688 
6.762441 -1.013144 2.782171 3.739833 -0.078501 -0.160619 0.000908 
6.762444 -1.013459 2.782538 3.739982 -0.078884 -0.161448 0.000591 
6.762162 -1.013788 2.781875 3.740059 -0.079582 -0.161050 0.000452 
6.762312 -1.013630 2.782005 3.740879 -0.079894 -0.160761 0.000257 
6.762397 -1.013608 2.782256 3.740727 -0.080173 -0.160645 0.000488 
6.762834 -1.014268 2.781977 3.740725 -0.080631 -0.160475 0.000386 
6.762416 -1.014553 2.781775 3.741111 -0.080854 -0.160649 0.001040 
6.762822 -1.014191 2.782004 3.740714 -0.080880 -0.160859 0.000239 
6.762615 -1.014322 2.781874 3.740609 -0.080524 -0.159543 0.000380 
6.763021 -1.014208 2.781954 3.741065 -0.080291 -0.158855 0.000560 
6.762809 -1.014796 2.782586 3.741147 -0.079992 -0.158646 0.000405 
6.762947 -1.014910 2.782503 3.740898 -0.079715 -0.158691 0.000647 
6.762621 -1.014824 2.782543 3.741032 -0.080015 -0.157702 0.000299 
6.763212 -1.015039 2.782639 3.740942 -0.080150 -0.157163 -0.000183 
6.763305 -1.015544 2.782499 3.741288 -0.080412 -0.156483 -0.000045 
6.763427 -1.015982 2.782488 3.741572 -0.080738 -0.155762 0.000156 
6.763608 -1.016376 2.782557 3.741797 -0.081091 -0.155018 0.000336 
6.763945 -1.016705 2.782713 3.741906 -0.081438 -0.154260 0.000361 
6.764005 -1.017203 2.782518 3.742291 -0.081616 -0.153569 0.000440 
6.764241 -1.017652 2.782434 3.742562 -0.081824 -0.152814 0.000382 
6.764297 -1.018010 2.782516 3.742828 -0.082174 -0.152092 0.000699 
6.764697 -1.018285 2.782739 3.742862 -0.082532 -0.151359 0.000679 
6.764463 -1.018461 2.782573 3.742932 -0.082556 -0.150445 0.000656 
6.764225 -1.018678 2.782807 3.743522 -0.082756 -0.149867 0.000386 
6.763927 -1.019297 2.782582 3.743227 -0.083292 -0.149672 0.000250 
6.764064 -1.019074 2.782002 3.743469 -0.083823 -0.149217 0.000296 
6.764264 -1.019344 2.781777 3.743626 -0.083615 -0.149267 0.000225 
6.764314 -1.020010 2.781757 3.743661 -0.083374 -0.148630 0.000431 
6.764376 -1.020670 2.781731 3.743674 -0.083123 -0.147974 0.000569 
6.764614 -1.021046 2.781549 3.743547 -0.082800 -0.147514 -0.000055 
6.764214 -1.021595 2.781192 3.743781 -0.082401 -0.147162 0.000111 
6.764657 -1.022345 2.781341 3.743988 -0.082472 -0.146854 0.000283 
6.765009 -1.022576 2.780970 3.743360 -0.082259 -0.146733 0.000713 
6.765101 -1.022418 2.780688 3.743505 -0.082494 -0.146513 0.000745 
6.765490 -1.022127 2.780831 3.743883 -0.081949 -0.146066 0.000986 
6.764924 -1.022374 2.780912 3.743319 -0.082609 -0.146191 0.000801 
6.764811 -1.022937 2.780672 3.743219 -0.083168 -0.145710 0.000689 
6.764624 -1.023041 2.780067 3.742589 -0.083291 -0.145351 0.000722 
6.764347 -1.023308 2.779950 3.742635 -0.083814 -0.145300 0.001440 
6.764831 -1.023382 2.780043 3.742235 -0.084511 -0.145118 0.001273 
6.764060 -1.023162 2.779930 3.742627 -0.084033 -0.145511 0.001235 
6.764233 -1.023692 2.779753 3.742922 -0.083577 -0.144516 0.001471 
6.764039 -1.024513 2.779965 3.742634 -0.083245 -0.144448 0.001476 
6.764356 -1.024972 2.779266 3.742981 -0.083167 -0.144608 0.001434 
6.763962 -1.024401 2.779677 3.742288 -0.083146 -0.144382 0.001530 
6.763964 -1.024516 2.779697 3.742449 -0.082735 -0.143624 0.001944 
6.763265 -1.024693 2.779499 3.742640 -0.082844 -0.143138 0.001612 
6.763638 -1.024943 2.779517 3.742348 -0.083347 -0.142547 0.001359 
6.763900 -1.024838 2.779587 3.742311 -0.082859 -0.142272 0.000615 
6.763553 -1.025320 2.779662 3.742147 -0.083208 -0.142639 0.001357 
6.763472 -1.025669 2.779572 3.741991 -0.083815 -0.142025 0.001575 
6.762859 -1.025968 2.779381 3.742078 -0.084220 -0.141507 0.001683 
6.762947 -1.026215 2.779395 3.742081 -0.084275 -0.140814 0.002317 
6.762885 -1.026274 2.778973 3.741490 -0.084476 -0.140349 0.002719 
6.762805 -1.026393 2.779355 3.741321 -0.084970 -0.139747 0.003109 
6.763035 -1.026957 2.779031 3.741498 -0.085363 -0.139320 0.003437 
6.762703 -1.027573 2.779093 3.741334 -0.085186 -0.138969 0.003965 
6.762736 -1.027889 2.779103 3.741198 -0.084924 -0.138140 0.003686 
6.762599 -1.028193 2.779020 3.741173 -0.084766 -0.137262 0.003881 
6.762257 -1.028793 2.779075 3.741023 -0.084605 -0.136935 0.004445 
6.762870 -1.029141 2.779284 3.740619 -0.084402 -0.136484 0.004513 
6.762513 -1.029639 2.779203 3.740344 -0.084713 -0.136058 0.004045 
6.762448 -1.030088 2.779709 3.740937 -0.084697 -0.135788 0.003789 
6.762385 -1.030594 2.779122 3.741047 -0.084232 -0.135620 0.003485 
6.762254 -1.029960 2.779909 3.740774 -0.084381 -0.135786 0.003653 
6.762388 -1.030375 2.779590 3.740960 -0.085356 -0.135160 0.003943 
6.762387 -1.031027 2.779605 3.740818 -0.086057 -0.135059 0.004025 
6.762762 -1.030718 2.779454 3.740953 -0.086456 -0.134678 0.003415 
6.762397 -1.030628 2.779337 3.741108 -0.086608 -0.134832 0.003304 
6.763005 -1.030711 2.779371 3.741281 -0.086469 -0.134040 0.004026 
6.762778 -1.030710 2.779629 3.740919 -0.086344 -0.133218 0.004139 
6.762873 -1.030435 2.779034 3.740320 -0.086471 -0.133097 0.004494 
6.762905 -1.030177 2.779330 3.740265 -0.086691 -0.133193 0.004643 
6.763064 -1.030767 2.778993 3.740337 -0.086176 -0.132278 0.004712 
6.762454 -1.030753 2.778711 3.740671 -0.086256 -0.131680 0.004873 
6.762481 -1.030831 2.778616 3.740454 -0.086232 -0.130891 0.004356 
6.762197 -1.031617 2.778695 3.740099 -0.086474 -0.130717 0.004546 
6.761794 -1.032121 2.778775 3.739725 -0.086045 -0.130332 0.004787 
6.762011 -1.032781 2.778500 3.739889 -0.086473 -0.129940 0.004962 
6.762117 -1.032930 2.778889 3.739816 -0.087060 -0.129415 0.005340 
6.762045 -1.033398 2.778468 3.739581 -0.087686 -0.129110 0.005453 
6.761926 -1.034041 2.778824 3.740069 -0.087914 -0.128923 0.005180 
6.762189 -1.034082 2.778896 3.739832 -0.087870 -0.128807 0.004878 
6.762785 -1.034593 2.779003 3.739682 -0.087878 -0.129053 0.005371 
6.761995 -1.034248 2.778931 3.739669 -0.087567 -0.128605 0.004991 
6.762193 -1.034257 2.778658 3.739880 -0.087317 -0.127764 0.005151 
6.761979 -1.034408 2.778725 3.739576 -0.087191 -0.126901 0.005317 
6.761849 -1.034837 2.778112 3.739548 -0.086715 -0.126564 0.005126 
6.761798 -1.035105 2.778350 3.739829 -0.086750 -0.126509 0.004972 
6.761899 -1.034913 2.778797 3.740047 -0.086021 -0.126158 0.005033 
6.762178 -1.035322 2.778433 3.739632 -0.086727 -0.126532 0.004978 
6.762105 -1.035762 2.778297 3.739849 -0.086919 -0.126542 0.005786 
6.762366 -1.035622 2.778141 3.740090 -0.087069 -0.126329 0.005762 
6.762809 -1.035492 2.777813 3.740479 -0.087555 -0.125838 0.005693 
6.762646 -1.035550 2.777952 3.740233 -0.087690 -0.125513 0.005762 
6.762561 -1.036052 2.777785 3.740414 -0.088017 -0.125474 0.006487 
6.763253 -1.036551 2.777915 3.739978 -0.088116 -0.125501 0.006387 
6.763197 -1.036743 2.777635 3.739971 -0.087836 -0.125316 0.006300 
6.763537 -1.036579 2.778001 3.740178 -0.087323 -0.124905 0.006749 
6.763619 -1.036338 2.777753 3.739911 -0.087304 -0.124951 0.006946 
6.763423 -1.036977 2.777753 3.740264 -0.087515 -0.124083 0.006757 
6.763163 -1.037503 2.777584 3.740236 -0.087571 -0.123327 0.006834 
6.763213 -1.037922 2.777181 3.740553 -0.087725 -0.122628 0.006829 
6.763116 -1.038539 2.777029 3.740881 -0.087682 -0.121973 0.006857 
6.763112 -1.038741 2.776515 3.740767 -0.087798 -0.121217 0.007085 
6.762962 -1.039259 2.776282 3.740810 -0.087715 -0.120468 0.007285 
6.763404 -1.039389 2.775773 3.741424 -0.087771 -0.120150 0.007300 
6.763433 -1.039235 2.775778 3.741370 -0.087844 -0.119470 0.006623 
6.763782 -1.039466 2.775868 3.741154 -0.087918 -0.119500 0.006581 
6.763873 -1.039601 2.776134 3.741257 -0.088731 -0.119170 0.006855 
6.763809 -1.040108 2.775854 3.741166 -0.089498 -0.119064 0.006771 
6.764187 -1.040217 2.776039 3.741090 -0.089987 -0.118483 0.007199 
6.764195 -1.040769 2.776629 3.741596 -0.090096 -0.118395 0.007044 
6.764479 -1.040673 2.776432 3.741910 -0.090152 -0.118464 0.006988 
6.764279 -1.040433 2.777084 3.741315 -0.090782 -0.118615 0.006875 
6.764302 -1.040921 2.776658 3.741547 -0.090087 -0.118724 0.007348 
6.763563 -1.040674 2.776421 3.742022 -0.090261 -0.118078 0.007484 
6.763494 -1.040957 2.776160 3.741931 -0.090499 -0.118112 0.007345 
6.763620 -1.040792 2.776370 3.742029 -0.089748 -0.117275 0.007645 
6.763245 -1.040791 2.776304 3.742232 -0.088964 -0.116929 0.007460 
6.763845 -1.040599 2.776621 3.741877 -0.090061 -0.116498 0.007925 
6.764100 -1.040970 2.776612 3.741810 -0.089853 -0.116497 0.008763 
6.764158 -1.041223 2.776865 3.742118 -0.089918 -0.116467 0.008677 
6.764729 -1.040980 2.776363 3.742668 -0.089933 -0.116347 0.008688 
6.765020 -1.040841 2.776607 3.742558 -0.089720 -0.116449 0.008603 
6.765008 -1.041634 2.776055 3.742315 -0.090072 -0.115996 0.008395 
6.765018 -1.042178 2.775917 3.742293 -0.090654 -0.115472 0.008554 
6.765499 -1.042692 2.776066 3.742050 -0.091018 -0.114978 0.008560 
6.765703 -1.042610 2.775330 3.741732 -0.091301 -0.114602 0.008761 
6.765478 -1.042960 2.775175 3.741848 -0.090935 -0.113821 0.008757 
6.765277 -1.043495 2.774923 3.741958 -0.090701 -0.113116 0.008759 
6.765223 -1.043909 2.774373 3.741895 -0.090687 -0.112435 0.008852 
6.765351 -1.044356 2.774380 3.741824 -0.090607 -0.111583 0.008856 
6.765122 -1.045083 2.774286 3.741999 -0.090939 -0.111117 0.008936 
6.765199 -1.045952 2.774040 3.741948 -0.090858 -0.110826 0.008738 
6.765204 -1.046228 2.773843 3.742564 -0.090981 -0.110184 0.008916 
6.765059 -1.046639 2.773864 3.742530 -0.090833 -0.109894 0.009725 
6.764574 -1.046934 2.773756 3.742584 -0.091039 -0.109136 0.009711 
6.763821 -1.046924 2.773859 3.742731 -0.090512 -0.109001 0.009470 
6.764431 -1.046897 2.773325 3.742592 -0.091092 -0.109289 0.009780 
6.764555 -1.046647 2.773541 3.742010 -0.091137 -0.108443 0.009642 
6.764399 -1.046320 2.773682 3.742124 -0.091340 -0.108456 0.009823 
6.764161 -1.047151 2.773680 3.741817 -0.091811 -0.108420 0.009460 
6.764241 -1.047012 2.773608 3.742025 -0.091930 -0.108380 0.009074 
6.764217 -1.047474 2.773503 3.742366 -0.091922 -0.107797 0.009796 
6.764600 -1.047470 2.773456 3.742293 -0.092172 -0.107887 0.009914 
6.763961 -1.047805 2.773436 3.742415 -0.092120 -0.106954 0.009939 
6.763884 -1.048144 2.773343 3.742429 -0.092445 -0.106131 0.010143 
6.763493 -1.048453 2.773303 3.742471 -0.092546 -0.105303 0.010222 
6.763381 -1.048790 2.773217 3.742478 -0.092854 -0.104473 0.010411 
6.762983 -1.049096 2.773182 3.742496 -0.092959 -0.103646 0.010481 
6.762945 -1.049433 2.773087 3.742492 -0.093314 -0.102834 0.010694 
6.762648 -1.049754 2.773034 3.742491 -0.093504 -0.101991 0.010806 
6.762797 -1.050076 2.772917 3.742471 -0.093957 -0.101258 0.011072 
6.762503 -1.050397 2.772866 3.742461 -0.094152 -0.100415 0.011184 
6.762614 -1.050720 2.772756 3.742422 -0.094596 -0.099664 0.011433 
6.762185 -1.051017 2.772732 3.742414 -0.094685 -0.098845 0.011481 
6.762074 -1.051348 2.772654 3.742372 -0.095013 -0.098017 0.011658 
6.761358 -1.051517 2.772709 3.742387 -0.094786 -0.097433 0.011524 
6.761210 -1.051846 2.772638 3.742339 -0.095093 -0.096599 0.011686 
6.760504 -1.052021 2.772695 3.742310 -0.094901 -0.095995 0.011551 
6.760537 -1.052348 2.772598 3.742255 -0.095312 -0.095211 0.011773 
6.760278 -1.052666 2.772550 3.742184 -0.095554 -0.094370 0.011883 
6.760973 -1.052800 2.772405 3.742181 -0.096101 -0.094227 0.012217 
6.760831 -1.052733 2.771961 3.742127 -0.096163 -0.094301 0.012277 
6.760784 -1.053353 2.772366 3.742847 -0.096214 -0.093948 0.012495 
6.760599 -1.053769 2.772377 3.742943 -0.096481 -0.093151 0.012667 
6.760239 -1.053921 2.771615 3.742951 -0.096740 -0.092824 0.012885 
6.760705 -1.053788 2.771557 3.742375 -0.097178 -0.092391 0.012958 
6.760413 -1.054224 2.771469 3.742846 -0.096507 -0.092813 0.012713 
6.760682 -1.054125 2.771271 3.743151 -0.095906 -0.092237 0.012929 
6.760548 -1.054463 2.771412 3.742749 -0.095625 -0.092361 0.013667 
6.760824 -1.054604 2.771364 3.742998 -0.095799 -0.092496 0.013840 
6.760925 -1.055448 2.771247 3.743237 -0.095740 -0.092104 0.013790 
6.761162 -1.056233 2.770851 3.743431 -0.095549 -0.091879 0.013771 
6.761146 -1.056595 2.770955 3.743949 -0.095537 -0.091213 0.014086 
6.761594 -1.057094 2.771554 3.744087 -0.095267 -0.091069 0.013908 
6.761341 -1.057150 2.771600 3.744363 -0.095089 -0.091312 0.013870 
6.761499 -1.057707 2.771450 3.743981 -0.095916 -0.090722 0.013980 
6.761091 -1.058126 2.771392 3.743478 -0.095761 -0.090151 0.014042 
6.761037 -1.058257 2.771145 3.743611 -0.096048 -0.089551 0.013400 
6.761091 -1.058808 2.770856 3.743530 -0.096478 -0.088950 0.013510 
6.760587 -1.059507 2.770752 3.743747 -0.096787 -0.088732 0.013406 
6.760508 -1.059322 2.771216 3.743539 -0.097351 -0.088162 0.013510 
6.760763 -1.059656 2.771030 3.742844 -0.097705 -0.088211 0.013148 
6.760736 -1.059548 2.771520 3.743612 -0.097191 -0.088103 0.013419 
6.760902 -1.059651 2.771352 3.743929 -0.096882 -0.087301 0.013638 
6.761396 -1.059707 2.771222 3.744626 -0.097218 -0.087039 0.013788 
6.761452 -1.059871 2.771243 3.744511 -0.097235 -0.087133 0.014219 
6.761319 -1.059990 2.771370 3.744756 -0.096759 -0.086380 0.014448 
6.761709 -1.060336 2.771028 3.744380 -0.096659 -0.085748 0.014333 
6.762252 -1.059674 2.771118 3.744212 -0.096294 -0.085613 0.014514 
6.761859 -1.060531 2.770983 3.744506 -0.096335 -0.085964 0.014241 
6.761252 -1.060356 2.770230 3.744516 -0.096665 -0.085512 0.014515 
6.761503 -1.060375 2.770178 3.744861 -0.096881 -0.085455 0.014573 
6.761277 -1.060953 2.770303 3.745025 -0.097272 -0.084843 0.014548 
6.761284 -1.061155 2.770300 3.745178 -0.097561 -0.083960 0.014708 
6.761316 -1.061796 2.770213 3.745531 -0.097558 -0.083320 0.014715 
6.760877 -1.062251 2.770049 3.745455 -0.097581 -0.082599 0.014758 
6.760900 -1.062889 2.769925 3.745395 -0.097928 -0.082150 0.015211 
6.760857 -1.063455 2.769751 3.745469 -0.098315 -0.081482 0.015226 
6.760894 -1.063695 2.769722 3.745603 -0.098336 -0.080657 0.015666 
6.760616 -1.064146 2.769819 3.745937 -0.098522 -0.080061 0.016069 
6.760644 -1.064546 2.769253 3.746048 -0.098457 -0.079477 0.016408 
6.760777 -1.065112 2.769289 3.745886 -0.098369 -0.078747 0.016627 
6.760679 -1.065270 2.769099 3.745657 -0.098694 -0.077985 0.017007 
6.761028 -1.065584 2.768980 3.745817 -0.099007 -0.077302 0.017365 
6.761009 -1.065774 2.768824 3.745966 -0.099072 -0.076372 0.017409 
6.761079 -1.066057 2.768728 3.745943 -0.099076 -0.075697 0.018044 
6.761018 -1.066741 2.768455 3.745855 -0.099599 -0.075359 0.017936 
6.761287 -1.067202 2.768030 3.745520 -0.099978 -0.074903 0.017777 
6.761136 -1.067654 2.768465 3.745521 -0.100586 -0.074495 0.017739 
6.760873 -1.067716 2.767787 3.745956 -0.101025 -0.074421 0.017920 
6.761488 -1.067777 2.768520 3.745825 -0.100578 -0.074551 0.017724 
6.760885 -1.068387 2.768368 3.745484 -0.100040 -0.074387 0.017561 
6.760993 -1.068856 2.768350 3.745072 -0.100173 -0.074932 0.018048 
6.760831 -1.068419 2.768345 3.745473 -0.100179 -0.074661 0.017188 
6.761034 -1.068506 2.768323 3.745325 -0.099608 -0.073549 0.017531 
6.760647 -1.068537 2.768738 3.745676 -0.099071 -0.073138 0.017754 
6.760876 -1.068574 2.767981 3.745564 -0.099724 -0.073481 0.017661 
6.761151 -1.068753 2.767432 3.745294 -0.099754 -0.072822 0.017471 
6.761320 -1.069275 2.767252 3.744899 -0.099686 -0.072874 0.018146 
6.761055 -1.069054 2.767094 3.744636 -0.099539 -0.072929 0.018169 
6.761855 -1.069121 2.766868 3.745188 -0.099088 -0.073110 0.018167 
6.761466 -1.068948 2.767302 3.744910 -0.099826 -0.072731 0.018407 
6.761490 -1.069386 2.767127 3.744769 -0.100522 -0.072255 0.018388 
6.761929 -1.069805 2.766619 3.744817 -0.100922 -0.071848 0.018381 
6.761886 -1.070319 2.766673 3.744688 -0.101323 -0.072157 0.019023 
6.761679 -1.069863 2.766540 3.745108 -0.100804 -0.071652 0.018552 
6.761651 -1.070042 2.766860 3.745048 -0.100558 -0.070794 0.018413 
6.761373 -1.069950 2.766897 3.745494 -0.100824 -0.070164 0.017967 
6.760941 -1.069779 2.766365 3.744990 -0.100674 -0.069742 0.017980 
6.761087 -1.069444 2.766418 3.745003 -0.100800 -0.069608 0.018242 
6.761156 -1.069951 2.766145 3.745311 -0.099991 -0.069253 0.017834 
6.761120 -1.070055 2.766159 3.744985 -0.100920 -0.069628 0.018100 
6.760697 -1.070641 2.766450 3.744862 -0.101215 -0.069244 0.018410 
6.760972 -1.070900 2.766631 3.744311 -0.101601 -0.068897 0.017957 
6.760815 -1.070796 2.766564 3.744592 -0.101825 -0.068760 0.017731 
6.760793 -1.071547 2.766244 3.744031 -0.102003 -0.068991 0.018278 
6.760864 -1.070841 2.766367 3.744188 -0.101384 -0.068594 0.017951 
6.761209 -1.071278 2.766456 3.744525 -0.100964 -0.068007 0.017982 
6.761458 -1.070886 2.766543 3.744448 -0.101173 -0.067411 0.018553 
6.761110 -1.070960 2.766847 3.744390 -0.101127 -0.067311 0.018614 
6.761212 -1.070959 2.766717 3.744176 -0.100436 -0.066730 0.018356 
6.761176 -1.071195 2.766838 3.744122 -0.101389 -0.067174 0.018473 
6.760928 -1.071791 2.766338 3.744208 -0.101580 -0.067092 0.018960 
6.760645 -1.071697 2.766161 3.744753 -0.102029 -0.066685 0.018547 
6.760884 -1.071945 2.766392 3.744999 -0.101986 -0.066626 0.018566 
6.760972 -1.072462 2.766485 3.744931 -0.102779 -0.066682 0.018748 
6.760944 -1.072342 2.766100 3.744826 -0.101545 -0.065962 0.018359 
6.760333 -1.072555 2.766328 3.745080 -0.101083 -0.065607 0.018638 
6.759591 -1.072878 2.766818 3.745032 -0.100881 -0.065651 0.018519 
6.760395 -1.072348 2.766612 3.744913 -0.101176 -0.065337 0.018666 
6.760082 -1.072505 2.766185 3.745381 -0.100988 -0.065303 0.019461 
6.760470 -1.072555 2.766414 3.744845 -0.100779 -0.065790 0.018814 
6.760291 -1.071993 2.766380 3.745565 -0.100529 -0.065562 0.018340 
6.760572 -1.072767 2.766585 3.745343 -0.101083 -0.065611 0.018675 
6.760698 -1.073249 2.766298 3.745182 -0.100774 -0.064939 0.018454 
6.760689 -1.073664 2.766184 3.745107 -0.101643 -0.064852 0.018459 
6.760663 -1.073972 2.766041 3.745232 -0.102521 -0.064678 0.018310 
6.761053 -1.073813 2.765815 3.745215 -0.102570 -0.064688 0.018395 
6.760803 -1.074465 2.766173 3.744582 -0.102625 -0.064956 0.018715 
6.760793 -1.073981 2.766118 3.745086 -0.102513 -0.064827 0.017895 
6.760677 -1.074284 2.765727 3.745457 -0.102256 -0.063882 0.018265 
6.761046 -1.074646 2.766063 3.746137 -0.102127 -0.063594 0.018373 
6.760832 -1.075025 2.765340 3.746564 -0.101887 -0.063630 0.018343 
6.760723 -1.074669 2.765329 3.746824 -0.101929 -0.063562 0.018182 
6.760675 -1.074689 2.765248 3.746739 -0.101879 -0.062605 0.018323 
6.760949 -1.074880 2.765241 3.746585 -0.101696 -0.062233 0.017518 
6.760893 -1.075029 2.765217 3.746633 -0.102147 -0.062202 0.017438 
6.760330 -1.075418 2.765474 3.746755 -0.102606 -0.061769 0.017359 
6.760596 -1.075522 2.765224 3.746869 -0.103354 -0.061290 0.017449 
6.760394 -1.075043 2.765309 3.747475 -0.103660 -0.061412 0.017002 
6.760476 -1.075701 2.764849 3.747060 -0.103238 -0.061318 0.017430 
6.760023 -1.075431 2.764436 3.746403 -0.103465 -0.061307 0.017283 
6.760624 -1.075816 2.764851 3.746972 -0.103145 -0.061182 0.017020 
6.760691 -1.076606 2.764937 3.746806 -0.103511 -0.061556 0.016893 
6.760515 -1.075776 2.764844 3.747010 -0.102764 -0.060304 0.017170 
6.761137 -1.075403 2.764423 3.746945 -0.102410 -0.059988 0.017314 
6.760544 -1.075561 2.764830 3.747195 -0.102827 -0.060349 0.016782 
6.759965 -1.075681 2.765007 3.747386 -0.102733 -0.059662 0.017417 
6.759930 -1.076391 2.765141 3.747253 -0.102675 -0.059127 0.017066 
6.759598 -1.076486 2.765415 3.747101 -0.101841 -0.059198 0.016876 
6.759685 -1.076412 2.764740 3.747142 -0.102680 -0.059142 0.017000 
6.759588 -1.076105 2.764943 3.746452 -0.103128 -0.058791 0.016905 
6.759317 -1.076256 2.765124 3.746486 -0.103335 -0.059044 0.016873 
6.759790 -1.076446 2.764650 3.746568 -0.103815 -0.058330 0.017013 
6.759749 -1.076902 2.764478 3.746360 -0.104193 -0.057604 0.016964 
6.759485 -1.076929 2.764307 3.746433 -0.104647 -0.056857 0.017254 
6.759491 -1.076864 2.764206 3.746681 -0.105005 -0.056427 0.016502 
6.759309 -1.076889 2.763896 3.746304 -0.104660 -0.056986 0.017201 
6.759800 -1.077417 2.764346 3.746101 -0.105066 -0.056386 0.017582 
6.759725 -1.076912 2.764337 3.746429 -0.105547 -0.056126 0.018118 
6.760074 -1.077318 2.764143 3.746172 -0.104802 -0.056196 0.017626 
6.760026 -1.077912 2.763905 3.746763 -0.104448 -0.055977 0.017761 
6.759891 -1.077986 2.763905 3.746577 -0.103791 -0.055296 0.017776 
6.760641 -1.078279 2.763643 3.746786 -0.103369 -0.055188 0.017730 
6.759886 -1.078012 2.763956 3.746458 -0.103613 -0.055512 0.018153 
6.759821 -1.077582 2.763688 3.747092 -0.104007 -0.054781 0.018179 
6.759877 -1.078153 2.763585 3.746336 -0.103974 -0.055209 0.017867 
6.759490 -1.077923 2.762882 3.746420 -0.103650 -0.055462 0.017582 
6.759544 -1.078881 2.763573 3.746321 -0.104295 -0.054756 0.017799 
6.759496 -1.079145 2.763528 3.745814 -0.104732 -0.054121 0.017632 
6.759578 -1.079563 2.763377 3.745914 -0.105580 -0.054243 0.017557 
6.759849 -1.079273 2.763388 3.745954 -0.104598 -0.053994 0.017478 
6.759835 -1.079685 2.763329 3.745669 -0.104061 -0.053555 0.017944 
6.759334 -1.079658 2.762804 3.745656 -0.103730 -0.053313 0.017435 
6.759870 -1.079887 2.763437 3.745412 -0.103953 -0.053812 0.017743 
6.759796 -1.079701 2.764056 3.745900 -0.103890 -0.053044 0.017663 
6.760290 -1.079091 2.763235 3.745142 -0.103938 -0.053253 0.017984 
6.759903 -1.080033 2.763197 3.745761 -0.104282 -0.053392 0.018050 
6.759990 -1.080377 2.763056 3.745969 -0.104380 -0.053297 0.018226 
6.759733 -1.080536 2.763081 3.745835 -0.104665 -0.053179 0.018410 
6.759991 -1.080611 2.762936 3.745667 -0.104862 -0.052899 0.018409 
6.760035 -1.080644 2.762887 3.745840 -0.105257 -0.052949 0.018198 
6.759910 -1.080598 2.762716 3.745631 -0.104837 -0.052940 0.018375 
6.759837 -1.080763 2.762967 3.745711 -0.104702 -0.052553 0.018203 
6.759891 -1.081128 2.763020 3.745454 -0.104610 -0.052655 0.018084 
6.759882 -1.080899 2.762904 3.745860 -0.104672 -0.052553 0.018314 
6.759845 -1.080945 2.762861 3.745770 -0.104523 -0.052138 0.018489 
6.760140 -1.080860 2.762784 3.745838 -0.104225 -0.051987 0.018341 
6.759949 -1.080981 2.762796 3.745758 -0.104703 -0.052053 0.018430 
6.759777 -1.081160 2.762769 3.745806 -0.104923 -0.051699 0.018429 
6.759915 -1.081233 2.763068 3.745789 -0.105118 -0.051489 0.018635 
6.759859 -1.081324 2.762835 3.745645 -0.105342 -0.051247 0.018842 
6.759899 -1.081614 2.762724 3.745967 -0.105491 -0.051251 0.018963 
6.759832 -1.081133 2.762813 3.745771 -0.105397 -0.051216 0.018888 
6.759726 -1.081439 2.762877 3.745494 -0.105647 -0.050999 0.018675 
6.759915 -1.081476 2.762786 3.745524 -0.105454 -0.050611 0.018611 
6.759770 -1.081582 2.762806 3.745515 -0.105220 -0.050246 0.018744 
6.760000 -1.081647 2.762694 3.745424 -0.105120 -0.049859 0.018787 
6.759939 -1.081593 2.762748 3.745737 -0.105192 -0.049560 0.018596 
6.759780 -1.081623 2.762362 3.745718 -0.105042 -0.049537 0.018398 
6.759823 -1.081814 2.762319 3.745838 -0.105053 -0.049581 0.018451 
6.759936 -1.082024 2.762516 3.745870 -0.104742 -0.049568 0.018239 
6.759890 -1.081691 2.762282 3.745957 -0.104925 -0.049625 0.018531 
6.759682 -1.082101 2.762258 3.745806 -0.105277 -0.049332 0.018588 
6.759827 -1.082314 2.762121 3.745781 -0.105640 -0.049207 0.018511 
6.759521 -1.082546 2.762152 3.745872 -0.105921 -0.049254 0.018503 
6.759827 -1.082308 2.762039 3.745652 -0.105676 -0.049341 0.018640 
6.759943 -1.082651 2.762183 3.745602 -0.105507 -0.048967 0.018493 
6.760059 -1.082732 2.762043 3.745743 -0.105515 -0.048604 0.018709 
6.759922 -1.082603 2.761912 3.745503 -0.105568 -0.048272 0.018586 
6.760027 -1.082506 2.762268 3.745402 -0.105759 -0.048128 0.018741 
6.760177 -1.082529 2.762203 3.745399 -0.105905 -0.048146 0.018637 
6.760346 -1.082701 2.762119 3.745399 -0.105850 -0.047735 0.018599 
6.760520 -1.082889 2.761935 3.745243 -0.105842 -0.047423 0.018730 
6.760757 -1.082897 2.761781 3.745242 -0.105764 -0.047033 0.018756 
6.760611 -1.083233 2.761743 3.745284 -0.105970 -0.046791 0.018758 
6.760558 -1.083624 2.761781 3.745151 -0.106035 -0.046574 0.018647 
6.760541 -1.083888 2.761622 3.745100 -0.106368 -0.046402 0.018652 
6.760354 -1.084070 2.761755 3.745057 -0.106415 -0.046121 0.018915 
6.760546 -1.084401 2.761810 3.745308 -0.106388 -0.046180 0.019062 
6.760470 -1.084459 2.761637 3.745269 -0.106275 -0.046230 0.019123 
6.760232 -1.084679 2.761573 3.745446 -0.106290 -0.045953 0.018980 
6.760212 -1.084974 2.761501 3.745351 -0.106296 -0.045583 0.018967 
6.760133 -1.085307 2.761453 3.745252 -0.106332 -0.045255 0.018948 
6.759868 -1.085657 2.761464 3.745251 -0.106427 -0.045078 0.018874 
6.759901 -1.085788 2.761293 3.745291 -0.106464 -0.044655 0.018965 
6.759925 -1.085943 2.761209 3.745307 -0.106362 -0.044215 0.019016 
6.759848 -1.086071 2.761046 3.745447 -0.106424 -0.043815 0.019096 
6.759936 -1.086289 2.760897 3.745313 -0.106528 -0.043464 0.019189 
6.759932 -1.086520 2.760792 3.745277 -0.106532 -0.043052 0.019241 
6.759843 -1.086670 2.760579 3.745370 -0.106781 -0.042766 0.019344 
6.759747 -1.087001 2.760472 3.745280 -0.106962 -0.042507 0.019328 
6.759602 -1.087192 2.760350 3.745416 -0.107009 -0.042127 0.019350 
6.759626 -1.087354 2.760192 3.745420 -0.107070 -0.041716 0.019470 
6.759609 -1.087570 2.760090 3.745415 -0.107052 -0.041294 0.019515 
6.759569 -1.087793 2.759942 3.745418 -0.107151 -0.040907 0.019593 
6.759524 -1.088031 2.759830 3.745415 -0.107178 -0.040501 0.019633 
6.759468 -1.088234 2.759643 3.745429 -0.107396 -0.040186 0.019744 
6.759268 -1.088419 2.759524 3.745610 -0.107475 -0.039853 0.019744 
6.759146 -1.088787 2.759472 3.745484 -0.107619 -0.039651 0.019659 
6.759011 -1.088984 2.759156 3.745426 -0.107496 -0.039497 0.019856 
6.759200 -1.089056 2.758827 3.745510 -0.107521 -0.039369 0.019600 
6.759306 -1.089358 2.758761 3.745650 -0.107590 -0.039078 0.019749 
6.759283 -1.089505 2.758628 3.745636 -0.107696 -0.038651 0.019821 
6.759264 -1.089641 2.758502 3.745611 -0.107791 -0.038216 0.019889 
6.759247 -1.089787 2.758375 3.745595 -0.107890 -0.037786 0.019961 
6.759243 -1.089960 2.758249 3.745602 -0.107993 -0.037367 0.020046 
6.759282 -1.090196 2.758139 3.745669 -0.108090 -0.036991 0.020161 
6.759259 -1.090344 2.758006 3.745656 -0.108196 -0.036565 0.020234 
6.759276 -1.090557 2.757884 3.745701 -0.108302 -0.036172 0.020337 
6.759218 -1.090650 2.757742 3.745645 -0.108410 -0.035738 0.020383 
6.759249 -1.090845 2.757533 3.745699 -0.108534 -0.035367 0.020405 
6.759254 -1.091069 2.757473 3.745742 -0.108629 -0.034981 0.020564 
6.759320 -1.091316 2.757282 3.745847 -0.108746 -0.034651 0.020614 
6.759293 -1.091470 2.757127 3.745845 -0.108868 -0.034237 0.020678 
6.759366 -1.091652 2.756823 3.745941 -0.109000 -0.033966 0.020595 
6.759405 -1.091859 2.756785 3.745965 -0.108851 -0.033556 0.020553 
6.759636 -1.092042 2.756689 3.745767 -0.108862 -0.033247 0.020642 
6.759775 -1.091928 2.756553 3.745942 -0.108772 -0.032905 0.020820 
6.759868 -1.091875 2.756689 3.745988 -0.108888 -0.032846 0.020718 
6.759806 -1.092213 2.756708 3.745936 -0.108989 -0.032528 0.020636 
6.759817 -1.092520 2.756572 3.745899 -0.109213 -0.032276 0.020537 
6.759749 -1.092819 2.756509 3.745940 -0.109364 -0.031946 0.020454 
6.759743 -1.093163 2.756340 3.745720 -0.109346 -0.031751 0.020522 
6.759855 -1.093335 2.756475 3.745554 -0.109627 -0.031503 0.020621 
6.759767 -1.093255 2.756389 3.745293 -0.109645 -0.031270 0.020314 
6.759977 -1.093591 2.756403 3.745302 -0.109599 -0.031178 0.020048 
6.759690 -1.093887 2.756420 3.745203 -0.109785 -0.031274 0.019926 
6.760056 -1.093567 2.756233 3.745316 -0.109737 -0.031242 0.020026 
6.760006 -1.093702 2.756346 3.745350 -0.109438 -0.030742 0.020105 
6.760157 -1.093822 2.756352 3.745151 -0.109199 -0.030427 0.020181 
6.760195 -1.093777 2.756526 3.745378 -0.109234 -0.030066 0.020035 
6.760069 -1.093789 2.756324 3.745553 -0.108880 -0.030039 0.019877 
6.760309 -1.093933 2.756569 3.745495 -0.109210 -0.030135 0.020073 
6.760213 -1.093952 2.756603 3.745606 -0.109282 -0.029984 0.020507 
6.760050 -1.094086 2.756709 3.745557 -0.109276 -0.029986 0.020470 
6.760067 -1.094356 2.756486 3.745509 -0.109565 -0.029818 0.020422 
6.760158 -1.094650 2.756525 3.745384 -0.109865 -0.029629 0.020443 
6.760049 -1.094975 2.756273 3.745481 -0.109895 -0.029415 0.020416 
6.759889 -1.095072 2.756204 3.745718 -0.110260 -0.029487 0.020350 
6.760112 -1.095098 2.756238 3.745477 -0.109866 -0.029594 0.020495 
6.759891 -1.094959 2.756049 3.745111 -0.109920 -0.029272 0.020486 
6.760014 -1.095064 2.755984 3.744967 -0.109854 -0.029228 0.020061 
6.760176 -1.094977 2.755843 3.745007 -0.109907 -0.029199 0.020089 
6.760267 -1.095123 2.755869 3.744964 -0.109768 -0.028775 0.020172 
6.760151 -1.095093 2.755674 3.745058 -0.109422 -0.028535 0.020155 
6.760349 -1.095000 2.755962 3.744860 -0.109642 -0.028813 0.020201 
6.760294 -1.095314 2.755903 3.744906 -0.110014 -0.028406 0.020178 
6.760437 -1.095732 2.755798 3.744817 -0.110009 -0.028379 0.020332 
6.760625 -1.095898 2.756007 3.745150 -0.110021 -0.028255 0.020263 
6.760762 -1.095798 2.755882 3.745209 -0.110080 -0.028234 0.020351 
6.760565 -1.095812 2.756021 3.745316 -0.110131 -0.028173 0.020754 
6.760450 -1.095870 2.755902 3.745433 -0.110227 -0.028228 0.020702 
6.760683 -1.095993 2.756108 3.745180 -0.110314 -0.027815 0.020816 
6.760866 -1.096206 2.756258 3.745035 -0.110537 -0.027576 0.020915 
6.760854 -1.096316 2.756149 3.745043 -0.110343 -0.027157 0.020954 
6.760807 -1.096299 2.756121 3.745061 -0.110246 -0.026683 0.020935 
6.760920 -1.096490 2.756093 3.745021 -0.109921 -0.026503 0.021155 
6.760859 -1.096366 2.756195 3.745273 -0.110244 -0.026681 0.020893 
6.760691 -1.096639 2.755887 3.745347 -0.110396 -0.026580 0.020858 
6.760764 -1.096825 2.755854 3.745296 -0.110640 -0.026238 0.020722 
6.760552 -1.096898 2.755841 3.745399 -0.110866 -0.025903 0.020841 
6.760602 -1.097214 2.755710 3.745393 -0.110817 -0.025571 0.020921 
6.760677 -1.097515 2.755610 3.745372 -0.110808 -0.025211 0.020967 
6.760733 -1.097800 2.755523 3.745358 -0.110836 -0.024832 0.021012 
6.760758 -1.098077 2.755436 3.745358 -0.110879 -0.024448 0.021072 
6.760747 -1.098346 2.755342 3.745376 -0.110929 -0.024064 0.021155 
6.760916 -1.098617 2.755297 3.745302 -0.110951 -0.023708 0.021114 
6.760927 -1.098874 2.755223 3.745304 -0.111043 -0.023312 0.021156 
6.760941 -1.099172 2.755100 3.745324 -0.110942 -0.022993 0.021304 
6.761110 -1.099249 2.754831 3.745407 -0.111075 -0.022673 0.021371 
6.761104 -1.099508 2.754694 3.745416 -0.111151 -0.022294 0.021319 
6.761107 -1.099747 2.754621 3.745425 -0.111273 -0.021895 0.021361 
6.761088 -1.100014 2.754513 3.745428 -0.111354 -0.021511 0.021322 
6.761086 -1.100246 2.754473 3.745435 -0.111489 -0.021112 0.021394 
6.761051 -1.100523 2.754382 3.745430 -0.111563 -0.020732 0.021347 
6.761018 -1.100776 2.754240 3.745474 -0.111619 -0.020353 0.021416 
6.760994 -1.100990 2.754322 3.745454 -0.111787 -0.019976 0.021537 
6.761034 -1.101305 2.754189 3.745451 -0.111926 -0.019661 0.021570 
6.760915 -1.101435 2.753987 3.745566 -0.111827 -0.019290 0.021648 
6.760996 -1.101597 2.754032 3.745832 -0.111817 -0.018932 0.021584 
6.760991 -1.101690 2.753932 3.745751 -0.111820 -0.018470 0.021590 
6.761008 -1.101984 2.753673 3.745816 -0.111853 -0.018188 0.021591 
6.761047 -1.102293 2.753603 3.745820 -0.112014 -0.017859 0.021639 
6.761080 -1.102590 2.753518 3.745804 -0.112166 -0.017519 0.021688 
6.761085 -1.102844 2.753321 3.745753 -0.112241 -0.017164 0.021721 
6.761116 -1.103105 2.753322 3.745678 -0.112432 -0.016815 0.021790 
6.761036 -1.103341 2.753154 3.745784 -0.112628 -0.016501 0.021776 
6.761061 -1.103734 2.753114 3.745775 -0.112529 -0.016243 0.021850 
6.761300 -1.103854 2.752952 3.745861 -0.112582 -0.016014 0.022130 
6.761567 -1.104105 2.752836 3.745797 -0.112651 -0.015798 0.021943 
6.761530 -1.104390 2.752639 3.745604 -0.112834 -0.015961 0.022085 
6.761515 -1.104017 2.752712 3.745656 -0.112571 -0.015714 0.021943 
6.761518 -1.104059 2.752739 3.745679 -0.112474 -0.015239 0.021956 
6.761517 -1.104133 2.752463 3.745938 -0.112219 -0.015110 0.021867 
6.761583 -1.104139 2.752821 3.745607 -0.112294 -0.015285 0.022008 
6.761738 -1.103841 2.752705 3.745635 -0.112611 -0.014892 0.021937 
