-1.027534 -0.493233 26.640381 -0.196384 0.607259 -1.236363 
-0.027534 -0.493233 26.640381 -0.196384 0.607259 -1.236363 
-1.027534 0.506767 26.640381 -0.196384 0.607259 -1.236363 
-1.027534 -0.493233 27.640381 -0.196384 0.607259 -1.236363 
-1.027534 -0.493233 27.640381 0.803616 0.607259 -1.236363 
-1.027534 -0.493233 27.640381 -0.196384 1.607259 -1.236363 
-1.027534 -0.493233 27.640381 -0.196384 0.607259 -0.236363 
-1.158211 -0.494289 27.640636 -1.180335 0.485796 -1.239388 
-1.092872 -0.493761 27.640509 -0.688360 0.546527 -1.237875 
-1.275358 -0.493233 27.640381 -0.163471 0.607259 -1.236363 
-0.903141 -0.494278 27.640633 0.272733 0.487068 -1.239356 
-1.027534 -0.743224 27.640381 -0.196384 0.609433 -1.236363 
-1.004857 -0.487871 27.640444 -0.142755 1.103828 -1.237113 
-1.007556 -0.490103 27.640594 -0.441453 0.562252 -1.238895 
-1.027529 -0.493229 27.765380 -0.196349 0.607663 -1.236363 
-1.014141 -0.490208 27.764633 -0.191098 0.857229 -1.236975 
-1.027347 -0.493232 27.765381 -0.194980 0.607318 -1.361355 
-0.940781 -0.489742 27.765681 0.036091 0.577913 -1.229358 
-0.992165 -0.489959 27.765720 -0.314823 0.589771 -1.233673 
-1.031710 -0.430874 27.765380 -0.195794 0.607121 -1.236363 
-1.156350 -0.438601 27.765486 -0.190560 0.606391 -1.234925 
-1.030105 -0.430085 27.765198 -0.196447 0.669591 -1.236237 
-1.028780 -0.430271 27.765188 -0.165229 0.669886 -1.235893 
-0.971463 -0.422059 27.765727 -0.209435 0.682132 -1.227475 
-1.034725 -0.430393 27.765198 -0.196593 0.669650 -1.205332 
-1.092285 -0.428890 27.765885 -0.207830 0.689805 -1.212933 
-1.034880 -0.428732 27.796362 -0.196552 0.668042 -1.205335 
-1.044430 -0.383149 27.791784 -0.198592 0.626670 -1.205993 
-1.036918 -0.445729 27.796377 -0.209884 0.650669 -1.219616 
-1.040683 -0.441265 27.796813 -0.158792 0.663530 -1.157700 
-1.019376 -0.413427 27.796787 -0.202833 0.689160 -1.201287 
-1.063060 -0.425143 27.796693 -0.196675 0.680562 -1.208900 
-1.066796 -0.428662 27.796804 -0.187195 0.679265 -1.197664 
-1.070210 -0.416842 27.795691 -0.185453 0.670098 -1.195553 
-1.069068 -0.415799 27.795689 -0.179269 0.671183 -1.199939 
-1.076620 -0.423232 27.795738 -0.170075 0.664312 -1.200241 
-1.076643 -0.422801 27.803529 -0.170071 0.663931 -1.200238 
-1.077729 -0.418526 27.803723 -0.160012 0.671601 -1.192198 
-1.070437 -0.424250 27.803467 -0.168479 0.660687 -1.197524 
-1.075530 -0.423220 27.803306 -0.173480 0.657479 -1.214001 
-1.079551 -0.421865 27.803261 -0.174695 0.659355 -1.197187 
-1.078417 -0.425477 27.803610 -0.168229 0.662688 -1.200174 
-1.075432 -0.427840 27.803984 -0.174941 0.667134 -1.200271 
-1.076077 -0.426602 27.804142 -0.176959 0.670048 -1.201118 
-1.075513 -0.427801 27.804018 -0.174502 0.667906 -1.198534 
-1.071744 -0.428106 27.804040 -0.176006 0.666481 -1.200122 
-1.074881 -0.428317 27.804061 -0.173634 0.668142 -1.201014 
-1.077347 -0.430295 27.804120 -0.176564 0.665453 -1.199983 
-1.075453 -0.427665 27.805923 -0.174875 0.666996 -1.200269 
-1.075916 -0.424339 27.805488 -0.174067 0.665223 -1.200322 
-1.076799 -0.425000 27.804544 -0.174706 0.664167 -1.200749 
-1.076459 -0.423716 27.808736 -0.174002 0.664695 -1.198386 
-1.076841 -0.422817 27.808883 -0.175310 0.665708 -1.198705 
-1.075743 -0.423679 27.808663 -0.174515 0.664355 -1.198150 
-1.074567 -0.423453 27.809233 -0.173295 0.664268 -1.198898 
-1.075863 -0.422895 27.808310 -0.174272 0.664046 -1.197937 
-1.075694 -0.423280 27.807625 -0.173822 0.664837 -1.196407 
-1.076002 -0.422741 27.809121 -0.174258 0.663910 -1.197453 
-1.076790 -0.423447 27.808000 -0.174586 0.662480 -1.197954 
-1.075968 -0.422353 27.808393 -0.174845 0.664577 -1.198116 
-1.075274 -0.422688 27.808571 -0.173662 0.664052 -1.198291 
-1.076062 -0.422987 27.808262 -0.174323 0.663622 -1.198007 
-1.075683 -0.422888 27.808288 -0.174397 0.663966 -1.197869 
-1.075928 -0.423029 27.808110 -0.174102 0.664131 -1.197563 
-1.075747 -0.422871 27.808346 -0.174070 0.664016 -1.197987 
-1.075721 -0.422689 27.808351 -0.173951 0.664116 -1.198030 
-1.075729 -0.422893 27.808245 -0.174072 0.664035 -1.198048 
-1.075698 -0.423069 27.808448 -0.174043 0.664084 -1.198036 
-1.075752 -0.422846 27.808390 -0.174107 0.663973 -1.198082 
-1.075829 -0.422898 27.808366 -0.174033 0.663761 -1.198098 
-1.075655 -0.422896 27.808359 -0.174100 0.663607 -1.198067 
-1.075621 -0.422821 27.808378 -0.174036 0.663399 -1.198139 
-1.075653 -0.422802 27.808377 -0.174108 0.663172 -1.198177 
-1.075632 -0.422823 27.808486 -0.174031 0.663389 -1.198086 
-1.075518 -0.422966 27.808429 -0.173922 0.663375 -1.198248 
-1.075445 -0.422940 27.808363 -0.173741 0.663319 -1.198134 
-1.075412 -0.422948 27.808434 -0.173978 0.663376 -1.198228 
-1.075361 -0.422805 27.808515 -0.173922 0.663419 -1.198385 
-1.075335 -0.423132 27.808471 -0.174038 0.663477 -1.198297 
-1.075409 -0.422957 27.808441 -0.174003 0.663285 -1.198259 
-1.075410 -0.422940 27.808359 -0.174037 0.663266 -1.198298 
-1.075432 -0.422946 27.808457 -0.174042 0.663295 -1.198259 
-1.075368 -0.422967 27.808439 -0.173957 0.663208 -1.198249 
-1.075322 -0.423032 27.808445 -0.173930 0.663166 -1.198282 
-1.075382 -0.423045 27.808438 -0.173867 0.663124 -1.198301 
-1.075372 -0.423017 27.808455 -0.173857 0.663126 -1.198335 
-1.075314 -0.423007 27.808444 -0.173794 0.663078 -1.198324 
-1.075308 -0.423001 27.808483 -0.173820 0.662991 -1.198328 
-1.075291 -0.423015 27.808542 -0.173815 0.662914 -1.198335 
-1.075272 -0.423017 27.808540 -0.173831 0.662823 -1.198368 
-1.075274 -0.422974 27.808571 -0.173832 0.662740 -1.198349 
-1.075224 -0.423001 27.808591 -0.173799 0.662671 -1.198369 
-1.075175 -0.423019 27.808619 -0.173760 0.662600 -1.198378 
-1.075133 -0.423026 27.808652 -0.173723 0.662525 -1.198380 
-1.075111 -0.423008 27.808683 -0.173709 0.662435 -1.198375 
-1.075075 -0.423013 27.808715 -0.173692 0.662366 -1.198426 
-1.075072 -0.423059 27.808721 -0.173668 0.662281 -1.198433 
-1.074994 -0.423069 27.808741 -0.173709 0.662241 -1.198423 
-1.074923 -0.423040 27.808704 -0.173690 0.662192 -1.198433 
-1.074847 -0.423019 27.808708 -0.173676 0.662133 -1.198440 
-1.074764 -0.422992 27.808725 -0.173670 0.662087 -1.198445 
-1.074704 -0.422980 27.808700 -0.173644 0.662018 -1.198456 
-1.074636 -0.422981 27.808691 -0.173636 0.661946 -1.198462 
-1.074563 -0.422965 27.808689 -0.173620 0.661882 -1.198469 
-1.074507 -0.422995 27.808679 -0.173631 0.661806 -1.198469 
-1.074472 -0.422999 27.808670 -0.173619 0.661739 -1.198533 
-1.074462 -0.422963 27.808656 -0.173625 0.661647 -1.198530 
-1.074432 -0.422991 27.808668 -0.173560 0.661584 -1.198529 
-1.074368 -0.423003 27.808640 -0.173530 0.661521 -1.198544 
-1.074304 -0.423016 27.808641 -0.173507 0.661452 -1.198562 
-1.074257 -0.423045 27.808621 -0.173482 0.661377 -1.198580 
-1.074194 -0.423052 27.808655 -0.173470 0.661311 -1.198599 
-1.074131 -0.423048 27.808667 -0.173438 0.661245 -1.198622 
-1.074103 -0.423101 27.808684 -0.173446 0.661168 -1.198635 
-1.074060 -0.423137 27.808650 -0.173425 0.661097 -1.198650 
-1.074012 -0.423153 27.808674 -0.173405 0.661021 -1.198675 
-1.073960 -0.423168 27.808676 -0.173378 0.660945 -1.198698 
-1.073896 -0.423187 27.808695 -0.173369 0.660878 -1.198673 
-1.073884 -0.423245 27.808700 -0.173372 0.660798 -1.198678 
-1.073812 -0.423297 27.808723 -0.173349 0.660785 -1.198706 
-1.073755 -0.423285 27.808721 -0.173391 0.660722 -1.198734 
-1.073697 -0.423276 27.808728 -0.173409 0.660646 -1.198756 
-1.073629 -0.423292 27.808746 -0.173400 0.660582 -1.198779 
-1.073579 -0.423302 27.808801 -0.173388 0.660525 -1.198809 
-1.073515 -0.423313 27.808782 -0.173350 0.660467 -1.198836 
-1.073423 -0.423321 27.808775 -0.173341 0.660440 -1.198858 
-1.073379 -0.423338 27.808777 -0.173312 0.660376 -1.198805 
-1.073345 -0.423396 27.808760 -0.173310 0.660310 -1.198835 
-1.073313 -0.423366 27.808739 -0.173324 0.660228 -1.198858 
-1.073263 -0.423367 27.808729 -0.173295 0.660152 -1.198887 
-1.073200 -0.423372 27.808720 -0.173290 0.660078 -1.198910 
-1.073147 -0.423378 27.808711 -0.173262 0.660004 -1.198938 
-1.073078 -0.423385 27.808704 -0.173272 0.659935 -1.198956 
-1.073012 -0.423393 27.808696 -0.173270 0.659864 -1.198977 
-1.072949 -0.423400 27.808688 -0.173262 0.659792 -1.199000 
-1.072930 -0.423398 27.808677 -0.173197 0.659728 -1.199035 
-1.072882 -0.423398 27.808611 -0.173194 0.659671 -1.199042 
-1.072843 -0.423399 27.808601 -0.173199 0.659582 -1.199060 
-1.072767 -0.423411 27.808593 -0.173187 0.659524 -1.199083 
-1.072694 -0.423422 27.808586 -0.173177 0.659462 -1.199106 
-1.072631 -0.423430 27.808578 -0.173172 0.659388 -1.199128 
-1.072646 -0.423416 27.808539 -0.173194 0.659301 -1.199128 
-1.072621 -0.423402 27.808511 -0.173214 0.659297 -1.199217 
-1.072609 -0.423355 27.808517 -0.173211 0.659299 -1.199209 
-1.072533 -0.423337 27.808487 -0.173182 0.659254 -1.199196 
-1.072477 -0.423315 27.808487 -0.173131 0.659193 -1.199202 
-1.072400 -0.423295 27.808484 -0.173112 0.659135 -1.199196 
-1.072342 -0.423268 27.808449 -0.173064 0.659087 -1.199192 
-1.072321 -0.423199 27.808501 -0.173061 0.659042 -1.199201 
-1.072256 -0.423203 27.808545 -0.173022 0.659089 -1.199214 
-1.072327 -0.423202 27.808514 -0.173049 0.659041 -1.199155 
-1.072316 -0.423229 27.808511 -0.173067 0.658950 -1.199223 
-1.072282 -0.423213 27.808486 -0.173122 0.658880 -1.199220 
-1.072301 -0.423189 27.808467 -0.173107 0.658792 -1.199250 
-1.072331 -0.423201 27.808519 -0.173171 0.658751 -1.199272 
-1.072274 -0.423166 27.808499 -0.173095 0.658790 -1.199257 
-1.072195 -0.423194 27.808480 -0.173058 0.658756 -1.199269 
-1.072158 -0.423159 27.808439 -0.173067 0.658775 -1.199341 
-1.072141 -0.423138 27.808425 -0.173094 0.658766 -1.199313 
-1.072088 -0.423107 27.808408 -0.173025 0.658734 -1.199302 
-1.072016 -0.423117 27.808431 -0.173022 0.658674 -1.199325 
-1.071921 -0.423136 27.808450 -0.173008 0.658666 -1.199328 
-1.071907 -0.423160 27.808404 -0.173001 0.658584 -1.199348 
-1.071888 -0.423141 27.808401 -0.172993 0.658493 -1.199377 
-1.071865 -0.423128 27.808368 -0.172962 0.658409 -1.199393 
-1.071829 -0.423144 27.808361 -0.172975 0.658324 -1.199426 
-1.071790 -0.423125 27.808371 -0.172964 0.658240 -1.199455 
-1.071746 -0.423118 27.808369 -0.172953 0.658156 -1.199482 
-1.071717 -0.423181 27.808320 -0.172970 0.658108 -1.199496 
-1.071702 -0.423134 27.808290 -0.173033 0.658069 -1.199460 
-1.071706 -0.423163 27.808300 -0.172977 0.658126 -1.199533 
-1.071755 -0.423193 27.808331 -0.172960 0.658031 -1.199544 
-1.071744 -0.423205 27.808363 -0.172991 0.658035 -1.199557 
-1.071687 -0.423201 27.808323 -0.172900 0.657991 -1.199537 
-1.071624 -0.423218 27.808305 -0.172838 0.657951 -1.199528 
-1.071666 -0.423220 27.808242 -0.172783 0.657917 -1.199522 
-1.071635 -0.423231 27.808326 -0.172807 0.657975 -1.199543 
-1.071608 -0.423134 27.808336 -0.172817 0.657920 -1.199512 
-1.071622 -0.423150 27.808357 -0.172816 0.657908 -1.199475 
-1.071565 -0.423156 27.808364 -0.172839 0.657829 -1.199484 
-1.071498 -0.423158 27.808364 -0.172862 0.657759 -1.199480 
-1.071474 -0.423154 27.808390 -0.172867 0.657671 -1.199511 
-1.071418 -0.423158 27.808403 -0.172882 0.657595 -1.199484 
-1.071443 -0.423155 27.808458 -0.172864 0.657518 -1.199489 
-1.071460 -0.423152 27.808451 -0.172957 0.657487 -1.199493 
-1.071426 -0.423148 27.808498 -0.172876 0.657538 -1.199495 
-1.071386 -0.423228 27.808506 -0.172844 0.657528 -1.199522 
-1.071321 -0.423195 27.808499 -0.172785 0.657505 -1.199546 
-1.071280 -0.423207 27.808516 -0.172725 0.657497 -1.199481 
-1.071348 -0.423193 27.808507 -0.172752 0.657528 -1.199558 
-1.071251 -0.423195 27.808487 -0.172796 0.657451 -1.199588 
-1.071169 -0.423204 27.808486 -0.172782 0.657402 -1.199563 
-1.071127 -0.423284 27.808492 -0.172802 0.657367 -1.199579 
-1.071057 -0.423292 27.808437 -0.172815 0.657410 -1.199586 
-1.071040 -0.423284 27.808477 -0.172828 0.657430 -1.199592 
-1.071008 -0.423285 27.808430 -0.172831 0.657325 -1.199592 
-1.070955 -0.423285 27.808427 -0.172814 0.657245 -1.199613 
-1.070900 -0.423285 27.808423 -0.172809 0.657162 -1.199621 
-1.070847 -0.423292 27.808410 -0.172791 0.657082 -1.199631 
-1.070793 -0.423293 27.808405 -0.172787 0.656998 -1.199636 
-1.070742 -0.423307 27.808380 -0.172750 0.656926 -1.199648 
-1.070688 -0.423313 27.808367 -0.172737 0.656845 -1.199653 
-1.070649 -0.423323 27.808340 -0.172734 0.656758 -1.199637 
-1.070601 -0.423324 27.808358 -0.172713 0.656677 -1.199652 
-1.070546 -0.423329 27.808359 -0.172691 0.656598 -1.199668 
-1.070492 -0.423334 27.808355 -0.172670 0.656517 -1.199679 
-1.070444 -0.423342 27.808340 -0.172657 0.656432 -1.199678 
-1.070384 -0.423345 27.808345 -0.172627 0.656364 -1.199705 
-1.070326 -0.423351 27.808339 -0.172604 0.656287 -1.199721 
-1.070278 -0.423358 27.808327 -0.172590 0.656202 -1.199722 
-1.070214 -0.423363 27.808324 -0.172558 0.656138 -1.199750 
-1.070157 -0.423370 27.808313 -0.172535 0.656062 -1.199764 
-1.070130 -0.423377 27.808299 -0.172540 0.655970 -1.199740 
-1.070075 -0.423361 27.808327 -0.172560 0.655899 -1.199760 
-1.070040 -0.423421 27.808364 -0.172552 0.655838 -1.199770 
-1.069981 -0.423402 27.808396 -0.172517 0.655827 -1.199710 
-1.069957 -0.423374 27.808416 -0.172476 0.655747 -1.199716 
-1.069888 -0.423366 27.808410 -0.172468 0.655675 -1.199713 
-1.069821 -0.423358 27.808408 -0.172462 0.655602 -1.199709 
-1.069762 -0.423346 27.808414 -0.172454 0.655523 -1.199702 
-1.069676 -0.423361 27.808378 -0.172469 0.655493 -1.199700 
-1.069636 -0.423357 27.808372 -0.172488 0.655411 -1.199665 
-1.069573 -0.423328 27.808412 -0.172521 0.655365 -1.199682 
-1.069547 -0.423405 27.808454 -0.172507 0.655327 -1.199685 
-1.069497 -0.423391 27.808486 -0.172470 0.655341 -1.199617 
-1.069495 -0.423378 27.808480 -0.172430 0.655325 -1.199637 
-1.069438 -0.423387 27.808470 -0.172432 0.655244 -1.199636 
-1.069398 -0.423387 27.808451 -0.172412 0.655161 -1.199663 
-1.069325 -0.423404 27.808414 -0.172412 0.655107 -1.199674 
-1.069300 -0.423404 27.808407 -0.172414 0.655012 -1.199657 
-1.069262 -0.423402 27.808402 -0.172400 0.654921 -1.199660 
-1.069215 -0.423406 27.808390 -0.172398 0.654834 -1.199651 
-1.069192 -0.423395 27.808398 -0.172362 0.654750 -1.199683 
-1.069168 -0.423373 27.808431 -0.172322 0.654679 -1.199648 
-1.069183 -0.423402 27.808376 -0.172265 0.654629 -1.199635 
-1.069172 -0.423316 27.808331 -0.172271 0.654607 -1.199637 
-1.069158 -0.423298 27.808343 -0.172291 0.654515 -1.199658 
-1.069087 -0.423281 27.808345 -0.172275 0.654454 -1.199684 
-1.069039 -0.423253 27.808359 -0.172251 0.654384 -1.199719 
-1.068977 -0.423232 27.808363 -0.172245 0.654310 -1.199731 
-1.068908 -0.423217 27.808360 -0.172248 0.654239 -1.199733 
-1.068845 -0.423197 27.808364 -0.172240 0.654166 -1.199748 
-1.068777 -0.423184 27.808359 -0.172248 0.654094 -1.199743 
-1.068706 -0.423164 27.808361 -0.172236 0.654030 -1.199754 
-1.068643 -0.423145 27.808363 -0.172233 0.653955 -1.199765 
-1.068589 -0.423119 27.808374 -0.172212 0.653886 -1.199799 
-1.068524 -0.423083 27.808366 -0.172205 0.653820 -1.199801 
-1.068474 -0.423077 27.808372 -0.172218 0.653736 -1.199810 
-1.068432 -0.423046 27.808379 -0.172213 0.653655 -1.199835 
-1.068369 -0.423013 27.808361 -0.172225 0.653590 -1.199816 
-1.068315 -0.423040 27.808346 -0.172192 0.653520 -1.199832 
-1.068264 -0.423041 27.808335 -0.172158 0.653446 -1.199855 
-1.068212 -0.423042 27.808324 -0.172124 0.653372 -1.199878 
-1.068148 -0.423040 27.808306 -0.172112 0.653298 -1.199876 
-1.068100 -0.423032 27.808298 -0.172076 0.653225 -1.199905 
-1.068043 -0.423024 27.808285 -0.172051 0.653149 -1.199919 
-1.068025 -0.423031 27.808319 -0.172064 0.653068 -1.199961 
-1.067962 -0.422989 27.808352 -0.172043 0.653034 -1.200000 
-1.067959 -0.422933 27.808334 -0.172030 0.652961 -1.200030 
-1.067960 -0.422923 27.808385 -0.171976 0.652909 -1.199989 
-1.067913 -0.422926 27.808387 -0.171943 0.652838 -1.200029 
-1.067852 -0.422908 27.808396 -0.171953 0.652761 -1.200033 
-1.067792 -0.422891 27.808405 -0.171962 0.652685 -1.200039 
-1.067732 -0.422875 27.808414 -0.171967 0.652607 -1.200048 
-1.067672 -0.422870 27.808416 -0.171956 0.652530 -1.200067 
-1.067613 -0.422855 27.808425 -0.171959 0.652453 -1.200078 
-1.067553 -0.422847 27.808429 -0.171951 0.652375 -1.200096 
-1.067496 -0.422825 27.808443 -0.171966 0.652299 -1.200100 
-1.067449 -0.422824 27.808456 -0.171929 0.652222 -1.200117 
-1.067407 -0.422814 27.808481 -0.171897 0.652142 -1.200124 
-1.067361 -0.422807 27.808500 -0.171866 0.652062 -1.200135 
-1.067337 -0.422769 27.808552 -0.171868 0.651995 -1.200106 
-1.067277 -0.422765 27.808553 -0.171856 0.651918 -1.200127 
-1.067235 -0.422769 27.808564 -0.171811 0.651844 -1.200149 
-1.067194 -0.422752 27.808560 -0.171785 0.651762 -1.200176 
-1.067135 -0.422757 27.808578 -0.171762 0.651688 -1.200189 
-1.067084 -0.422743 27.808579 -0.171748 0.651608 -1.200211 
-1.067039 -0.422728 27.808593 -0.171724 0.651526 -1.200226 
-1.066968 -0.422740 27.808609 -0.171717 0.651459 -1.200236 
-1.066904 -0.422734 27.808624 -0.171719 0.651385 -1.200242 
-1.066840 -0.422732 27.808643 -0.171713 0.651310 -1.200249 
-1.066781 -0.422715 27.808636 -0.171721 0.651234 -1.200267 
-1.066720 -0.422710 27.808635 -0.171713 0.651158 -1.200288 
-1.066666 -0.422683 27.808666 -0.171739 0.651091 -1.200270 
-1.066654 -0.422631 27.808654 -0.171727 0.651011 -1.200288 
-1.066602 -0.422638 27.808687 -0.171694 0.650939 -1.200291 
-1.066535 -0.422648 27.808698 -0.171682 0.650869 -1.200308 
-1.066481 -0.422652 27.808705 -0.171653 0.650794 -1.200331 
-1.066434 -0.422656 27.808704 -0.171614 0.650721 -1.200361 
-1.066361 -0.422671 27.808716 -0.171611 0.650657 -1.200374 
-1.066305 -0.422676 27.808748 -0.171586 0.650585 -1.200377 
-1.066245 -0.422674 27.808760 -0.171574 0.650508 -1.200391 
-1.066174 -0.422675 27.808742 -0.171590 0.650448 -1.200419 
-1.066111 -0.422677 27.808755 -0.171579 0.650373 -1.200433 
-1.066078 -0.422674 27.808732 -0.171537 0.650304 -1.200476 
-1.066027 -0.422650 27.808733 -0.171536 0.650223 -1.200489 
-1.065972 -0.422635 27.808740 -0.171528 0.650142 -1.200502 
-1.065915 -0.422658 27.808755 -0.171489 0.650079 -1.200525 
-1.065856 -0.422657 27.808769 -0.171473 0.650002 -1.200538 
-1.065794 -0.422672 27.808792 -0.171449 0.649934 -1.200550 
-1.065740 -0.422659 27.808795 -0.171436 0.649853 -1.200568 
-1.065676 -0.422670 27.808824 -0.171422 0.649786 -1.200572 
-1.065623 -0.422652 27.808826 -0.171414 0.649704 -1.200588 
-1.065577 -0.422629 27.808818 -0.171404 0.649622 -1.200609 
-1.065519 -0.422621 27.808831 -0.171394 0.649544 -1.200620 
-1.065481 -0.422619 27.808844 -0.171348 0.649467 -1.200640 
-1.065413 -0.422619 27.808867 -0.171353 0.649398 -1.200640 
-1.065351 -0.422604 27.808877 -0.171361 0.649322 -1.200647 
-1.065290 -0.422607 27.808906 -0.171347 0.649250 -1.200649 
-1.065237 -0.422595 27.808917 -0.171332 0.649169 -1.200661 
-1.065219 -0.422637 27.808973 -0.171267 0.649147 -1.200654 
-1.065246 -0.422665 27.808973 -0.171286 0.649122 -1.200654 
-1.065245 -0.422650 27.809029 -0.171311 0.649122 -1.200732 
-1.065226 -0.422678 27.809003 -0.171308 0.649131 -1.200757 
-1.065160 -0.422687 27.809000 -0.171324 0.649059 -1.200767 
-1.065113 -0.422685 27.808983 -0.171315 0.648977 -1.200792 
-1.065055 -0.422689 27.808972 -0.171319 0.648898 -1.200812 
-1.065005 -0.422700 27.808948 -0.171307 0.648824 -1.200847 
-1.064935 -0.422723 27.808940 -0.171323 0.648762 -1.200864 
-1.064891 -0.422709 27.808947 -0.171326 0.648678 -1.200891 
-1.064839 -0.422731 27.808936 -0.171326 0.648622 -1.200951 
-1.064771 -0.422753 27.808972 -0.171380 0.648598 -1.200944 
-1.064799 -0.422766 27.808957 -0.171413 0.648582 -1.200947 
-1.064719 -0.422686 27.808926 -0.171385 0.648619 -1.200959 
-1.064707 -0.422704 27.808898 -0.171373 0.648610 -1.200927 
-1.064650 -0.422694 27.808913 -0.171294 0.648595 -1.200927 
-1.064591 -0.422680 27.808902 -0.171226 0.648556 -1.200932 
-1.064583 -0.422704 27.808824 -0.171237 0.648518 -1.200890 
-1.064573 -0.422735 27.808809 -0.171234 0.648536 -1.200920 
-1.064533 -0.422700 27.808815 -0.171195 0.648548 -1.200822 
-1.064552 -0.422720 27.808845 -0.171264 0.648505 -1.200886 
-1.064582 -0.422778 27.808878 -0.171225 0.648451 -1.200871 
-1.064557 -0.422758 27.808869 -0.171225 0.648361 -1.200898 
-1.064550 -0.422751 27.808861 -0.171249 0.648266 -1.200912 
-1.064480 -0.422738 27.808860 -0.171191 0.648233 -1.200892 
-1.064446 -0.422705 27.808920 -0.171149 0.648208 -1.200933 
-1.064397 -0.422752 27.808885 -0.171121 0.648196 -1.200990 
-1.064415 -0.422713 27.808841 -0.171048 0.648166 -1.200997 
-1.064378 -0.422718 27.808867 -0.171141 0.648208 -1.201002 
-1.064288 -0.422720 27.808880 -0.171136 0.648176 -1.200977 
-1.064262 -0.422721 27.808891 -0.171174 0.648097 -1.201015 
-1.064216 -0.422722 27.808909 -0.171205 0.648029 -1.201059 
-1.064127 -0.422724 27.808928 -0.171207 0.647988 -1.201059 
-1.064050 -0.422687 27.808927 -0.171235 0.647980 -1.201102 
-1.064005 -0.422715 27.808888 -0.171271 0.647920 -1.201076 
-1.063993 -0.422664 27.808941 -0.171291 0.647870 -1.201037 
-1.063996 -0.422643 27.808919 -0.171257 0.647850 -1.201042 
-1.063963 -0.422640 27.808917 -0.171192 0.647787 -1.201069 
-1.063907 -0.422617 27.808895 -0.171122 0.647764 -1.201047 
-1.063904 -0.422589 27.808869 -0.171088 0.647691 -1.201091 
-1.063871 -0.422591 27.808898 -0.171047 0.647616 -1.201120 
-1.063852 -0.422539 27.808898 -0.171021 0.647537 -1.201128 
-1.063817 -0.422538 27.808863 -0.171003 0.647453 -1.201142 
-1.063770 -0.422520 27.808837 -0.170983 0.647381 -1.201176 
-1.063752 -0.422516 27.808810 -0.170946 0.647295 -1.201188 
-1.063724 -0.422461 27.808810 -0.170920 0.647225 -1.201211 
-1.063664 -0.422462 27.808779 -0.170903 0.647187 -1.201272 
-1.063668 -0.422464 27.808784 -0.170955 0.647110 -1.201310 
-1.063617 -0.422462 27.808786 -0.170980 0.647028 -1.201309 
-1.063611 -0.422427 27.808723 -0.171013 0.646970 -1.201322 
-1.063597 -0.422441 27.808764 -0.171000 0.646893 -1.201366 
-1.063510 -0.422452 27.808747 -0.170967 0.646885 -1.201393 
-1.063440 -0.422415 27.808780 -0.170998 0.646889 -1.201435 
-1.063378 -0.422482 27.808765 -0.171018 0.646868 -1.201460 
-1.063306 -0.422465 27.808769 -0.170969 0.646826 -1.201444 
-1.063246 -0.422449 27.808759 -0.170906 0.646799 -1.201481 
-1.063206 -0.422446 27.808805 -0.170894 0.646721 -1.201472 
-1.063141 -0.422417 27.808789 -0.170897 0.646659 -1.201445 
-1.063064 -0.422415 27.808824 -0.170870 0.646628 -1.201411 
-1.063027 -0.422427 27.808815 -0.170885 0.646548 -1.201452 
-1.062977 -0.422421 27.808782 -0.170878 0.646482 -1.201497 
-1.062930 -0.422444 27.808794 -0.170883 0.646406 -1.201535 
-1.062865 -0.422443 27.808782 -0.170870 0.646339 -1.201563 
-1.062798 -0.422436 27.808761 -0.170855 0.646275 -1.201592 
-1.062748 -0.422462 27.808785 -0.170858 0.646201 -1.201619 
-1.062683 -0.422465 27.808801 -0.170861 0.646127 -1.201616 
-1.062625 -0.422478 27.808797 -0.170848 0.646062 -1.201660 
-1.062557 -0.422479 27.808793 -0.170838 0.645992 -1.201681 
-1.062500 -0.422502 27.808822 -0.170837 0.645921 -1.201699 
-1.062430 -0.422498 27.808815 -0.170827 0.645852 -1.201714 
-1.062381 -0.422512 27.808865 -0.170842 0.645793 -1.201679 
-1.062365 -0.422451 27.808900 -0.170876 0.645757 -1.201728 
-1.062391 -0.422439 27.808907 -0.170845 0.645734 -1.201723 
-1.062395 -0.422458 27.808883 -0.170837 0.645639 -1.201729 
-1.062354 -0.422461 27.808905 -0.170768 0.645587 -1.201745 
-1.062309 -0.422451 27.808918 -0.170699 0.645531 -1.201749 
-1.062280 -0.422496 27.808955 -0.170678 0.645500 -1.201815 
-1.062341 -0.422518 27.809007 -0.170632 0.645482 -1.201790 
-1.062300 -0.422462 27.808954 -0.170674 0.645496 -1.201844 
-1.062292 -0.422528 27.808887 -0.170620 0.645522 -1.201836 
-1.062265 -0.422486 27.808975 -0.170661 0.645539 -1.201816 
-1.062233 -0.422485 27.808953 -0.170682 0.645412 -1.201819 
-1.062196 -0.422490 27.808953 -0.170710 0.645326 -1.201838 
-1.062122 -0.422458 27.808977 -0.170681 0.645281 -1.201839 
-1.062081 -0.422410 27.808961 -0.170674 0.645218 -1.201797 
-1.062042 -0.422425 27.808917 -0.170613 0.645173 -1.201823 
-1.062058 -0.422437 27.808968 -0.170561 0.645109 -1.201808 
-1.061978 -0.422441 27.808973 -0.170540 0.645053 -1.201810 
-1.061946 -0.422387 27.808977 -0.170517 0.644999 -1.201860 
-1.061888 -0.422347 27.808979 -0.170449 0.644984 -1.201851 
-1.061956 -0.422369 27.808953 -0.170528 0.644977 -1.201830 
-1.061953 -0.422396 27.808930 -0.170564 0.644896 -1.201859 
-1.061933 -0.422366 27.808989 -0.170628 0.644865 -1.201845 
-1.061904 -0.422360 27.808963 -0.170651 0.644884 -1.201853 
-1.061982 -0.422329 27.808958 -0.170658 0.644819 -1.201894 
-1.061960 -0.422391 27.808988 -0.170656 0.644883 -1.201837 
-1.061874 -0.422381 27.808979 -0.170600 0.644797 -1.201819 
-1.061827 -0.422417 27.809019 -0.170579 0.644778 -1.201883 
-1.061758 -0.422393 27.809040 -0.170526 0.644741 -1.201876 
-1.061746 -0.422365 27.809014 -0.170516 0.644660 -1.201918 
-1.061696 -0.422373 27.809008 -0.170495 0.644578 -1.201932 
-1.061667 -0.422365 27.809030 -0.170467 0.644491 -1.201949 
-1.061610 -0.422354 27.809030 -0.170455 0.644414 -1.201972 
-1.061541 -0.422356 27.809008 -0.170449 0.644348 -1.201991 
-1.061484 -0.422331 27.809026 -0.170461 0.644277 -1.202013 
-1.061427 -0.422312 27.809037 -0.170463 0.644200 -1.202035 
-1.061363 -0.422332 27.808994 -0.170442 0.644145 -1.202049 
-1.061337 -0.422355 27.808996 -0.170407 0.644058 -1.202051 
-1.061303 -0.422334 27.808973 -0.170367 0.643992 -1.202094 
-1.061229 -0.422321 27.808990 -0.170314 0.643968 -1.202068 
-1.061186 -0.422371 27.809007 -0.170317 0.643927 -1.202129 
-1.061149 -0.422387 27.808983 -0.170335 0.643843 -1.202146 
-1.061111 -0.422401 27.808960 -0.170355 0.643758 -1.202163 
-1.061073 -0.422431 27.808937 -0.170360 0.643679 -1.202192 
-1.061015 -0.422400 27.808929 -0.170367 0.643612 -1.202160 
-1.060939 -0.422408 27.808937 -0.170341 0.643553 -1.202164 
-1.060867 -0.422416 27.808938 -0.170320 0.643487 -1.202167 
-1.060797 -0.422423 27.808937 -0.170301 0.643420 -1.202169 
-1.060762 -0.422408 27.808905 -0.170319 0.643337 -1.202151 
-1.060738 -0.422377 27.808961 -0.170339 0.643270 -1.202170 
-1.060664 -0.422349 27.808932 -0.170379 0.643274 -1.202204 
-1.060622 -0.422401 27.808953 -0.170428 0.643258 -1.202156 
-1.060651 -0.422319 27.808941 -0.170367 0.643286 -1.202172 
-1.060609 -0.422292 27.808914 -0.170325 0.643217 -1.202186 
-1.060580 -0.422250 27.808882 -0.170303 0.643142 -1.202197 
-1.060535 -0.422218 27.808863 -0.170262 0.643075 -1.202219 
-1.060505 -0.422155 27.808838 -0.170246 0.643010 -1.202216 
-1.060451 -0.422120 27.808833 -0.170197 0.642954 -1.202238 
-1.060420 -0.422045 27.808818 -0.170183 0.642902 -1.202224 
-1.060392 -0.422050 27.808735 -0.170144 0.642876 -1.202214 
-1.060428 -0.422036 27.808733 -0.170114 0.642882 -1.202225 
-1.060391 -0.422080 27.808765 -0.170135 0.642798 -1.202170 
-1.060360 -0.422085 27.808770 -0.170167 0.642714 -1.202202 
-1.060310 -0.422087 27.808785 -0.170187 0.642632 -1.202214 
-1.060332 -0.422079 27.808791 -0.170179 0.642544 -1.202254 
-1.060335 -0.422073 27.808764 -0.170256 0.642497 -1.202221 
-1.060322 -0.422093 27.808748 -0.170160 0.642538 -1.202250 
-1.060304 -0.422181 27.808763 -0.170165 0.642528 -1.202290 
-1.060293 -0.422165 27.808747 -0.170183 0.642541 -1.202327 
-1.060234 -0.422165 27.808776 -0.170108 0.642490 -1.202304 
-1.060204 -0.422158 27.808776 -0.170028 0.642451 -1.202336 
-1.060135 -0.422157 27.808764 -0.170056 0.642389 -1.202312 
-1.060041 -0.422162 27.808761 -0.170056 0.642390 -1.202279 
-1.060018 -0.422137 27.808835 -0.170084 0.642340 -1.202294 
-1.060021 -0.422047 27.808821 -0.170077 0.642327 -1.202257 
-1.060007 -0.422031 27.808806 -0.170093 0.642338 -1.202294 
-1.059975 -0.422032 27.808798 -0.170128 0.642252 -1.202309 
-1.059932 -0.422027 27.808808 -0.170138 0.642167 -1.202338 
-1.059895 -0.422024 27.808817 -0.170194 0.642094 -1.202347 
-1.059851 -0.421990 27.808831 -0.170166 0.642095 -1.202424 
-1.059924 -0.421977 27.808833 -0.170158 0.642053 -1.202474 
-1.059852 -0.421945 27.808822 -0.170163 0.642089 -1.202405 
-1.059813 -0.421952 27.808749 -0.170119 0.642057 -1.202415 
-1.059769 -0.421950 27.808779 -0.170049 0.642012 -1.202403 
-1.059695 -0.421929 27.808758 -0.170002 0.641982 -1.202424 
-1.059723 -0.421864 27.808732 -0.169979 0.641934 -1.202385 
-1.059737 -0.421853 27.808729 -0.169947 0.641968 -1.202392 
-1.059688 -0.421911 27.808717 -0.169985 0.641869 -1.202340 
-1.059711 -0.421934 27.808721 -0.169980 0.641794 -1.202397 
-1.059676 -0.421926 27.808766 -0.170008 0.641718 -1.202402 
-1.059649 -0.421927 27.808718 -0.170062 0.641659 -1.202426 
-1.059703 -0.421962 27.808750 -0.170106 0.641613 -1.202397 
-1.059665 -0.421894 27.808705 -0.170046 0.641640 -1.202408 
-1.059609 -0.421895 27.808704 -0.169982 0.641591 -1.202428 
-1.059581 -0.421840 27.808728 -0.169960 0.641565 -1.202495 
-1.059494 -0.421808 27.808733 -0.169949 0.641550 -1.202461 
-1.059443 -0.421801 27.808685 -0.169887 0.641525 -1.202485 
-1.059429 -0.421812 27.808738 -0.169872 0.641445 -1.202473 
-1.059429 -0.421806 27.808800 -0.169801 0.641472 -1.202454 
-1.059406 -0.421846 27.808751 -0.169880 0.641458 -1.202494 
-1.059398 -0.421797 27.808731 -0.169927 0.641370 -1.202485 
-1.059359 -0.421774 27.808752 -0.169958 0.641289 -1.202489 
-1.059312 -0.421757 27.808690 -0.169977 0.641239 -1.202518 
-1.059300 -0.421807 27.808664 -0.169997 0.641194 -1.202453 
-1.059327 -0.421826 27.808662 -0.169979 0.641169 -1.202475 
-1.059306 -0.421786 27.808658 -0.170079 0.641151 -1.202483 
-1.059324 -0.421774 27.808651 -0.169988 0.641183 -1.202432 
-1.059237 -0.421793 27.808674 -0.169931 0.641158 -1.202448 
-1.059189 -0.421797 27.808618 -0.169864 0.641164 -1.202451 
-1.059202 -0.421813 27.808638 -0.169840 0.641187 -1.202428 
-1.059134 -0.421763 27.808637 -0.169865 0.641092 -1.202468 
-1.059048 -0.421771 27.808641 -0.169912 0.641076 -1.202468 
-1.059018 -0.421718 27.808669 -0.169905 0.641104 -1.202536 
-1.059045 -0.421734 27.808633 -0.169918 0.641086 -1.202438 
-1.059022 -0.421763 27.808625 -0.169919 0.640983 -1.202489 
-1.058983 -0.421764 27.808649 -0.169902 0.640896 -1.202488 
-1.058941 -0.421766 27.808635 -0.169894 0.640808 -1.202503 
-1.058893 -0.421776 27.808673 -0.169863 0.640737 -1.202492 
-1.058865 -0.421776 27.808697 -0.169876 0.640645 -1.202500 
-1.058810 -0.421784 27.808672 -0.169843 0.640574 -1.202509 
-1.058760 -0.421790 27.808651 -0.169825 0.640493 -1.202523 
-1.058723 -0.421792 27.808660 -0.169827 0.640401 -1.202534 
-1.058679 -0.421796 27.808604 -0.169811 0.640337 -1.202557 
-1.058694 -0.421779 27.808601 -0.169749 0.640263 -1.202570 
-1.058659 -0.421711 27.808584 -0.169750 0.640232 -1.202517 
-1.058607 -0.421722 27.808573 -0.169729 0.640153 -1.202498 
-1.058569 -0.421710 27.808564 -0.169737 0.640062 -1.202505 
-1.058517 -0.421735 27.808554 -0.169711 0.639987 -1.202489 
-1.058474 -0.421743 27.808546 -0.169705 0.639898 -1.202491 
-1.058487 -0.421733 27.808594 -0.169655 0.639836 -1.202456 
-1.058406 -0.421711 27.808605 -0.169609 0.639818 -1.202477 
-1.058340 -0.421706 27.808578 -0.169567 0.639764 -1.202463 
-1.058296 -0.421680 27.808599 -0.169575 0.639695 -1.202509 
-1.058223 -0.421682 27.808645 -0.169603 0.639653 -1.202502 
-1.058165 -0.421704 27.808678 -0.169593 0.639595 -1.202541 
-1.058102 -0.421658 27.808705 -0.169601 0.639541 -1.202553 
-1.058021 -0.421656 27.808708 -0.169595 0.639485 -1.202533 
-1.057950 -0.421650 27.808723 -0.169582 0.639420 -1.202549 
-1.057867 -0.421636 27.808766 -0.169548 0.639419 -1.202545 
-1.057844 -0.421638 27.808741 -0.169568 0.639440 -1.202568 
-1.057841 -0.421639 27.808761 -0.169595 0.639335 -1.202542 
-1.057817 -0.421615 27.808726 -0.169611 0.639249 -1.202537 
-1.057791 -0.421682 27.808717 -0.169626 0.639182 -1.202541 
-1.057791 -0.421666 27.808751 -0.169664 0.639119 -1.202597 
-1.057750 -0.421659 27.808773 -0.169647 0.639120 -1.202595 
-1.057687 -0.421652 27.808787 -0.169685 0.639093 -1.202535 
-1.057677 -0.421650 27.808804 -0.169610 0.639034 -1.202514 
-1.057610 -0.421650 27.808766 -0.169561 0.639001 -1.202540 
-1.057558 -0.421691 27.808801 -0.169503 0.638972 -1.202548 
-1.057526 -0.421614 27.808807 -0.169450 0.638955 -1.202546 
-1.057561 -0.421684 27.808816 -0.169523 0.638941 -1.202576 
-1.057567 -0.421706 27.808776 -0.169520 0.638852 -1.202579 
-1.057495 -0.421714 27.808763 -0.169572 0.638810 -1.202587 
-1.057480 -0.421735 27.808733 -0.169569 0.638772 -1.202670 
-1.057473 -0.421756 27.808760 -0.169591 0.638682 -1.202687 
-1.057500 -0.421712 27.808706 -0.169651 0.638655 -1.202699 
-1.057488 -0.421795 27.808755 -0.169615 0.638694 -1.202685 
-1.057410 -0.421771 27.808743 -0.169524 0.638653 -1.202674 
-1.057335 -0.421765 27.808783 -0.169482 0.638647 -1.202703 
-1.057363 -0.421768 27.808794 -0.169393 0.638617 -1.202717 
-1.057337 -0.421766 27.808813 -0.169480 0.638648 -1.202663 
-1.057266 -0.421733 27.808736 -0.169469 0.638606 -1.202690 
-1.057208 -0.421807 27.808707 -0.169455 0.638600 -1.202696 
-1.057166 -0.421795 27.808727 -0.169479 0.638528 -1.202740 
-1.057105 -0.421771 27.808737 -0.169492 0.638473 -1.202789 
-1.057023 -0.421770 27.808730 -0.169492 0.638436 -1.202833 
-1.056993 -0.421762 27.808729 -0.169486 0.638346 -1.202804 
-1.056973 -0.421761 27.808707 -0.169511 0.638255 -1.202817 
-1.056921 -0.421767 27.808765 -0.169537 0.638203 -1.202792 
-1.056928 -0.421778 27.808795 -0.169469 0.638147 -1.202826 
-1.056901 -0.421728 27.808796 -0.169418 0.638083 -1.202831 
-1.056863 -0.421755 27.808778 -0.169360 0.638019 -1.202819 
-1.056886 -0.421749 27.808788 -0.169320 0.637934 -1.202797 
-1.056840 -0.421746 27.808791 -0.169280 0.637871 -1.202845 
-1.056796 -0.421736 27.808826 -0.169200 0.637852 -1.202839 
-1.056867 -0.421746 27.808770 -0.169251 0.637884 -1.202864 
-1.056798 -0.421726 27.808738 -0.169309 0.637808 -1.202837 
-1.056777 -0.421790 27.808737 -0.169338 0.637741 -1.202852 
-1.056773 -0.421744 27.808763 -0.169381 0.637679 -1.202891 
-1.056743 -0.421747 27.808759 -0.169388 0.637701 -1.202922 
-1.056675 -0.421770 27.808722 -0.169434 0.637676 -1.202894 
-1.056686 -0.421785 27.808648 -0.169409 0.637641 -1.202943 
-1.056722 -0.421839 27.808628 -0.169471 0.637648 -1.202982 
-1.056676 -0.421817 27.808673 -0.169392 0.637622 -1.202951 
-1.056618 -0.421792 27.808673 -0.169321 0.637591 -1.202955 
-1.056559 -0.421783 27.808675 -0.169251 0.637555 -1.202971 
-1.056541 -0.421856 27.808711 -0.169228 0.637516 -1.203002 
-1.056471 -0.421865 27.808741 -0.169256 0.637508 -1.202945 
-1.056464 -0.421887 27.808727 -0.169237 0.637545 -1.202936 
-1.056504 -0.421873 27.808732 -0.169221 0.637449 -1.202882 
-1.056516 -0.421861 27.808773 -0.169204 0.637464 -1.202876 
-1.056457 -0.421857 27.808727 -0.169221 0.637365 -1.202904 
-1.056434 -0.421863 27.808729 -0.169258 0.637277 -1.202918 
-1.056402 -0.421789 27.808696 -0.169272 0.637231 -1.202905 
-1.056433 -0.421773 27.808666 -0.169241 0.637178 -1.202969 
-1.056359 -0.421788 27.808649 -0.169212 0.637121 -1.202971 
-1.056294 -0.421781 27.808674 -0.169180 0.637058 -1.202975 
-1.056227 -0.421783 27.808678 -0.169152 0.636989 -1.202975 
-1.056185 -0.421764 27.808708 -0.169118 0.636915 -1.202992 
-1.056131 -0.421765 27.808698 -0.169087 0.636838 -1.203004 
-1.056118 -0.421739 27.808719 -0.169052 0.636759 -1.203040 
-1.056052 -0.421699 27.808719 -0.169049 0.636701 -1.203014 
-1.055988 -0.421693 27.808696 -0.169031 0.636631 -1.203010 
-1.055948 -0.421648 27.808693 -0.169016 0.636552 -1.203014 
-1.055902 -0.421618 27.808680 -0.168997 0.636472 -1.203020 
-1.055840 -0.421670 27.808636 -0.168978 0.636438 -1.203014 
-1.055761 -0.421644 27.808646 -0.168990 0.636415 -1.203060 
-1.055696 -0.421602 27.808643 -0.168928 0.636400 -1.203061 
-1.055759 -0.421665 27.808688 -0.168979 0.636404 -1.203058 
-1.055730 -0.421668 27.808688 -0.169046 0.636336 -1.203059 
-1.055740 -0.421685 27.808673 -0.169057 0.636278 -1.203135 
-1.055682 -0.421713 27.808677 -0.169130 0.636265 -1.203154 
-1.055688 -0.421679 27.808703 -0.169144 0.636275 -1.203172 
-1.055707 -0.421708 27.808665 -0.169154 0.636181 -1.203114 
-1.055717 -0.421738 27.808687 -0.169150 0.636278 -1.203153 
-1.055632 -0.421736 27.808727 -0.169074 0.636231 -1.203166 
-1.055563 -0.421730 27.808703 -0.169017 0.636207 -1.203196 
-1.055494 -0.421718 27.808720 -0.168991 0.636221 -1.203133 
-1.055558 -0.421749 27.808706 -0.169010 0.636249 -1.203211 
-1.055546 -0.421744 27.808709 -0.168983 0.636119 -1.203222 
-1.055486 -0.421730 27.808723 -0.168951 0.636067 -1.203175 
-1.055466 -0.421658 27.808770 -0.168948 0.636048 -1.203218 
-1.055411 -0.421638 27.808728 -0.168977 0.635989 -1.203241 
-1.055383 -0.421595 27.808678 -0.168955 0.635926 -1.203256 
-1.055337 -0.421592 27.808684 -0.168993 0.635847 -1.203268 
-1.055257 -0.421605 27.808681 -0.168995 0.635805 -1.203308 
-1.055187 -0.421575 27.808668 -0.169039 0.635759 -1.203305 
-1.055194 -0.421583 27.808648 -0.169076 0.635708 -1.203380 
-1.055186 -0.421607 27.808635 -0.169047 0.635756 -1.203287 
-1.055154 -0.421586 27.808703 -0.169000 0.635685 -1.203281 
-1.055119 -0.421633 27.808774 -0.169036 0.635675 -1.203271 
-1.055087 -0.421645 27.808768 -0.169013 0.635693 -1.203293 
-1.055027 -0.421627 27.808770 -0.168959 0.635638 -1.203283 
-1.055018 -0.421648 27.808790 -0.168876 0.635591 -1.203290 
-1.054968 -0.421580 27.808829 -0.168840 0.635596 -1.203286 
-1.055022 -0.421637 27.808795 -0.168890 0.635570 -1.203332 
-1.054977 -0.421658 27.808749 -0.168903 0.635504 -1.203361 
-1.054941 -0.421699 27.808727 -0.168886 0.635526 -1.203436 
-1.054924 -0.421723 27.808763 -0.168905 0.635522 -1.203431 
-1.054927 -0.421739 27.808761 -0.168925 0.635430 -1.203459 
-1.054906 -0.421730 27.808735 -0.169005 0.635384 -1.203481 
-1.054905 -0.421704 27.808781 -0.168914 0.635424 -1.203473 
-1.054864 -0.421716 27.808787 -0.168862 0.635352 -1.203460 
-1.054876 -0.421720 27.808831 -0.168820 0.635281 -1.203493 
-1.054817 -0.421752 27.808900 -0.168818 0.635261 -1.203473 
-1.054753 -0.421766 27.808897 -0.168760 0.635226 -1.203509 
-1.054734 -0.421733 27.808920 -0.168726 0.635163 -1.203457 
-1.054756 -0.421807 27.808922 -0.168679 0.635140 -1.203421 
-1.054727 -0.421747 27.808901 -0.168757 0.635132 -1.203458 
-1.054696 -0.421744 27.808905 -0.168812 0.635058 -1.203480 
-1.054626 -0.421744 27.808866 -0.168858 0.635033 -1.203450 
-1.054647 -0.421712 27.808801 -0.168859 0.634973 -1.203476 
-1.054691 -0.421696 27.808813 -0.168931 0.634945 -1.203436 
-1.054648 -0.421725 27.808809 -0.168833 0.634945 -1.203448 
-1.054622 -0.421799 27.808798 -0.168824 0.634899 -1.203486 
-1.054564 -0.421761 27.808829 -0.168790 0.634848 -1.203509 
-1.054504 -0.421753 27.808802 -0.168726 0.634811 -1.203505 
-1.054529 -0.421745 27.808831 -0.168654 0.634777 -1.203551 
-1.054522 -0.421736 27.808776 -0.168741 0.634779 -1.203509 
-1.054468 -0.421729 27.808789 -0.168763 0.634703 -1.203484 
-1.054398 -0.421702 27.808767 -0.168792 0.634666 -1.203526 
-1.054359 -0.421622 27.808769 -0.168792 0.634638 -1.203490 
-1.054302 -0.421623 27.808737 -0.168802 0.634567 -1.203469 
-1.054260 -0.421606 27.808748 -0.168850 0.634492 -1.203466 
-1.054201 -0.421577 27.808686 -0.168852 0.634486 -1.203508 
-1.054115 -0.421598 27.808701 -0.168858 0.634516 -1.203477 
-1.054105 -0.421598 27.808726 -0.168823 0.634503 -1.203498 
-1.054058 -0.421583 27.808709 -0.168764 0.634441 -1.203503 
-1.054010 -0.421522 27.808720 -0.168718 0.634403 -1.203519 
-1.053962 -0.421546 27.808706 -0.168677 0.634343 -1.203559 
-1.053942 -0.421552 27.808667 -0.168589 0.634354 -1.203569 
-1.053925 -0.421560 27.808721 -0.168680 0.634359 -1.203539 
-1.053981 -0.421547 27.808746 -0.168686 0.634256 -1.203537 
-1.053958 -0.421521 27.808691 -0.168739 0.634202 -1.203527 
-1.053952 -0.421505 27.808730 -0.168781 0.634153 -1.203590 
-1.053980 -0.421590 27.808709 -0.168811 0.634128 -1.203596 
-1.053930 -0.421515 27.808717 -0.168747 0.634134 -1.203606 
-1.053923 -0.421478 27.808704 -0.168698 0.634057 -1.203600 
-1.053842 -0.421489 27.808734 -0.168693 0.634023 -1.203565 
-1.053776 -0.421457 27.808699 -0.168661 0.633980 -1.203590 
-1.053748 -0.421454 27.808742 -0.168585 0.633945 -1.203610 
-1.053736 -0.421505 27.808705 -0.168585 0.633869 -1.203606 
-1.053718 -0.421521 27.808651 -0.168533 0.633861 -1.203545 
-1.053753 -0.421473 27.808712 -0.168590 0.633842 -1.203585 
-1.053723 -0.421473 27.808713 -0.168626 0.633758 -1.203609 
-1.053733 -0.421510 27.808768 -0.168616 0.633684 -1.203615 
-1.053769 -0.421499 27.808728 -0.168610 0.633625 -1.203675 
-1.053792 -0.421524 27.808715 -0.168641 0.633626 -1.203660 
-1.053706 -0.421457 27.808759 -0.168612 0.633572 -1.203695 
-1.053699 -0.421443 27.808829 -0.168564 0.633524 -1.203712 
-1.053690 -0.421382 27.808814 -0.168539 0.633483 -1.203773 
-1.053653 -0.421389 27.808774 -0.168484 0.633434 -1.203734 
-1.053590 -0.421437 27.808772 -0.168457 0.633423 -1.203789 
-1.053514 -0.421403 27.808784 -0.168411 0.633395 -1.203787 
-1.053507 -0.421426 27.808779 -0.168432 0.633301 -1.203799 
-1.053510 -0.421454 27.808769 -0.168419 0.633209 -1.203820 
-1.053468 -0.421411 27.808785 -0.168457 0.633151 -1.203784 
-1.053433 -0.421418 27.808708 -0.168506 0.633140 -1.203800 
-1.053424 -0.421447 27.808701 -0.168498 0.633141 -1.203762 
-1.053403 -0.421464 27.808758 -0.168565 0.633117 -1.203820 
-1.053473 -0.421418 27.808704 -0.168532 0.633135 -1.203786 
-1.053361 -0.421390 27.808697 -0.168461 0.633095 -1.203804 
-1.053287 -0.421342 27.808702 -0.168462 0.633136 -1.203786 
-1.053277 -0.421367 27.808698 -0.168442 0.633161 -1.203812 
-1.053256 -0.421312 27.808678 -0.168433 0.633055 -1.203777 
-1.053267 -0.421244 27.808622 -0.168439 0.633026 -1.203812 
-1.053280 -0.421190 27.808669 -0.168383 0.632987 -1.203814 
-1.053237 -0.421185 27.808693 -0.168427 0.632921 -1.203849 
-1.053192 -0.421173 27.808696 -0.168457 0.632838 -1.203859 
-1.053158 -0.421141 27.808707 -0.168455 0.632750 -1.203859 
-1.053140 -0.421092 27.808718 -0.168495 0.632685 -1.203897 
-1.053119 -0.421086 27.808633 -0.168485 0.632646 -1.203872 
-1.053068 -0.421119 27.808627 -0.168433 0.632624 -1.203928 
-1.052974 -0.421125 27.808637 -0.168408 0.632606 -1.203919 
-1.052922 -0.421172 27.808643 -0.168377 0.632543 -1.203925 
-1.052877 -0.421144 27.808646 -0.168298 0.632513 -1.203936 
-1.052798 -0.421177 27.808619 -0.168303 0.632506 -1.203978 
-1.052755 -0.421176 27.808578 -0.168310 0.632459 -1.203913 
-1.052714 -0.421147 27.808627 -0.168347 0.632399 -1.203917 
-1.052649 -0.421161 27.808682 -0.168352 0.632359 -1.203885 
-1.052631 -0.421154 27.808675 -0.168367 0.632265 -1.203906 
-1.052590 -0.421117 27.808669 -0.168393 0.632187 -1.203920 
-1.052574 -0.421150 27.808629 -0.168383 0.632110 -1.203888 
-1.052581 -0.421191 27.808632 -0.168471 0.632086 -1.203888 
-1.052603 -0.421130 27.808644 -0.168386 0.632099 -1.203859 
-1.052554 -0.421149 27.808645 -0.168313 0.632057 -1.203930 
-1.052472 -0.421127 27.808640 -0.168271 0.632044 -1.203900 
-1.052472 -0.421086 27.808562 -0.168239 0.632024 -1.203930 
-1.052487 -0.421107 27.808554 -0.168206 0.632045 -1.203913 
-1.052419 -0.421088 27.808576 -0.168252 0.631951 -1.203969 
-1.052366 -0.421056 27.808610 -0.168253 0.631915 -1.204029 
-1.052372 -0.421022 27.808631 -0.168253 0.631829 -1.203999 
-1.052318 -0.421024 27.808614 -0.168299 0.631760 -1.203996 
-1.052360 -0.421048 27.808618 -0.168328 0.631698 -1.204050 
-1.052321 -0.421007 27.808574 -0.168277 0.631753 -1.204008 
-1.052270 -0.421037 27.808576 -0.168214 0.631704 -1.203997 
-1.052209 -0.420990 27.808568 -0.168192 0.631647 -1.203981 
-1.052188 -0.420996 27.808524 -0.168181 0.631591 -1.203915 
-1.052100 -0.420999 27.808488 -0.168169 0.631562 -1.203926 
-1.052058 -0.420964 27.808485 -0.168105 0.631510 -1.203911 
-1.052050 -0.421023 27.808425 -0.168091 0.631492 -1.203862 
-1.052078 -0.420967 27.808469 -0.168109 0.631479 -1.203941 
-1.052063 -0.420995 27.808505 -0.168152 0.631403 -1.203950 
-1.052056 -0.420976 27.808481 -0.168208 0.631329 -1.203969 
-1.052042 -0.421025 27.808498 -0.168203 0.631273 -1.204033 
-1.052111 -0.421028 27.808531 -0.168198 0.631212 -1.204012 
-1.052048 -0.420997 27.808528 -0.168212 0.631284 -1.204058 
-1.052076 -0.421076 27.808490 -0.168273 0.631305 -1.204046 
-1.052017 -0.421034 27.808529 -0.168218 0.631268 -1.204009 
-1.051950 -0.421007 27.808510 -0.168187 0.631210 -1.204016 
-1.051896 -0.421014 27.808523 -0.168107 0.631191 -1.204023 
-1.051827 -0.421002 27.808491 -0.168114 0.631129 -1.204039 
-1.051773 -0.420945 27.808457 -0.168102 0.631095 -1.204003 
-1.051797 -0.420943 27.808476 -0.168089 0.631001 -1.203999 
-1.051775 -0.420889 27.808520 -0.168096 0.630964 -1.204055 
-1.051803 -0.420867 27.808458 -0.168061 0.630938 -1.204110 
-1.051787 -0.420879 27.808472 -0.168017 0.630942 -1.204112 
-1.051774 -0.420861 27.808455 -0.168088 0.630848 -1.204128 
-1.051780 -0.420814 27.808468 -0.168100 0.630762 -1.204127 
-1.051810 -0.420858 27.808500 -0.168128 0.630720 -1.204186 
-1.051760 -0.420788 27.808483 -0.168108 0.630778 -1.204157 
-1.051690 -0.420764 27.808430 -0.168129 0.630744 -1.204151 
-1.051725 -0.420709 27.808370 -0.168175 0.630751 -1.204155 
-1.051684 -0.420767 27.808450 -0.168167 0.630750 -1.204126 
-1.051630 -0.420746 27.808438 -0.168061 0.630708 -1.204148 
-1.051579 -0.420775 27.808438 -0.168032 0.630651 -1.204198 
-1.051506 -0.420806 27.808413 -0.167980 0.630665 -1.204215 
-1.051591 -0.420802 27.808422 -0.168024 0.630632 -1.204167 
-1.051584 -0.420765 27.808419 -0.167994 0.630545 -1.204182 
-1.051609 -0.420791 27.808492 -0.167940 0.630526 -1.204196 
-1.051555 -0.420762 27.808444 -0.168009 0.630538 -1.204154 
-1.051524 -0.420787 27.808450 -0.168054 0.630462 -1.204179 
-1.051486 -0.420755 27.808452 -0.168059 0.630378 -1.204159 
-1.051456 -0.420754 27.808446 -0.168067 0.630291 -1.204119 
-1.051437 -0.420687 27.808480 -0.168101 0.630243 -1.204140 
-1.051422 -0.420675 27.808444 -0.168127 0.630256 -1.204135 
-1.051362 -0.420701 27.808485 -0.168045 0.630232 -1.204170 
-1.051375 -0.420696 27.808441 -0.167989 0.630186 -1.204222 
-1.051344 -0.420656 27.808446 -0.167910 0.630187 -1.204187 
-1.051282 -0.420697 27.808466 -0.167867 0.630153 -1.204220 
-1.051216 -0.420681 27.808395 -0.167879 0.630165 -1.204227 
-1.051206 -0.420648 27.808412 -0.167896 0.630141 -1.204238 
-1.051195 -0.420612 27.808437 -0.167879 0.630193 -1.204309 
-1.051230 -0.420642 27.808387 -0.167878 0.630119 -1.204260 
-1.051185 -0.420613 27.808397 -0.167882 0.630037 -1.204242 
-1.051131 -0.420563 27.808421 -0.167877 0.629976 -1.204259 
-1.051069 -0.420550 27.808405 -0.167870 0.629905 -1.204235 
-1.051017 -0.420522 27.808380 -0.167847 0.629832 -1.204242 
-1.050946 -0.420487 27.808394 -0.167845 0.629772 -1.204238 
-1.050890 -0.420450 27.808382 -0.167824 0.629704 -1.204254 
-1.050827 -0.420448 27.808351 -0.167813 0.629640 -1.204224 
-1.050787 -0.420447 27.808349 -0.167850 0.629561 -1.204253 
-1.050745 -0.420430 27.808344 -0.167882 0.629480 -1.204271 
-1.050683 -0.420430 27.808316 -0.167878 0.629411 -1.204249 
-1.050617 -0.420436 27.808303 -0.167849 0.629355 -1.204288 
-1.050540 -0.420421 27.808308 -0.167837 0.629295 -1.204296 
-1.050492 -0.420414 27.808281 -0.167835 0.629216 -1.204320 
-1.050429 -0.420398 27.808270 -0.167832 0.629141 -1.204331 
-1.050410 -0.420354 27.808231 -0.167763 0.629102 -1.204330 
-1.050425 -0.420391 27.808269 -0.167722 0.629030 -1.204320 
-1.050371 -0.420406 27.808240 -0.167694 0.628959 -1.204335 
-1.050312 -0.420386 27.808243 -0.167673 0.628883 -1.204333 
-1.050250 -0.420380 27.808229 -0.167650 0.628810 -1.204340 
-1.050241 -0.420343 27.808260 -0.167634 0.628749 -1.204400 
-1.050246 -0.420309 27.808249 -0.167644 0.628658 -1.204382 
-1.050220 -0.420278 27.808264 -0.167624 0.628571 -1.204370 
-1.050219 -0.420280 27.808230 -0.167613 0.628481 -1.204397 
-1.050189 -0.420266 27.808258 -0.167572 0.628429 -1.204458 
-1.050156 -0.420293 27.808292 -0.167634 0.628375 -1.204473 
-1.050112 -0.420239 27.808272 -0.167660 0.628316 -1.204498 
-1.050124 -0.420219 27.808296 -0.167665 0.628223 -1.204515 
-1.050044 -0.420254 27.808271 -0.167639 0.628190 -1.204500 
-1.049977 -0.420294 27.808230 -0.167633 0.628161 -1.204536 
-1.049884 -0.420292 27.808253 -0.167617 0.628145 -1.204521 
-1.049815 -0.420305 27.808224 -0.167632 0.628110 -1.204468 
-1.049776 -0.420276 27.808196 -0.167551 0.628095 -1.204467 
-1.049736 -0.420344 27.808231 -0.167505 0.628074 -1.204457 
-1.049745 -0.420332 27.808244 -0.167509 0.628029 -1.204466 
-1.049683 -0.420298 27.808260 -0.167519 0.627971 -1.204501 
-1.049661 -0.420244 27.808315 -0.167509 0.627936 -1.204454 
-1.049636 -0.420228 27.808295 -0.167503 0.627843 -1.204463 
-1.049619 -0.420202 27.808303 -0.167480 0.627760 -1.204503 
-1.049592 -0.420203 27.808314 -0.167521 0.627674 -1.204512 
-1.049528 -0.420192 27.808295 -0.167504 0.627603 -1.204515 
-1.049484 -0.420194 27.808284 -0.167478 0.627517 -1.204510 
-1.049415 -0.420168 27.808284 -0.167472 0.627452 -1.204525 
-1.049348 -0.420142 27.808285 -0.167466 0.627384 -1.204539 
-1.049284 -0.420121 27.808284 -0.167457 0.627312 -1.204551 
-1.049255 -0.420139 27.808258 -0.167413 0.627235 -1.204532 
-1.049215 -0.420140 27.808256 -0.167427 0.627144 -1.204536 
-1.049149 -0.420118 27.808254 -0.167399 0.627079 -1.204544 
-1.049083 -0.420095 27.808250 -0.167370 0.627014 -1.204552 
-1.049028 -0.420083 27.808248 -0.167363 0.626932 -1.204559 
-1.048953 -0.420040 27.808254 -0.167327 0.626902 -1.204577 
-1.048944 -0.419992 27.808179 -0.167337 0.626859 -1.204574 
-1.048902 -0.420037 27.808137 -0.167333 0.626838 -1.204638 
-1.048824 -0.420060 27.808113 -0.167354 0.626821 -1.204592 
-1.048779 -0.420061 27.808099 -0.167333 0.626737 -1.204606 
-1.048739 -0.420063 27.808069 -0.167261 0.626689 -1.204604 
-1.048694 -0.420053 27.808072 -0.167289 0.626610 -1.204632 
-1.048663 -0.420048 27.808078 -0.167317 0.626524 -1.204660 
-1.048619 -0.420042 27.808072 -0.167313 0.626437 -1.204683 
-1.048561 -0.420036 27.808065 -0.167327 0.626360 -1.204701 
-1.048565 -0.420037 27.808057 -0.167269 0.626282 -1.204724 
-1.048584 -0.420094 27.808031 -0.167293 0.626216 -1.204695 
-1.048577 -0.420016 27.808016 -0.167280 0.626282 -1.204734 
-1.048549 -0.420077 27.808068 -0.167267 0.626268 -1.204813 
-1.048546 -0.420034 27.808121 -0.167263 0.626200 -1.204838 
-1.048476 -0.420033 27.808119 -0.167205 0.626159 -1.204846 
-1.048424 -0.420034 27.808125 -0.167133 0.626115 -1.204860 
-1.048443 -0.420003 27.808180 -0.167102 0.626052 -1.204889 
-1.048363 -0.419983 27.808205 -0.167130 0.626011 -1.204901 
-1.048286 -0.419982 27.808232 -0.167146 0.625970 -1.204936 
-1.048217 -0.419976 27.808267 -0.167155 0.625922 -1.204976 
-1.048171 -0.419953 27.808315 -0.167153 0.625859 -1.205010 
-1.048102 -0.419943 27.808345 -0.167135 0.625804 -1.205039 
-1.048034 -0.419932 27.808376 -0.167116 0.625748 -1.205068 
-1.048034 -0.419891 27.808435 -0.167117 0.625683 -1.205090 
-1.048008 -0.419903 27.808477 -0.167128 0.625644 -1.205166 
-1.048023 -0.419907 27.808483 -0.167041 0.625607 -1.205195 
-1.048014 -0.419877 27.808491 -0.167031 0.625640 -1.205211 
-1.048021 -0.419868 27.808414 -0.167063 0.625559 -1.205227 
-1.047989 -0.419868 27.808413 -0.167085 0.625467 -1.205232 
-1.048027 -0.419870 27.808416 -0.167123 0.625388 -1.205261 
-1.047973 -0.419897 27.808408 -0.167091 0.625476 -1.205267 
-1.047907 -0.419918 27.808353 -0.167074 0.625441 -1.205240 
-1.047828 -0.419867 27.808361 -0.167067 0.625423 -1.205265 
-1.047797 -0.419899 27.808410 -0.167002 0.625388 -1.205261 
-1.047781 -0.419912 27.808434 -0.167034 0.625389 -1.205239 
-1.047685 -0.419915 27.808424 -0.167041 0.625371 -1.205222 
-1.047664 -0.419988 27.808443 -0.166998 0.625346 -1.205185 
-1.047683 -0.419939 27.808421 -0.167058 0.625354 -1.205259 
-1.047690 -0.419914 27.808422 -0.167082 0.625262 -1.205246 
-1.047653 -0.419901 27.808458 -0.167117 0.625193 -1.205281 
-1.047633 -0.419917 27.808415 -0.167180 0.625134 -1.205280 
-1.047632 -0.419889 27.808431 -0.167087 0.625185 -1.205295 
-1.047664 -0.419869 27.808439 -0.167035 0.625130 -1.205348 
-1.047633 -0.419777 27.808447 -0.167021 0.625116 -1.205331 
-1.047588 -0.419805 27.808473 -0.166967 0.625075 -1.205287 
-1.047559 -0.419809 27.808497 -0.166978 0.625078 -1.205318 
-1.047497 -0.419786 27.808486 -0.166916 0.625081 -1.205358 
-1.047544 -0.419812 27.808468 -0.166999 0.625048 -1.205322 
-1.047524 -0.419798 27.808493 -0.167041 0.624964 -1.205325 
-1.047456 -0.419796 27.808488 -0.167100 0.624959 -1.205281 
-1.047519 -0.419838 27.808466 -0.167042 0.624964 -1.205337 
-1.047530 -0.419819 27.808540 -0.167059 0.624885 -1.205351 
-1.047547 -0.419778 27.808506 -0.167117 0.624876 -1.205410 
-1.047494 -0.419812 27.808545 -0.167040 0.624887 -1.205378 
-1.047463 -0.419792 27.808511 -0.166979 0.624829 -1.205360 
-1.047403 -0.419800 27.808534 -0.166908 0.624803 -1.205363 
-1.047366 -0.419753 27.808496 -0.166894 0.624760 -1.205417 
-1.047356 -0.419739 27.808481 -0.166866 0.624667 -1.205417 
-1.047332 -0.419739 27.808509 -0.166864 0.624587 -1.205465 
-1.047313 -0.419721 27.808537 -0.166850 0.624506 -1.205507 
-1.047311 -0.419696 27.808514 -0.166813 0.624420 -1.205493 
-1.047289 -0.419756 27.808485 -0.166808 0.624368 -1.205541 
-1.047215 -0.419754 27.808488 -0.166857 0.624328 -1.205519 
-1.047257 -0.419739 27.808467 -0.166933 0.624288 -1.205535 
-1.047231 -0.419781 27.808516 -0.166859 0.624315 -1.205495 
-1.047129 -0.419758 27.808506 -0.166821 0.624298 -1.205526 
-1.047076 -0.419789 27.808449 -0.166800 0.624296 -1.205476 
-1.047068 -0.419825 27.808447 -0.166814 0.624312 -1.205502 
-1.047004 -0.419765 27.808495 -0.166809 0.624336 -1.205457 
-1.047087 -0.419794 27.808455 -0.166759 0.624321 -1.205478 
-1.047029 -0.419785 27.808442 -0.166821 0.624214 -1.205503 
-1.046992 -0.419742 27.808388 -0.166857 0.624185 -1.205543 
-1.046959 -0.419754 27.808390 -0.166903 0.624103 -1.205538 
-1.046916 -0.419752 27.808391 -0.166845 0.624055 -1.205588 
-1.046895 -0.419726 27.808352 -0.166791 0.623988 -1.205588 
-1.046910 -0.419677 27.808385 -0.166779 0.623934 -1.205645 
-1.046824 -0.419638 27.808410 -0.166759 0.623928 -1.205634 
-1.046749 -0.419645 27.808395 -0.166727 0.623890 -1.205673 
-1.046694 -0.419623 27.808394 -0.166741 0.623816 -1.205646 
-1.046636 -0.419573 27.808366 -0.166758 0.623761 -1.205636 
-1.046577 -0.419548 27.808369 -0.166751 0.623689 -1.205610 
-1.046503 -0.419518 27.808347 -0.166741 0.623635 -1.205618 
-1.046449 -0.419514 27.808369 -0.166716 0.623563 -1.205591 
-1.046386 -0.419514 27.808399 -0.166769 0.623515 -1.205598 
-1.046399 -0.419509 27.808390 -0.166786 0.623425 -1.205633 
-1.046349 -0.419543 27.808349 -0.166813 0.623371 -1.205601 
-1.046291 -0.419501 27.808371 -0.166827 0.623306 -1.205598 
-1.046230 -0.419527 27.808367 -0.166793 0.623296 -1.205665 
-1.046175 -0.419565 27.808408 -0.166783 0.623245 -1.205698 
-1.046110 -0.419559 27.808394 -0.166811 0.623217 -1.205761 
-1.046073 -0.419551 27.808375 -0.166736 0.623165 -1.205766 
-1.045996 -0.419547 27.808378 -0.166676 0.623159 -1.205748 
-1.046015 -0.419504 27.808414 -0.166627 0.623131 -1.205804 
-1.046020 -0.419532 27.808403 -0.166609 0.623157 -1.205828 
-1.046015 -0.419510 27.808386 -0.166619 0.623037 -1.205790 
-1.045972 -0.419483 27.808373 -0.166650 0.622960 -1.205805 
-1.045949 -0.419511 27.808426 -0.166668 0.622886 -1.205797 
-1.045928 -0.419478 27.808412 -0.166677 0.622797 -1.205780 
-1.045897 -0.419514 27.808378 -0.166678 0.622734 -1.205831 
-1.045858 -0.419470 27.808409 -0.166690 0.622686 -1.205887 
-1.045763 -0.419477 27.808401 -0.166688 0.622681 -1.205860 
-1.045711 -0.419484 27.808384 -0.166761 0.622642 -1.205850 
-1.045765 -0.419504 27.808439 -0.166686 0.622666 -1.205849 
-1.045722 -0.419493 27.808432 -0.166608 0.622623 -1.205848 
-1.045659 -0.419511 27.808439 -0.166548 0.622632 -1.205893 
-1.045652 -0.419473 27.808469 -0.166554 0.622632 -1.205901 
-1.045627 -0.419444 27.808466 -0.166501 0.622621 -1.205826 
-1.045687 -0.419469 27.808477 -0.166526 0.622648 -1.205909 
-1.045647 -0.419466 27.808451 -0.166562 0.622541 -1.205938 
-1.045629 -0.419513 27.808505 -0.166588 0.622479 -1.205943 
-1.045590 -0.419509 27.808479 -0.166633 0.622417 -1.205986 
-1.045555 -0.419488 27.808471 -0.166603 0.622351 -1.205931 
-1.045566 -0.419477 27.808476 -0.166568 0.622259 -1.205940 
-1.045523 -0.419422 27.808524 -0.166573 0.622207 -1.205931 
-1.045455 -0.419431 27.808533 -0.166539 0.622143 -1.205926 
-1.045387 -0.419440 27.808541 -0.166507 0.622079 -1.205920 
-1.045323 -0.419437 27.808556 -0.166483 0.622008 -1.205908 
-1.045280 -0.419393 27.808595 -0.166488 0.621943 -1.205892 
-1.045262 -0.419379 27.808628 -0.166436 0.621895 -1.205950 
-1.045212 -0.419317 27.808580 -0.166399 0.621894 -1.205951 
-1.045228 -0.419314 27.808593 -0.166365 0.621898 -1.205921 
-1.045127 -0.419331 27.808617 -0.166418 0.621889 -1.205979 
-1.045108 -0.419336 27.808591 -0.166444 0.621801 -1.206005 
-1.045097 -0.419306 27.808587 -0.166486 0.621729 -1.206050 
-1.045073 -0.419357 27.808536 -0.166474 0.621688 -1.206098 
-1.045037 -0.419374 27.808492 -0.166531 0.621654 -1.206052 
-1.045052 -0.419326 27.808515 -0.166450 0.621688 -1.206093 
-1.045034 -0.419330 27.808542 -0.166395 0.621613 -1.206075 
-1.045106 -0.419312 27.808493 -0.166374 0.621576 -1.206062 
-1.045033 -0.419302 27.808551 -0.166418 0.621592 -1.206101 
-1.044979 -0.419278 27.808549 -0.166376 0.621534 -1.206140 
-1.044932 -0.419227 27.808574 -0.166340 0.621478 -1.206144 
-1.044918 -0.419240 27.808609 -0.166304 0.621418 -1.206204 
-1.044868 -0.419261 27.808595 -0.166321 0.621337 -1.206211 
-1.044814 -0.419270 27.808581 -0.166323 0.621259 -1.206236 
-1.044766 -0.419281 27.808578 -0.166316 0.621180 -1.206271 
-1.044705 -0.419253 27.808574 -0.166318 0.621108 -1.206250 
-1.044664 -0.419244 27.808603 -0.166298 0.621025 -1.206260 
-1.044609 -0.419224 27.808609 -0.166274 0.620951 -1.206281 
-1.044553 -0.419201 27.808614 -0.166246 0.620879 -1.206303 
-1.044502 -0.419190 27.808625 -0.166228 0.620799 -1.206321 
-1.044502 -0.419223 27.808678 -0.166245 0.620724 -1.206306 
-1.044462 -0.419287 27.808640 -0.166198 0.620703 -1.206291 
-1.044477 -0.419284 27.808579 -0.166204 0.620633 -1.206324 
-1.044401 -0.419305 27.808579 -0.166240 0.620617 -1.206372 
-1.044355 -0.419278 27.808549 -0.166274 0.620593 -1.206305 
-1.044338 -0.419249 27.808562 -0.166242 0.620581 -1.206311 
-1.044270 -0.419234 27.808567 -0.166205 0.620521 -1.206327 
-1.044201 -0.419221 27.808569 -0.166171 0.620461 -1.206340 
-1.044125 -0.419213 27.808552 -0.166171 0.620401 -1.206322 
-1.044062 -0.419205 27.808560 -0.166130 0.620342 -1.206348 
-1.043986 -0.419202 27.808543 -0.166130 0.620281 -1.206332 
-1.043920 -0.419199 27.808547 -0.166095 0.620219 -1.206356 
-1.043846 -0.419198 27.808524 -0.166105 0.620161 -1.206333 
-1.043772 -0.419199 27.808516 -0.166091 0.620097 -1.206336 
-1.043788 -0.419171 27.808468 -0.166063 0.620023 -1.206315 
-1.043729 -0.419130 27.808403 -0.166038 0.620013 -1.206316 
-1.043792 -0.419145 27.808470 -0.166094 0.620012 -1.206341 
-1.043777 -0.419108 27.808513 -0.166118 0.619937 -1.206321 
-1.043773 -0.419138 27.808499 -0.166160 0.619855 -1.206344 
-1.043781 -0.419119 27.808533 -0.166109 0.619812 -1.206407 
-1.043815 -0.419066 27.808549 -0.166118 0.619737 -1.206422 
-1.043749 -0.419066 27.808606 -0.166142 0.619719 -1.206459 
-1.043749 -0.419119 27.808659 -0.166106 0.619673 -1.206427 
-1.043684 -0.419105 27.808622 -0.166059 0.619631 -1.206410 
-1.043630 -0.419125 27.808607 -0.166010 0.619570 -1.206426 
-1.043576 -0.419095 27.808631 -0.165941 0.619545 -1.206408 
-1.043527 -0.419118 27.808606 -0.165974 0.619486 -1.206364 
-1.043573 -0.419097 27.808568 -0.165954 0.619415 -1.206343 
-1.043582 -0.419130 27.808562 -0.165933 0.619428 -1.206317 
-1.043512 -0.419089 27.808504 -0.165968 0.619373 -1.206363 
-1.043470 -0.419108 27.808512 -0.165991 0.619291 -1.206386 
-1.043416 -0.419084 27.808496 -0.166031 0.619225 -1.206369 
-1.043366 -0.419063 27.808491 -0.165987 0.619168 -1.206412 
-1.043323 -0.419053 27.808473 -0.165966 0.619102 -1.206466 
-1.043270 -0.419036 27.808455 -0.165960 0.619030 -1.206503 
-1.043207 -0.418997 27.808458 -0.165974 0.618977 -1.206464 
-1.043161 -0.419046 27.808447 -0.165910 0.618950 -1.206439 
-1.043084 -0.419057 27.808482 -0.165918 0.618987 -1.206473 
-1.043095 -0.419072 27.808523 -0.165923 0.618965 -1.206474 
-1.043069 -0.419030 27.808548 -0.165855 0.618918 -1.206486 
-1.043018 -0.419057 27.808536 -0.165856 0.618838 -1.206486 
-1.042966 -0.419083 27.808525 -0.165857 0.618757 -1.206486 
-1.042914 -0.419110 27.808514 -0.165857 0.618677 -1.206485 
-1.042861 -0.419124 27.808511 -0.165841 0.618595 -1.206485 
-1.042820 -0.419104 27.808524 -0.165791 0.618524 -1.206498 
