14.940788 -0.652223 -1.825819 32.854068 -0.261857 0.791903 -1.362448 
15.940788 -0.652223 -1.825819 32.854068 -0.261857 0.791903 -1.362448 
14.940788 0.347777 -1.825819 32.854068 -0.261857 0.791903 -1.362448 
14.940788 -0.652223 -0.825819 32.854068 -0.261857 0.791903 -1.362448 
14.940788 -0.652223 -1.825819 33.854068 -0.261857 0.791903 -1.362448 
14.940788 -0.652223 -1.825819 32.854068 0.738143 0.791903 -1.362448 
14.940788 -0.652223 -1.825819 32.854068 -0.261857 1.791903 -1.362448 
14.940788 -0.652223 -1.825819 32.854068 -0.261857 0.791903 -0.362448 
14.939917 -0.858773 -1.849717 32.852647 -1.219525 0.594579 -1.388872 
14.940353 -0.755498 -1.837768 32.853358 -0.740691 0.693241 -1.375660 
14.940315 -0.764407 -1.838799 32.853296 -0.066784 0.684730 -1.376800 
14.815789 -0.651696 -1.825819 32.854068 -0.261857 0.791903 -1.362448 
14.816589 -0.422979 -1.834722 32.853539 -0.193979 0.718390 -1.372292 
14.815789 -0.651696 -1.949912 32.854068 -0.261857 0.806932 -1.362448 
14.815501 -0.668765 -1.926462 32.853373 -0.172746 1.038341 -1.375372 
14.815789 -0.651836 -1.949928 32.729070 -0.262507 0.806798 -1.362448 
14.814905 -0.762269 -1.973083 32.728376 -0.449981 0.688480 -1.387376 
14.815673 -0.679120 -1.953085 32.728882 -0.215064 0.780733 -1.471720 
14.815037 -0.797273 -1.970194 32.727751 -0.069952 0.663610 -1.355659 
14.816171 -0.477944 -1.977936 32.727116 -0.199089 0.636762 -1.492320 
14.814852 -0.676421 -1.956967 32.724801 -0.191685 0.894080 -1.518530 
14.815225 -0.732113 -1.964208 32.728465 -0.311831 0.728206 -1.495590 
14.814523 -0.818683 -1.981210 32.727056 -0.303316 0.646643 -1.462212 
14.752032 -0.817701 -1.981271 32.727055 -0.303274 0.646139 -1.462251 
14.816546 -0.752602 -1.998372 32.725935 -0.352040 0.557919 -1.488908 
14.814554 -0.819011 -1.919903 32.727064 -0.303855 0.634548 -1.461250 
14.812977 -0.903305 -1.972100 32.725790 -0.363007 0.708201 -1.494224 
14.814528 -0.818261 -1.981087 32.664586 -0.301671 0.647074 -1.463060 
14.814619 -0.832282 -1.981424 32.667093 -0.195689 0.642832 -1.527650 
14.843569 -0.837272 -2.010758 32.696114 -0.177693 0.646106 -1.495933 
14.771684 -0.814100 -1.935365 32.622698 -0.122331 0.669937 -1.470706 
14.822591 -0.807100 -1.998338 32.673160 -0.197424 0.597847 -1.556959 
14.817850 -0.829639 -1.997719 32.668261 -0.196580 0.578684 -1.549624 
14.829821 -0.863206 -2.008943 32.679296 -0.208724 0.593344 -1.594635 
14.804715 -0.828972 -2.022281 32.655135 -0.195793 0.583901 -1.549221 
14.788762 -0.818032 -2.003819 32.635417 -0.146411 0.573883 -1.565450 
14.826761 -0.828914 -2.022210 32.633051 -0.197154 0.584308 -1.548332 
14.794164 -0.812277 -2.017523 32.648701 -0.250796 0.569022 -1.534884 
14.819498 -0.830028 -2.037797 32.669706 -0.184408 0.582221 -1.536129 
14.801571 -0.830407 -2.017321 32.652510 -0.193972 0.591742 -1.537563 
14.805950 -0.852118 -2.018930 32.656860 -0.195253 0.610067 -1.548834 
14.799389 -0.830150 -2.014165 32.649371 -0.179702 0.591425 -1.541533 
14.800350 -0.835976 -2.017149 32.651263 -0.193954 0.586905 -1.535681 
14.802095 -0.826852 -2.018420 32.654404 -0.208140 0.594320 -1.533198 
14.797876 -0.830048 -2.013485 32.648904 -0.197053 0.592090 -1.540712 
14.799143 -0.826527 -2.015361 32.651538 -0.210759 0.594626 -1.535672 
14.792350 -0.830053 -2.013482 32.654403 -0.196620 0.591978 -1.540959 
14.789913 -0.824636 -2.009257 32.650933 -0.183954 0.595134 -1.543884 
14.789106 -0.830072 -2.019634 32.651162 -0.196436 0.593437 -1.540958 
14.794789 -0.840437 -2.013735 32.656841 -0.197350 0.601480 -1.546751 
14.794260 -0.829395 -2.013829 32.651723 -0.197850 0.588978 -1.547214 
14.792254 -0.828607 -2.021005 32.667245 -0.196318 0.588061 -1.543212 
14.793226 -0.828448 -2.013796 32.654619 -0.203744 0.593388 -1.538764 
14.792946 -0.832639 -2.013576 32.655098 -0.196851 0.594385 -1.542329 
14.792379 -0.830003 -2.014461 32.655950 -0.196723 0.591370 -1.541241 
14.791596 -0.828204 -2.012712 32.654852 -0.193722 0.593416 -1.541062 
14.790691 -0.830245 -2.012807 32.654675 -0.197080 0.591800 -1.541463 
14.792176 -0.832462 -2.013262 32.653702 -0.195130 0.590090 -1.539197 
14.792836 -0.829795 -2.013465 32.653651 -0.196565 0.591259 -1.542516 
14.792761 -0.830037 -2.012719 32.654809 -0.196705 0.591809 -1.540940 
14.793102 -0.829189 -2.012677 32.654484 -0.198234 0.592299 -1.540397 
14.793396 -0.829806 -2.012444 32.653731 -0.198753 0.591547 -1.539022 
14.792896 -0.828440 -2.012606 32.654434 -0.197876 0.591924 -1.540126 
14.792863 -0.827065 -2.012223 32.654592 -0.197177 0.593043 -1.540022 
14.792935 -0.825746 -2.012824 32.655897 -0.197122 0.593056 -1.539983 
14.793740 -0.825597 -2.013093 32.655578 -0.196921 0.592929 -1.540211 
14.792278 -0.824548 -2.012069 32.655367 -0.197226 0.593031 -1.541024 
14.792685 -0.824595 -2.011304 32.655747 -0.197272 0.592808 -1.540963 
14.792543 -0.823633 -2.010705 32.655390 -0.196643 0.593239 -1.539620 
14.792455 -0.824741 -2.011299 32.655883 -0.196432 0.592451 -1.541128 
14.792951 -0.824804 -2.011078 32.656293 -0.197544 0.594452 -1.541723 
14.792955 -0.824586 -2.011166 32.656593 -0.199391 0.594003 -1.541962 
14.792867 -0.825687 -2.010428 32.655251 -0.199871 0.594106 -1.542057 
14.793804 -0.824356 -2.011279 32.656272 -0.199346 0.593846 -1.542152 
14.793545 -0.823559 -2.012592 32.656575 -0.199650 0.594680 -1.542866 
14.793597 -0.823124 -2.012461 32.656336 -0.199835 0.595097 -1.542173 
14.793741 -0.821767 -2.011938 32.657495 -0.199997 0.594644 -1.541854 
14.794010 -0.823483 -2.012218 32.656825 -0.199943 0.595681 -1.542237 
14.794419 -0.824039 -2.013409 32.657380 -0.200146 0.595282 -1.541048 
14.793917 -0.823190 -2.011464 32.656031 -0.201281 0.596504 -1.542467 
14.794011 -0.823321 -2.012194 32.656804 -0.199060 0.596048 -1.542125 
14.794436 -0.823360 -2.012270 32.656674 -0.199920 0.595596 -1.542331 
14.794045 -0.822881 -2.011927 32.657475 -0.199957 0.595398 -1.542191 
14.794112 -0.823079 -2.011604 32.657407 -0.199867 0.595188 -1.542006 
14.794071 -0.822972 -2.010808 32.657094 -0.200220 0.595449 -1.541879 
14.794336 -0.823325 -2.011798 32.657630 -0.200013 0.595068 -1.541158 
14.794123 -0.823382 -2.011472 32.657568 -0.199791 0.594957 -1.542215 
14.794042 -0.823047 -2.011649 32.657329 -0.200005 0.595025 -1.542015 
14.794098 -0.823031 -2.011522 32.657393 -0.199412 0.595303 -1.541913 
14.794558 -0.822955 -2.011514 32.657302 -0.199330 0.595293 -1.541989 
14.794091 -0.823187 -2.011606 32.657237 -0.199399 0.595364 -1.541924 
14.794080 -0.823285 -2.011299 32.657274 -0.199389 0.595725 -1.541875 
14.794139 -0.823368 -2.011294 32.657312 -0.199407 0.595668 -1.541664 
14.794171 -0.823452 -2.011584 32.657604 -0.199271 0.595861 -1.541595 
14.794126 -0.823213 -2.011364 32.657224 -0.199460 0.595766 -1.541561 
14.794032 -0.823509 -2.011079 32.657204 -0.199133 0.595452 -1.541500 
14.794047 -0.823641 -2.011011 32.657220 -0.199308 0.595374 -1.541486 
14.794165 -0.823761 -2.010933 32.657215 -0.199447 0.595298 -1.541483 
14.794004 -0.823875 -2.010959 32.657311 -0.199543 0.595281 -1.541444 
14.794160 -0.823820 -2.010985 32.657129 -0.199446 0.595334 -1.541478 
14.794104 -0.823638 -2.010869 32.657097 -0.199568 0.595282 -1.541393 
14.794159 -0.823781 -2.010857 32.657222 -0.199443 0.595391 -1.541482 
14.794082 -0.823783 -2.010791 32.657160 -0.199458 0.595348 -1.541691 
14.794132 -0.823816 -2.010803 32.657195 -0.199374 0.595337 -1.541441 
14.794246 -0.823883 -2.010630 32.657193 -0.199298 0.595372 -1.541368 
14.794189 -0.823820 -2.010576 32.657202 -0.199111 0.595477 -1.541311 
14.794150 -0.823938 -2.010626 32.657225 -0.199308 0.595349 -1.541335 
14.794225 -0.824081 -2.010539 32.657288 -0.199454 0.595349 -1.541305 
14.794167 -0.824123 -2.010425 32.657221 -0.199456 0.595282 -1.541485 
14.794206 -0.823996 -2.010480 32.657305 -0.199498 0.595319 -1.541276 
14.794171 -0.824019 -2.010479 32.657099 -0.199573 0.595349 -1.541183 
14.794262 -0.824032 -2.010522 32.657304 -0.199476 0.595100 -1.541204 
14.794179 -0.823985 -2.010534 32.657332 -0.199567 0.595329 -1.541301 
14.794166 -0.824013 -2.010475 32.657318 -0.199489 0.595316 -1.541260 
14.794176 -0.824023 -2.010410 32.657335 -0.199445 0.595357 -1.541220 
14.794162 -0.824045 -2.010323 32.657326 -0.199412 0.595364 -1.541246 
14.794143 -0.824004 -2.010308 32.657318 -0.199332 0.595392 -1.541223 
14.794153 -0.824002 -2.010310 32.657358 -0.199316 0.595374 -1.541237 
14.794166 -0.824044 -2.010257 32.657310 -0.199320 0.595378 -1.541153 
14.794164 -0.824066 -2.010205 32.657339 -0.199336 0.595448 -1.541124 
14.794084 -0.824107 -2.010180 32.657349 -0.199335 0.595438 -1.541091 
14.794064 -0.824101 -2.010092 32.657340 -0.199351 0.595436 -1.541051 
14.794047 -0.824127 -2.010008 32.657325 -0.199352 0.595448 -1.541012 
14.794024 -0.824115 -2.009948 32.657322 -0.199344 0.595465 -1.540939 
14.794015 -0.824145 -2.009885 32.657324 -0.199400 0.595459 -1.540895 
14.794008 -0.824173 -2.009812 32.657342 -0.199442 0.595447 -1.540856 
14.793985 -0.824220 -2.009784 32.657304 -0.199490 0.595465 -1.540806 
14.793972 -0.824213 -2.009708 32.657326 -0.199495 0.595464 -1.540748 
14.793967 -0.824253 -2.009632 32.657367 -0.199512 0.595443 -1.540733 
14.793946 -0.824208 -2.009568 32.657355 -0.199563 0.595454 -1.540756 
14.793945 -0.824250 -2.009633 32.657351 -0.199507 0.595402 -1.540731 
14.794047 -0.824252 -2.009600 32.657338 -0.199517 0.595418 -1.540701 
14.794052 -0.824242 -2.009620 32.657361 -0.199549 0.595405 -1.540686 
14.794043 -0.824278 -2.009536 32.657334 -0.199467 0.595446 -1.540656 
14.794041 -0.824336 -2.009475 32.657310 -0.199441 0.595476 -1.540626 
14.794052 -0.824351 -2.009406 32.657327 -0.199377 0.595491 -1.540613 
14.794044 -0.824332 -2.009394 32.657274 -0.199342 0.595538 -1.540557 
14.794063 -0.824374 -2.009439 32.657333 -0.199352 0.595485 -1.540601 
14.794038 -0.824371 -2.009371 32.657378 -0.199413 0.595483 -1.540548 
14.794065 -0.824419 -2.009300 32.657388 -0.199448 0.595473 -1.540525 
14.794088 -0.824390 -2.009238 32.657449 -0.199424 0.595457 -1.540506 
14.794101 -0.824406 -2.009229 32.657500 -0.199440 0.595537 -1.540518 
14.794065 -0.824425 -2.009215 32.657504 -0.199419 0.595538 -1.540530 
14.794046 -0.824441 -2.009149 32.657554 -0.199452 0.595526 -1.540494 
14.794083 -0.824485 -2.009068 32.657554 -0.199457 0.595520 -1.540503 
14.794079 -0.824483 -2.009016 32.657525 -0.199434 0.595560 -1.540438 
14.794096 -0.824528 -2.008969 32.657547 -0.199409 0.595567 -1.540372 
14.794094 -0.824527 -2.008878 32.657548 -0.199409 0.595590 -1.540336 
14.794101 -0.824551 -2.008797 32.657567 -0.199401 0.595602 -1.540289 
14.794103 -0.824575 -2.008714 32.657584 -0.199377 0.595617 -1.540252 
14.794135 -0.824589 -2.008692 32.657606 -0.199439 0.595603 -1.540191 
14.794114 -0.824624 -2.008657 32.657565 -0.199500 0.595628 -1.540158 
14.794176 -0.824606 -2.008632 32.657569 -0.199530 0.595691 -1.540139 
14.794201 -0.824578 -2.008588 32.657525 -0.199542 0.595643 -1.540092 
14.794154 -0.824539 -2.008571 32.657558 -0.199570 0.595655 -1.540029 
14.794154 -0.824538 -2.008510 32.657590 -0.199627 0.595629 -1.540066 
14.794153 -0.824561 -2.008541 32.657571 -0.199541 0.595660 -1.540019 
14.794172 -0.824623 -2.008514 32.657585 -0.199545 0.595654 -1.539949 
14.794162 -0.824657 -2.008445 32.657566 -0.199525 0.595678 -1.539898 
14.794174 -0.824680 -2.008380 32.657576 -0.199491 0.595685 -1.539837 
14.794162 -0.824709 -2.008338 32.657555 -0.199489 0.595709 -1.539758 
14.794186 -0.824722 -2.008285 32.657583 -0.199452 0.595705 -1.539692 
14.794176 -0.824758 -2.008203 32.657598 -0.199491 0.595700 -1.539684 
14.794124 -0.824805 -2.008152 32.657597 -0.199479 0.595652 -1.539670 
14.794108 -0.824863 -2.008093 32.657631 -0.199488 0.595692 -1.539664 
14.794137 -0.824907 -2.008016 32.657605 -0.199509 0.595684 -1.539653 
14.794106 -0.824883 -2.007927 32.657609 -0.199524 0.595697 -1.539637 
14.794098 -0.824907 -2.007875 32.657640 -0.199581 0.595681 -1.539591 
14.794121 -0.824910 -2.007817 32.657696 -0.199572 0.595648 -1.539635 
14.794082 -0.824935 -2.007777 32.657675 -0.199629 0.595655 -1.539684 
14.794092 -0.824927 -2.007815 32.657689 -0.199550 0.595619 -1.539629 
14.794110 -0.824942 -2.007750 32.657703 -0.199512 0.595635 -1.539571 
14.794142 -0.824911 -2.007692 32.657686 -0.199504 0.595595 -1.539519 
14.794127 -0.824889 -2.007643 32.657738 -0.199478 0.595603 -1.539460 
14.794173 -0.824937 -2.007605 32.657760 -0.199458 0.595590 -1.539405 
14.794205 -0.824942 -2.007546 32.657754 -0.199389 0.595603 -1.539382 
14.794169 -0.824945 -2.007572 32.657774 -0.199471 0.595580 -1.539435 
14.794139 -0.824979 -2.007525 32.657748 -0.199524 0.595599 -1.539391 
14.794103 -0.825014 -2.007496 32.657765 -0.199539 0.595531 -1.539352 
14.794142 -0.825010 -2.007459 32.657802 -0.199605 0.595537 -1.539317 
14.794112 -0.825077 -2.007460 32.657851 -0.199604 0.595584 -1.539314 
14.794146 -0.825155 -2.007455 32.657809 -0.199630 0.595573 -1.539328 
14.794095 -0.825072 -2.007489 32.657853 -0.199637 0.595578 -1.539327 
14.794091 -0.825068 -2.007380 32.657856 -0.199564 0.595610 -1.539286 
14.794094 -0.825069 -2.007387 32.657848 -0.199529 0.595634 -1.539196 
14.794115 -0.825068 -2.007337 32.657900 -0.199465 0.595626 -1.539181 
14.794152 -0.825044 -2.007327 32.657888 -0.199450 0.595711 -1.539198 
14.794091 -0.825064 -2.007356 32.657890 -0.199430 0.595626 -1.539196 
14.794127 -0.825130 -2.007277 32.657857 -0.199468 0.595614 -1.539159 
14.794089 -0.825121 -2.007214 32.657876 -0.199507 0.595615 -1.539108 
14.794087 -0.825182 -2.007197 32.657925 -0.199540 0.595627 -1.539061 
14.794115 -0.825175 -2.007148 32.657928 -0.199572 0.595590 -1.538995 
14.794113 -0.825190 -2.007080 32.657958 -0.199617 0.595567 -1.539035 
14.794141 -0.825166 -2.007138 32.657925 -0.199581 0.595630 -1.538997 
14.794114 -0.825178 -2.007085 32.657914 -0.199574 0.595669 -1.538929 
14.794131 -0.825232 -2.007037 32.657879 -0.199557 0.595690 -1.538879 
14.794100 -0.825246 -2.007027 32.657836 -0.199617 0.595719 -1.538830 
14.794097 -0.825246 -2.006977 32.657865 -0.199591 0.595752 -1.538760 
14.794135 -0.825249 -2.006935 32.657890 -0.199584 0.595801 -1.538699 
14.794117 -0.825212 -2.006869 32.657863 -0.199544 0.595811 -1.538660 
14.794070 -0.825256 -2.006848 32.657890 -0.199512 0.595870 -1.538650 
14.794072 -0.825249 -2.006884 32.657876 -0.199490 0.595880 -1.538631 
14.794068 -0.825284 -2.006800 32.657931 -0.199533 0.595818 -1.538604 
14.794042 -0.825227 -2.006782 32.657994 -0.199571 0.595823 -1.538588 
14.794057 -0.825220 -2.006781 32.658020 -0.199537 0.595812 -1.538604 
14.794057 -0.825257 -2.006706 32.657994 -0.199623 0.595816 -1.538569 
14.794006 -0.825280 -2.006650 32.657984 -0.199656 0.595766 -1.538573 
14.794023 -0.825339 -2.006671 32.658027 -0.199717 0.595759 -1.538581 
14.793983 -0.825301 -2.006641 32.657997 -0.199639 0.595796 -1.538567 
14.793981 -0.825306 -2.006589 32.657989 -0.199631 0.595811 -1.538483 
14.793977 -0.825297 -2.006514 32.657965 -0.199646 0.595869 -1.538488 
14.794008 -0.825304 -2.006454 32.658012 -0.199594 0.595847 -1.538498 
14.794023 -0.825336 -2.006454 32.657980 -0.199580 0.595843 -1.538503 
14.793982 -0.825346 -2.006391 32.657974 -0.199537 0.595856 -1.538457 
14.794001 -0.825404 -2.006351 32.658013 -0.199575 0.595876 -1.538421 
14.794045 -0.825434 -2.006326 32.658046 -0.199574 0.595932 -1.538373 
14.794065 -0.825459 -2.006261 32.658051 -0.199625 0.595902 -1.538339 
14.794067 -0.825507 -2.006193 32.658073 -0.199672 0.595890 -1.538322 
14.794083 -0.825498 -2.006133 32.658055 -0.199679 0.595864 -1.538252 
14.794170 -0.825494 -2.006119 32.658069 -0.199716 0.595882 -1.538236 
14.794177 -0.825496 -2.006098 32.658033 -0.199712 0.595893 -1.538259 
14.794206 -0.825563 -2.006121 32.658005 -0.199696 0.595838 -1.538247 
14.794165 -0.825506 -2.006117 32.658011 -0.199737 0.595914 -1.538240 
14.794166 -0.825466 -2.006070 32.658019 -0.199776 0.595832 -1.538264 
14.794165 -0.825529 -2.006074 32.658052 -0.199726 0.595901 -1.538267 
14.794164 -0.825554 -2.006013 32.658062 -0.199688 0.595935 -1.538211 
14.794165 -0.825586 -2.005955 32.658078 -0.199651 0.595975 -1.538163 
14.794160 -0.825644 -2.005902 32.658114 -0.199637 0.596021 -1.538152 
14.794145 -0.825655 -2.005820 32.658116 -0.199649 0.596008 -1.538100 
14.794150 -0.825652 -2.005730 32.658115 -0.199616 0.596024 -1.538079 
14.794128 -0.825674 -2.005698 32.658078 -0.199640 0.596075 -1.538021 
14.794149 -0.825744 -2.005675 32.658047 -0.199617 0.596043 -1.537980 
14.794173 -0.825768 -2.005640 32.658080 -0.199621 0.596047 -1.537899 
14.794125 -0.825799 -2.005609 32.658100 -0.199592 0.596039 -1.537832 
14.794143 -0.825844 -2.005544 32.658108 -0.199622 0.596039 -1.537782 
14.794157 -0.825899 -2.005480 32.658126 -0.199655 0.596044 -1.537745 
14.794168 -0.825951 -2.005416 32.658141 -0.199682 0.596046 -1.537699 
14.794178 -0.826002 -2.005352 32.658156 -0.199709 0.596048 -1.537653 
14.794116 -0.826041 -2.005334 32.658190 -0.199675 0.596049 -1.537609 
14.794085 -0.826006 -2.005309 32.658167 -0.199701 0.595985 -1.537566 
14.794096 -0.825994 -2.005282 32.658183 -0.199675 0.595968 -1.537583 
14.794091 -0.825969 -2.005237 32.658130 -0.199641 0.596020 -1.537559 
14.794092 -0.825998 -2.005239 32.658100 -0.199626 0.596001 -1.537570 
14.794144 -0.825968 -2.005258 32.658139 -0.199602 0.596009 -1.537489 
14.794109 -0.825992 -2.005207 32.658134 -0.199665 0.596024 -1.537550 
14.794107 -0.826021 -2.005121 32.658155 -0.199677 0.596040 -1.537519 
14.794143 -0.826025 -2.005035 32.658154 -0.199708 0.596054 -1.537504 
14.794121 -0.826001 -2.004957 32.658177 -0.199718 0.596096 -1.537485 
14.794151 -0.826043 -2.004918 32.658207 -0.199706 0.596163 -1.537501 
14.794136 -0.826069 -2.004871 32.658195 -0.199757 0.596194 -1.537445 
14.794129 -0.826089 -2.004796 32.658223 -0.199801 0.596197 -1.537408 
14.794112 -0.826113 -2.004710 32.658200 -0.199812 0.596208 -1.537378 
14.794103 -0.826124 -2.004630 32.658190 -0.199858 0.596232 -1.537353 
14.794098 -0.826149 -2.004570 32.658247 -0.199844 0.596189 -1.537331 
14.794125 -0.826144 -2.004535 32.658250 -0.199817 0.596200 -1.537246 
14.794079 -0.826174 -2.004498 32.658269 -0.199797 0.596221 -1.537180 
14.794094 -0.826238 -2.004460 32.658262 -0.199797 0.596209 -1.537116 
14.794103 -0.826264 -2.004390 32.658277 -0.199755 0.596238 -1.537078 
14.794087 -0.826269 -2.004323 32.658272 -0.199733 0.596224 -1.537011 
14.794092 -0.826287 -2.004271 32.658312 -0.199735 0.596242 -1.536939 
14.794091 -0.826316 -2.004241 32.658340 -0.199684 0.596237 -1.536870 
14.794086 -0.826325 -2.004197 32.658301 -0.199703 0.596295 -1.536817 
14.794052 -0.826365 -2.004119 32.658322 -0.199730 0.596293 -1.536816 
14.794075 -0.826382 -2.004030 32.658334 -0.199755 0.596282 -1.536800 
14.794051 -0.826368 -2.003942 32.658367 -0.199766 0.596297 -1.536787 
14.794037 -0.826403 -2.003898 32.658371 -0.199823 0.596263 -1.536740 
14.794052 -0.826469 -2.003845 32.658397 -0.199861 0.596279 -1.536725 
14.794032 -0.826502 -2.003776 32.658351 -0.199856 0.596241 -1.536716 
14.794065 -0.826481 -2.003733 32.658327 -0.199894 0.596254 -1.536650 
14.794088 -0.826489 -2.003709 32.658377 -0.199863 0.596203 -1.536597 
14.794110 -0.826477 -2.003660 32.658408 -0.199914 0.596145 -1.536595 
14.794057 -0.826469 -2.003687 32.658396 -0.199858 0.596220 -1.536595 
14.794009 -0.826502 -2.003678 32.658406 -0.199853 0.596231 -1.536516 
14.794029 -0.826516 -2.003619 32.658417 -0.199798 0.596270 -1.536483 
14.794020 -0.826475 -2.003586 32.658398 -0.199735 0.596266 -1.536430 
14.794051 -0.826494 -2.003634 32.658429 -0.199814 0.596292 -1.536462 
14.794025 -0.826561 -2.003607 32.658490 -0.199760 0.596303 -1.536478 
14.794014 -0.826594 -2.003550 32.658462 -0.199783 0.596368 -1.536471 
14.794058 -0.826654 -2.003582 32.658419 -0.199755 0.596383 -1.536448 
14.794018 -0.826609 -2.003536 32.658471 -0.199804 0.596342 -1.536442 
14.794080 -0.826621 -2.003462 32.658485 -0.199817 0.596330 -1.536453 
14.794079 -0.826665 -2.003393 32.658503 -0.199858 0.596328 -1.536416 
14.794066 -0.826674 -2.003312 32.658514 -0.199889 0.596372 -1.536426 
14.794067 -0.826708 -2.003239 32.658568 -0.199905 0.596386 -1.536415 
14.794085 -0.826761 -2.003168 32.658566 -0.199927 0.596419 -1.536397 
14.794101 -0.826814 -2.003102 32.658607 -0.199940 0.596430 -1.536375 
14.794106 -0.826825 -2.003037 32.658630 -0.199932 0.596493 -1.536408 
14.794093 -0.826872 -2.002963 32.658630 -0.199953 0.596500 -1.536449 
14.794081 -0.826850 -2.002896 32.658615 -0.199901 0.596507 -1.536405 
14.794091 -0.826827 -2.002823 32.658617 -0.199884 0.596544 -1.536356 
14.794092 -0.826869 -2.002786 32.658652 -0.199837 0.596517 -1.536304 
14.794066 -0.826878 -2.002707 32.658613 -0.199830 0.596486 -1.536281 
14.794034 -0.826844 -2.002652 32.658663 -0.199794 0.596475 -1.536311 
14.793992 -0.826851 -2.002661 32.658669 -0.199801 0.596493 -1.536297 
14.793989 -0.826885 -2.002628 32.658630 -0.199735 0.596536 -1.536288 
14.793985 -0.826821 -2.002679 32.658655 -0.199779 0.596479 -1.536279 
14.794002 -0.826868 -2.002603 32.658699 -0.199854 0.596485 -1.536248 
14.793987 -0.826924 -2.002564 32.658720 -0.199893 0.596430 -1.536236 
14.793981 -0.826905 -2.002504 32.658702 -0.199966 0.596446 -1.536240 
14.793983 -0.826887 -2.002530 32.658729 -0.199991 0.596436 -1.536250 
14.794003 -0.826954 -2.002455 32.658725 -0.199944 0.596482 -1.536192 
14.794002 -0.826953 -2.002412 32.658715 -0.199918 0.596464 -1.536108 
14.793955 -0.827003 -2.002377 32.658714 -0.199898 0.596495 -1.536056 
14.793964 -0.827030 -2.002298 32.658725 -0.199850 0.596493 -1.536034 
14.793999 -0.827091 -2.002266 32.658692 -0.199840 0.596501 -1.535980 
14.794014 -0.827068 -2.002237 32.658683 -0.199800 0.596570 -1.535936 
14.794011 -0.827057 -2.002208 32.658675 -0.199837 0.596578 -1.535938 
14.794010 -0.827085 -2.002156 32.658725 -0.199875 0.596568 -1.535888 
14.793988 -0.827112 -2.002082 32.658726 -0.199902 0.596546 -1.535841 
14.793993 -0.827175 -2.002031 32.658758 -0.199929 0.596582 -1.535858 
14.794061 -0.827169 -2.001976 32.658780 -0.199952 0.596553 -1.535840 
14.794066 -0.827194 -2.001970 32.658790 -0.200021 0.596565 -1.535773 
14.794072 -0.827178 -2.001957 32.658787 -0.200000 0.596600 -1.535754 
14.794043 -0.827135 -2.001899 32.658845 -0.199991 0.596621 -1.535742 
14.794052 -0.827174 -2.001879 32.658877 -0.199924 0.596617 -1.535691 
14.794060 -0.827178 -2.001799 32.658852 -0.199890 0.596649 -1.535665 
14.794109 -0.827172 -2.001776 32.658895 -0.199858 0.596711 -1.535649 
14.794087 -0.827149 -2.001796 32.658848 -0.199889 0.596622 -1.535650 
14.794029 -0.827119 -2.001798 32.658828 -0.199850 0.596631 -1.535590 
14.794089 -0.827162 -2.001794 32.658853 -0.199924 0.596627 -1.535617 
14.794079 -0.827204 -2.001723 32.658882 -0.199940 0.596582 -1.535605 
14.794111 -0.827277 -2.001699 32.658840 -0.199940 0.596561 -1.535577 
14.794110 -0.827281 -2.001623 32.658817 -0.200001 0.596562 -1.535579 
14.794110 -0.827335 -2.001609 32.658867 -0.200038 0.596513 -1.535553 
14.794075 -0.827277 -2.001633 32.658794 -0.200005 0.596538 -1.535572 
14.794091 -0.827276 -2.001575 32.658823 -0.199957 0.596592 -1.535512 
14.794121 -0.827247 -2.001517 32.658816 -0.199901 0.596554 -1.535497 
14.794081 -0.827290 -2.001468 32.658818 -0.199850 0.596586 -1.535520 
14.794102 -0.827319 -2.001474 32.658787 -0.199846 0.596588 -1.535507 
14.794116 -0.827305 -2.001439 32.658772 -0.199829 0.596634 -1.535432 
14.794167 -0.827287 -2.001385 32.658745 -0.199783 0.596600 -1.535437 
14.794115 -0.827324 -2.001410 32.658780 -0.199861 0.596619 -1.535425 
14.794119 -0.827373 -2.001413 32.658836 -0.199843 0.596580 -1.535373 
14.794054 -0.827373 -2.001400 32.658792 -0.199851 0.596531 -1.535337 
14.794033 -0.827397 -2.001380 32.658793 -0.199830 0.596548 -1.535353 
14.794034 -0.827448 -2.001333 32.658798 -0.199894 0.596544 -1.535321 
14.794014 -0.827491 -2.001323 32.658802 -0.199935 0.596577 -1.535250 
14.793981 -0.827463 -2.001267 32.658860 -0.199969 0.596572 -1.535230 
14.793955 -0.827514 -2.001242 32.658890 -0.200035 0.596547 -1.535216 
14.793995 -0.827477 -2.001262 32.658878 -0.199941 0.596549 -1.535209 
14.794028 -0.827460 -2.001188 32.658844 -0.199931 0.596562 -1.535167 
14.794093 -0.827471 -2.001178 32.658892 -0.199939 0.596617 -1.535176 
14.794072 -0.827494 -2.001159 32.658893 -0.199916 0.596635 -1.535193 
14.794060 -0.827473 -2.001120 32.658906 -0.199874 0.596674 -1.535126 
14.794086 -0.827440 -2.001043 32.658916 -0.199841 0.596650 -1.535150 
14.794102 -0.827428 -2.001064 32.658893 -0.199810 0.596660 -1.535159 
14.794091 -0.827503 -2.000988 32.658912 -0.199874 0.596645 -1.535108 
14.794068 -0.827511 -2.000928 32.658897 -0.199938 0.596682 -1.535097 
14.794049 -0.827561 -2.000873 32.658932 -0.199976 0.596680 -1.535060 
14.794067 -0.827617 -2.000818 32.658894 -0.199998 0.596699 -1.535023 
14.794057 -0.827632 -2.000729 32.658907 -0.200032 0.596709 -1.535008 
14.794089 -0.827649 -2.000672 32.658839 -0.200037 0.596738 -1.534999 
14.794068 -0.827658 -2.000629 32.658832 -0.200047 0.596795 -1.534934 
14.794082 -0.827686 -2.000557 32.658833 -0.200025 0.596801 -1.534876 
14.794095 -0.827714 -2.000485 32.658835 -0.200003 0.596807 -1.534819 
14.794079 -0.827751 -2.000420 32.658831 -0.199991 0.596851 -1.534773 
14.794108 -0.827760 -2.000368 32.658838 -0.200011 0.596884 -1.534704 
14.794082 -0.827762 -2.000315 32.658807 -0.200024 0.596876 -1.534631 
14.794083 -0.827703 -2.000254 32.658811 -0.199990 0.596909 -1.534610 
14.794104 -0.827705 -2.000261 32.658770 -0.199978 0.596921 -1.534611 
14.794070 -0.827733 -2.000268 32.658851 -0.199962 0.596918 -1.534530 
14.794072 -0.827778 -2.000194 32.658873 -0.200002 0.596911 -1.534512 
14.794060 -0.827818 -2.000129 32.658893 -0.200057 0.596923 -1.534490 
14.794089 -0.827872 -2.000056 32.658893 -0.200070 0.596903 -1.534469 
14.794075 -0.827918 -2.000004 32.658912 -0.200113 0.596927 -1.534422 
14.794100 -0.827979 -1.999949 32.658913 -0.200113 0.596922 -1.534370 
14.794123 -0.827985 -1.999905 32.658950 -0.200158 0.596882 -1.534320 
14.794064 -0.828038 -1.999851 32.658960 -0.200135 0.596868 -1.534320 
14.794093 -0.828085 -1.999825 32.659021 -0.200125 0.596911 -1.534345 
14.794097 -0.828103 -1.999743 32.658994 -0.200129 0.596956 -1.534336 
14.794100 -0.828172 -1.999693 32.658962 -0.200161 0.596982 -1.534338 
14.794084 -0.828168 -1.999656 32.658979 -0.200120 0.597031 -1.534275 
14.794098 -0.828162 -1.999591 32.658984 -0.200054 0.597045 -1.534243 
14.794056 -0.828132 -1.999537 32.659016 -0.200056 0.597098 -1.534223 
14.794058 -0.828180 -1.999542 32.659073 -0.200017 0.597133 -1.534182 
14.794069 -0.828179 -1.999527 32.659087 -0.200042 0.597108 -1.534155 
14.794056 -0.828195 -1.999495 32.659036 -0.200054 0.597114 -1.534079 
14.794128 -0.828158 -1.999500 32.659032 -0.200073 0.597163 -1.534053 
14.794043 -0.828165 -1.999520 32.659041 -0.200038 0.597103 -1.534059 
14.794063 -0.828212 -1.999406 32.659045 -0.200066 0.597092 -1.534048 
14.794049 -0.828242 -1.999341 32.659059 -0.200121 0.597086 -1.534009 
14.794075 -0.828292 -1.999285 32.659051 -0.200142 0.597046 -1.533970 
14.794053 -0.828316 -1.999202 32.659058 -0.200138 0.597080 -1.533942 
14.794030 -0.828316 -1.999110 32.659039 -0.200156 0.597093 -1.533929 
14.794030 -0.828343 -1.999047 32.659109 -0.200154 0.597107 -1.533915 
14.793998 -0.828326 -1.999024 32.659127 -0.200133 0.597100 -1.533829 
14.793955 -0.828386 -1.998987 32.659140 -0.200134 0.597128 -1.533782 
14.793942 -0.828408 -1.998940 32.659138 -0.200054 0.597106 -1.533781 
14.793986 -0.828415 -1.998894 32.659141 -0.200034 0.597157 -1.533727 
14.793931 -0.828380 -1.998873 32.659169 -0.200009 0.597219 -1.533732 
14.793979 -0.828401 -1.998859 32.659118 -0.200055 0.597149 -1.533732 
14.793984 -0.828429 -1.998796 32.659130 -0.200080 0.597101 -1.533686 
14.793975 -0.828459 -1.998756 32.659081 -0.200091 0.597069 -1.533624 
14.793997 -0.828524 -1.998690 32.659078 -0.200117 0.597061 -1.533638 
14.794038 -0.828505 -1.998628 32.659081 -0.200121 0.597005 -1.533606 
14.794051 -0.828505 -1.998622 32.659093 -0.200209 0.597012 -1.533562 
14.794037 -0.828497 -1.998605 32.659091 -0.200107 0.597041 -1.533588 
14.793975 -0.828503 -1.998539 32.659118 -0.200084 0.597031 -1.533569 
14.793996 -0.828555 -1.998536 32.659159 -0.200038 0.597026 -1.533514 
14.794001 -0.828563 -1.998459 32.659131 -0.199994 0.597046 -1.533485 
14.794024 -0.828551 -1.998402 32.659199 -0.199973 0.597061 -1.533513 
14.794032 -0.828513 -1.998405 32.659202 -0.199963 0.597040 -1.533493 
14.793964 -0.828571 -1.998390 32.659209 -0.199935 0.597119 -1.533485 
14.794030 -0.828549 -1.998392 32.659207 -0.200011 0.597076 -1.533487 
14.794034 -0.828591 -1.998337 32.659210 -0.200065 0.597042 -1.533454 
14.794097 -0.828623 -1.998304 32.659198 -0.200109 0.597065 -1.533418 
14.794078 -0.828594 -1.998248 32.659164 -0.200171 0.597078 -1.533441 
14.794096 -0.828591 -1.998268 32.659176 -0.200195 0.597059 -1.533465 
14.794040 -0.828628 -1.998213 32.659188 -0.200189 0.597105 -1.533373 
14.794056 -0.828577 -1.998184 32.659186 -0.200181 0.597068 -1.533304 
14.794059 -0.828621 -1.998103 32.659179 -0.200148 0.597058 -1.533284 
14.794039 -0.828664 -1.998100 32.659108 -0.200151 0.597038 -1.533237 
14.794047 -0.828675 -1.998038 32.659100 -0.200124 0.597089 -1.533186 
14.793998 -0.828680 -1.997971 32.659105 -0.200085 0.597100 -1.533148 
14.794010 -0.828714 -1.997898 32.659118 -0.200085 0.597113 -1.533094 
14.794022 -0.828724 -1.997807 32.659099 -0.200077 0.597130 -1.533063 
14.794042 -0.828752 -1.997739 32.659100 -0.200039 0.597144 -1.533013 
14.794027 -0.828714 -1.997702 32.659099 -0.200083 0.597165 -1.532945 
14.793995 -0.828750 -1.997651 32.659097 -0.200123 0.597223 -1.532934 
14.793962 -0.828778 -1.997589 32.659081 -0.200165 0.597184 -1.532905 
14.793949 -0.828771 -1.997509 32.659127 -0.200199 0.597178 -1.532902 
14.793988 -0.828799 -1.997460 32.659107 -0.200263 0.597180 -1.532873 
14.793934 -0.828795 -1.997389 32.659073 -0.200274 0.597184 -1.532846 
14.793890 -0.828838 -1.997377 32.659113 -0.200295 0.597179 -1.532783 
14.793839 -0.828821 -1.997388 32.659112 -0.200376 0.597170 -1.532804 
14.793881 -0.828874 -1.997371 32.659112 -0.200293 0.597196 -1.532812 
14.793909 -0.828867 -1.997320 32.659115 -0.200248 0.597128 -1.532756 
14.793933 -0.828867 -1.997266 32.659134 -0.200208 0.597175 -1.532706 
14.793941 -0.828900 -1.997266 32.659079 -0.200169 0.597191 -1.532642 
14.793889 -0.828879 -1.997262 32.659108 -0.200092 0.597192 -1.532637 
14.793966 -0.828913 -1.997296 32.659104 -0.200156 0.597189 -1.532639 
14.793984 -0.828911 -1.997188 32.659097 -0.200186 0.597196 -1.532605 
14.793982 -0.828906 -1.997111 32.659132 -0.200147 0.597203 -1.532567 
14.794008 -0.828940 -1.997050 32.659108 -0.200148 0.597182 -1.532509 
14.794013 -0.828962 -1.996981 32.659100 -0.200119 0.597166 -1.532449 
14.794081 -0.828990 -1.996950 32.659150 -0.200129 0.597153 -1.532420 
14.794147 -0.828973 -1.996902 32.659102 -0.200104 0.597156 -1.532434 
14.794140 -0.829011 -1.996891 32.659102 -0.200097 0.597168 -1.532460 
14.794145 -0.829049 -1.996846 32.659093 -0.200136 0.597214 -1.532408 
14.794138 -0.829086 -1.996776 32.659088 -0.200188 0.597198 -1.532381 
14.794144 -0.829144 -1.996724 32.659074 -0.200225 0.597193 -1.532332 
14.794126 -0.829138 -1.996640 32.659111 -0.200243 0.597222 -1.532322 
14.794146 -0.829144 -1.996606 32.659121 -0.200328 0.597251 -1.532340 
14.794153 -0.829127 -1.996619 32.659081 -0.200230 0.597225 -1.532332 
14.794078 -0.829116 -1.996591 32.659024 -0.200233 0.597239 -1.532323 
14.794085 -0.829083 -1.996596 32.659023 -0.200245 0.597233 -1.532289 
14.794075 -0.829081 -1.996525 32.659039 -0.200226 0.597170 -1.532272 
14.794077 -0.829096 -1.996471 32.659051 -0.200182 0.597204 -1.532213 
14.794059 -0.829047 -1.996416 32.659087 -0.200132 0.597229 -1.532211 
14.794071 -0.829094 -1.996496 32.659042 -0.200143 0.597188 -1.532206 
14.794096 -0.829141 -1.996412 32.659033 -0.200215 0.597205 -1.532161 
14.794093 -0.829141 -1.996361 32.659030 -0.200251 0.597128 -1.532173 
14.794045 -0.829145 -1.996364 32.659027 -0.200261 0.597131 -1.532164 
14.794052 -0.829182 -1.996373 32.659109 -0.200280 0.597120 -1.532129 
14.794044 -0.829217 -1.996361 32.659112 -0.200265 0.597125 -1.532158 
14.794054 -0.829266 -1.996309 32.659083 -0.200314 0.597161 -1.532143 
14.794053 -0.829313 -1.996298 32.659048 -0.200267 0.597128 -1.532087 
14.794039 -0.829286 -1.996223 32.659074 -0.200223 0.597149 -1.532066 
14.794022 -0.829283 -1.996145 32.659087 -0.200174 0.597158 -1.532036 
14.794015 -0.829324 -1.996112 32.659060 -0.200120 0.597132 -1.531981 
14.794017 -0.829346 -1.996029 32.659052 -0.200135 0.597174 -1.531955 
14.793998 -0.829396 -1.995961 32.659063 -0.200109 0.597197 -1.531989 
14.793999 -0.829405 -1.995898 32.659109 -0.200116 0.597215 -1.531930 
14.794006 -0.829447 -1.995838 32.659110 -0.200128 0.597230 -1.531866 
14.794007 -0.829460 -1.995764 32.659106 -0.200120 0.597246 -1.531802 
14.794008 -0.829513 -1.995719 32.659135 -0.200112 0.597241 -1.531737 
14.794011 -0.829563 -1.995652 32.659158 -0.200127 0.597265 -1.531696 
14.794013 -0.829610 -1.995584 32.659182 -0.200139 0.597287 -1.531652 
14.794013 -0.829657 -1.995522 32.659207 -0.200137 0.597296 -1.531595 
14.794015 -0.829694 -1.995446 32.659223 -0.200160 0.597334 -1.531570 
14.794017 -0.829717 -1.995369 32.659223 -0.200165 0.597358 -1.531515 
14.794019 -0.829730 -1.995292 32.659213 -0.200169 0.597383 -1.531459 
14.794020 -0.829766 -1.995216 32.659227 -0.200184 0.597414 -1.531420 
14.794022 -0.829789 -1.995140 32.659227 -0.200188 0.597437 -1.531364 
14.794023 -0.829829 -1.995065 32.659247 -0.200203 0.597467 -1.531328 
14.794024 -0.829863 -1.994989 32.659258 -0.200212 0.597493 -1.531281 
14.794026 -0.829888 -1.994914 32.659260 -0.200216 0.597515 -1.531225 
14.794028 -0.829908 -1.994839 32.659258 -0.200217 0.597536 -1.531165 
14.794028 -0.829956 -1.994769 32.659287 -0.200239 0.597569 -1.531145 
14.794029 -0.829993 -1.994694 32.659303 -0.200250 0.597596 -1.531102 
14.794029 -0.830045 -1.994628 32.659338 -0.200272 0.597627 -1.531085 
14.794030 -0.830086 -1.994554 32.659358 -0.200286 0.597656 -1.531048 
14.794032 -0.830105 -1.994477 32.659353 -0.200291 0.597681 -1.530992 
14.794033 -0.830150 -1.994405 32.659378 -0.200306 0.597709 -1.530958 
14.794033 -0.830195 -1.994333 32.659403 -0.200320 0.597737 -1.530924 
14.794036 -0.830205 -1.994258 32.659391 -0.200322 0.597759 -1.530864 
14.794037 -0.830235 -1.994182 32.659397 -0.200329 0.597784 -1.530814 
14.794038 -0.830280 -1.994110 32.659423 -0.200344 0.597812 -1.530780 
14.794039 -0.830310 -1.994034 32.659430 -0.200351 0.597838 -1.530730 
14.794042 -0.830319 -1.993960 32.659417 -0.200351 0.597858 -1.530667 
14.794042 -0.830363 -1.993887 32.659440 -0.200365 0.597886 -1.530631 
14.794044 -0.830389 -1.993811 32.659443 -0.200369 0.597909 -1.530576 
14.794045 -0.830416 -1.993735 32.659448 -0.200374 0.597932 -1.530522 
14.794047 -0.830444 -1.993659 32.659453 -0.200380 0.597956 -1.530469 
14.794046 -0.830498 -1.993596 32.659491 -0.200401 0.597986 -1.530453 
14.794047 -0.830537 -1.993521 32.659509 -0.200412 0.598012 -1.530411 
14.794049 -0.830555 -1.993446 32.659505 -0.200414 0.598033 -1.530352 
14.794051 -0.830582 -1.993370 32.659509 -0.200419 0.598057 -1.530298 
14.794051 -0.830635 -1.993304 32.659544 -0.200438 0.598086 -1.530275 
14.794052 -0.830671 -1.993229 32.659559 -0.200447 0.598111 -1.530230 
14.794056 -0.830637 -1.993189 32.659509 -0.200428 0.598112 -1.530164 
14.794072 -0.830695 -1.993223 32.659511 -0.200432 0.598077 -1.530101 
14.794069 -0.830694 -1.993203 32.659506 -0.200451 0.598036 -1.530112 
14.794075 -0.830745 -1.993195 32.659429 -0.200461 0.598057 -1.530141 
14.794022 -0.830696 -1.993210 32.659502 -0.200461 0.598039 -1.530104 
14.794057 -0.830730 -1.993143 32.659524 -0.200395 0.598002 -1.530097 
14.794073 -0.830750 -1.993073 32.659547 -0.200433 0.597986 -1.530049 
14.794088 -0.830768 -1.993004 32.659564 -0.200460 0.597954 -1.529997 
14.794100 -0.830788 -1.992934 32.659579 -0.200468 0.597911 -1.529948 
14.794119 -0.830833 -1.992908 32.659608 -0.200470 0.597939 -1.529875 
14.794132 -0.830886 -1.992861 32.659663 -0.200506 0.597929 -1.529856 
14.794135 -0.830858 -1.992784 32.659659 -0.200501 0.597971 -1.529818 
14.794177 -0.830821 -1.992724 32.659666 -0.200497 0.597994 -1.529766 
14.794188 -0.830856 -1.992667 32.659600 -0.200507 0.598022 -1.529751 
14.794134 -0.830839 -1.992617 32.659596 -0.200521 0.598043 -1.529690 
14.794120 -0.830854 -1.992558 32.659610 -0.200448 0.598062 -1.529681 
14.794121 -0.830849 -1.992529 32.659629 -0.200460 0.598155 -1.529682 
14.794123 -0.830871 -1.992506 32.659655 -0.200482 0.598141 -1.529691 
14.794112 -0.830828 -1.992428 32.659646 -0.200496 0.598119 -1.529727 
14.794125 -0.830859 -1.992355 32.659665 -0.200508 0.598101 -1.529675 
14.794090 -0.830913 -1.992286 32.659675 -0.200521 0.598088 -1.529652 
14.794067 -0.830928 -1.992223 32.659732 -0.200526 0.598067 -1.529612 
14.794089 -0.830984 -1.992146 32.659742 -0.200529 0.598053 -1.529600 
14.794087 -0.831013 -1.992091 32.659738 -0.200596 0.598039 -1.529560 
14.794070 -0.831017 -1.992031 32.659716 -0.200545 0.598072 -1.529515 
14.794055 -0.831029 -1.991998 32.659685 -0.200494 0.598013 -1.529476 
14.794058 -0.831094 -1.992013 32.659704 -0.200467 0.598048 -1.529419 
14.794029 -0.831112 -1.991935 32.659709 -0.200432 0.598088 -1.529416 
14.794094 -0.831079 -1.991894 32.659725 -0.200409 0.598104 -1.529373 
14.794121 -0.831101 -1.991890 32.659695 -0.200408 0.598109 -1.529391 
14.794062 -0.831061 -1.991879 32.659666 -0.200404 0.598150 -1.529321 
14.794093 -0.831065 -1.991914 32.659725 -0.200370 0.598115 -1.529387 
14.794092 -0.831124 -1.991830 32.659742 -0.200457 0.598084 -1.529341 
14.794087 -0.831173 -1.991759 32.659765 -0.200486 0.598068 -1.529310 
14.794083 -0.831177 -1.991710 32.659841 -0.200472 0.598047 -1.529278 
14.794090 -0.831186 -1.991687 32.659888 -0.200530 0.598109 -1.529284 
14.794081 -0.831141 -1.991616 32.659884 -0.200564 0.598075 -1.529310 
14.794101 -0.831158 -1.991593 32.659907 -0.200618 0.598030 -1.529252 
14.794076 -0.831161 -1.991631 32.659901 -0.200574 0.598052 -1.529341 
14.794008 -0.831148 -1.991568 32.659878 -0.200553 0.598103 -1.529274 
14.794038 -0.831168 -1.991490 32.659871 -0.200515 0.598133 -1.529263 
14.794038 -0.831119 -1.991434 32.659894 -0.200482 0.598171 -1.529226 
14.794040 -0.831130 -1.991394 32.659818 -0.200510 0.598212 -1.529215 
14.794031 -0.831128 -1.991377 32.659764 -0.200455 0.598157 -1.529188 
14.794049 -0.831146 -1.991420 32.659817 -0.200496 0.598231 -1.529184 
14.794018 -0.831190 -1.991326 32.659823 -0.200507 0.598243 -1.529233 
14.794039 -0.831217 -1.991278 32.659806 -0.200480 0.598293 -1.529288 
14.794059 -0.831199 -1.991311 32.659831 -0.200518 0.598228 -1.529222 
14.794046 -0.831235 -1.991253 32.659845 -0.200572 0.598215 -1.529179 
14.794064 -0.831281 -1.991176 32.659854 -0.200610 0.598219 -1.529162 
14.793990 -0.831298 -1.991148 32.659861 -0.200654 0.598218 -1.529123 
14.793992 -0.831366 -1.991180 32.659835 -0.200691 0.598183 -1.529155 
14.793995 -0.831297 -1.991162 32.659897 -0.200676 0.598238 -1.529136 
14.793988 -0.831307 -1.991102 32.659918 -0.200603 0.598182 -1.529097 
14.794005 -0.831347 -1.991119 32.659918 -0.200575 0.598228 -1.529027 
14.794025 -0.831331 -1.991130 32.659922 -0.200596 0.598204 -1.529001 
14.794040 -0.831306 -1.991051 32.659925 -0.200577 0.598223 -1.528954 
14.794007 -0.831260 -1.991034 32.659941 -0.200520 0.598224 -1.528898 
14.793972 -0.831276 -1.991024 32.659942 -0.200546 0.598220 -1.528883 
14.793975 -0.831333 -1.990955 32.659944 -0.200556 0.598199 -1.528844 
14.793977 -0.831358 -1.990907 32.660012 -0.200590 0.598226 -1.528821 
14.793973 -0.831389 -1.990840 32.659986 -0.200627 0.598243 -1.528774 
14.793953 -0.831378 -1.990760 32.659995 -0.200652 0.598197 -1.528792 
14.793966 -0.831411 -1.990744 32.660010 -0.200692 0.598151 -1.528725 
14.793949 -0.831388 -1.990737 32.660018 -0.200663 0.598152 -1.528697 
14.793899 -0.831428 -1.990685 32.660028 -0.200618 0.598171 -1.528670 
14.793949 -0.831425 -1.990621 32.660034 -0.200569 0.598189 -1.528645 
14.793918 -0.831407 -1.990555 32.660043 -0.200554 0.598230 -1.528596 
14.793904 -0.831412 -1.990532 32.659965 -0.200512 0.598199 -1.528574 
14.793894 -0.831397 -1.990506 32.659977 -0.200516 0.598170 -1.528596 
14.793885 -0.831415 -1.990485 32.660031 -0.200442 0.598153 -1.528576 
14.793903 -0.831417 -1.990499 32.659983 -0.200540 0.598147 -1.528567 
14.793916 -0.831483 -1.990437 32.659972 -0.200570 0.598163 -1.528582 
14.793965 -0.831486 -1.990370 32.659965 -0.200614 0.598157 -1.528549 
14.793928 -0.831524 -1.990322 32.659960 -0.200676 0.598148 -1.528517 
14.793989 -0.831577 -1.990317 32.659948 -0.200700 0.598100 -1.528538 
14.793921 -0.831529 -1.990309 32.659929 -0.200647 0.598133 -1.528503 
14.793923 -0.831554 -1.990268 32.659991 -0.200597 0.598138 -1.528468 
14.793947 -0.831588 -1.990290 32.659971 -0.200589 0.598200 -1.528409 
14.793945 -0.831601 -1.990268 32.659961 -0.200582 0.598227 -1.528440 
14.793947 -0.831573 -1.990194 32.659969 -0.200549 0.598252 -1.528398 
14.793888 -0.831608 -1.990170 32.659993 -0.200491 0.598267 -1.528372 
14.793940 -0.831599 -1.990171 32.659965 -0.200580 0.598240 -1.528387 
14.793999 -0.831651 -1.990119 32.659967 -0.200576 0.598211 -1.528372 
14.794013 -0.831665 -1.990082 32.660032 -0.200629 0.598244 -1.528361 
14.794013 -0.831683 -1.990013 32.659996 -0.200677 0.598248 -1.528326 
14.793960 -0.831748 -1.989978 32.660022 -0.200656 0.598241 -1.528299 
14.793936 -0.831727 -1.989923 32.660048 -0.200666 0.598181 -1.528338 
14.793962 -0.831730 -1.989986 32.660034 -0.200657 0.598219 -1.528260 
14.793962 -0.831803 -1.989986 32.660042 -0.200707 0.598188 -1.528226 
14.794001 -0.831743 -1.989971 32.660037 -0.200633 0.598210 -1.528259 
14.793993 -0.831728 -1.989907 32.660052 -0.200591 0.598255 -1.528218 
14.793969 -0.831729 -1.989882 32.659984 -0.200533 0.598235 -1.528194 
14.793949 -0.831746 -1.989899 32.660010 -0.200504 0.598230 -1.528198 
14.794012 -0.831678 -1.989827 32.659989 -0.200526 0.598276 -1.528166 
14.794010 -0.831742 -1.989779 32.659991 -0.200563 0.598278 -1.528120 
14.794017 -0.831788 -1.989772 32.659959 -0.200560 0.598351 -1.528158 
14.794010 -0.831745 -1.989747 32.659998 -0.200560 0.598259 -1.528153 
14.793936 -0.831729 -1.989709 32.659997 -0.200607 0.598276 -1.528138 
14.793941 -0.831764 -1.989656 32.659985 -0.200664 0.598254 -1.528094 
14.793912 -0.831808 -1.989614 32.660041 -0.200642 0.598261 -1.528052 
14.793899 -0.831817 -1.989541 32.660079 -0.200646 0.598276 -1.528000 
14.793856 -0.831852 -1.989480 32.660087 -0.200631 0.598263 -1.527947 
14.793816 -0.831891 -1.989419 32.660112 -0.200630 0.598255 -1.527896 
14.793829 -0.831882 -1.989362 32.660172 -0.200656 0.598286 -1.527862 
14.793845 -0.831878 -1.989290 32.660135 -0.200680 0.598279 -1.527812 
14.793792 -0.831836 -1.989227 32.660123 -0.200679 0.598301 -1.527784 
14.793810 -0.831840 -1.989150 32.660137 -0.200647 0.598267 -1.527821 
14.793814 -0.831892 -1.989121 32.660109 -0.200640 0.598340 -1.527842 
14.793830 -0.831886 -1.989126 32.660110 -0.200600 0.598348 -1.527820 
14.793811 -0.831917 -1.989037 32.660113 -0.200673 0.598326 -1.527811 
14.793823 -0.831921 -1.988948 32.660112 -0.200712 0.598321 -1.527790 
14.793773 -0.831941 -1.988871 32.660134 -0.200723 0.598316 -1.527769 
14.793751 -0.831979 -1.988810 32.660089 -0.200732 0.598276 -1.527745 
14.793762 -0.832035 -1.988752 32.660133 -0.200760 0.598259 -1.527725 
14.793735 -0.832036 -1.988757 32.660118 -0.200810 0.598291 -1.527651 
14.793725 -0.832017 -1.988767 32.660129 -0.200834 0.598256 -1.527654 
14.793758 -0.832009 -1.988731 32.660130 -0.200747 0.598277 -1.527589 
14.793768 -0.832008 -1.988663 32.660117 -0.200694 0.598315 -1.527561 
14.793727 -0.832059 -1.988670 32.660127 -0.200626 0.598318 -1.527529 
14.793737 -0.832074 -1.988667 32.660087 -0.200628 0.598294 -1.527523 
14.793817 -0.832090 -1.988662 32.660088 -0.200599 0.598323 -1.527484 
14.793813 -0.832067 -1.988687 32.660063 -0.200582 0.598342 -1.527489 
14.793813 -0.832075 -1.988581 32.660104 -0.200584 0.598284 -1.527448 
14.793792 -0.832116 -1.988524 32.660091 -0.200625 0.598325 -1.527416 
14.793797 -0.832163 -1.988449 32.660092 -0.200615 0.598338 -1.527460 
14.793788 -0.832211 -1.988396 32.660109 -0.200657 0.598328 -1.527409 
14.793766 -0.832233 -1.988324 32.660094 -0.200679 0.598346 -1.527355 
14.793777 -0.832285 -1.988277 32.660086 -0.200708 0.598382 -1.527302 
14.793770 -0.832303 -1.988198 32.660095 -0.200718 0.598363 -1.527249 
14.793763 -0.832319 -1.988107 32.660084 -0.200713 0.598372 -1.527214 
14.793776 -0.832353 -1.988021 32.660093 -0.200712 0.598365 -1.527182 
14.793784 -0.832385 -1.987935 32.660099 -0.200714 0.598362 -1.527143 
14.793755 -0.832377 -1.987867 32.660066 -0.200718 0.598391 -1.527092 
14.793760 -0.832408 -1.987797 32.660035 -0.200708 0.598445 -1.527091 
14.793737 -0.832435 -1.987758 32.659966 -0.200715 0.598396 -1.527090 
14.793760 -0.832412 -1.987747 32.659960 -0.200749 0.598395 -1.527101 
14.793676 -0.832436 -1.987688 32.660000 -0.200715 0.598409 -1.527086 
14.793675 -0.832412 -1.987620 32.660000 -0.200659 0.598414 -1.527046 
14.793650 -0.832443 -1.987570 32.660007 -0.200667 0.598444 -1.526976 
14.793601 -0.832448 -1.987521 32.659992 -0.200661 0.598492 -1.526925 
14.793609 -0.832505 -1.987455 32.660029 -0.200654 0.598491 -1.526894 
14.793588 -0.832518 -1.987416 32.660072 -0.200661 0.598453 -1.526827 
14.793582 -0.832540 -1.987339 32.660105 -0.200630 0.598441 -1.526790 
14.793553 -0.832595 -1.987292 32.660130 -0.200653 0.598458 -1.526742 
14.793514 -0.832626 -1.987237 32.660150 -0.200661 0.598471 -1.526679 
14.793473 -0.832657 -1.987187 32.660168 -0.200674 0.598486 -1.526615 
14.793446 -0.832693 -1.987123 32.660195 -0.200672 0.598492 -1.526561 
14.793387 -0.832692 -1.987106 32.660190 -0.200696 0.598516 -1.526489 
14.793373 -0.832659 -1.987062 32.660217 -0.200663 0.598473 -1.526434 
14.793364 -0.832670 -1.986990 32.660207 -0.200628 0.598517 -1.526396 
14.793293 -0.832662 -1.986951 32.660245 -0.200637 0.598512 -1.526437 
14.793295 -0.832662 -1.986929 32.660212 -0.200658 0.598490 -1.526442 
14.793333 -0.832624 -1.986893 32.660246 -0.200722 0.598509 -1.526433 
14.793340 -0.832666 -1.986887 32.660265 -0.200733 0.598495 -1.526426 
14.793329 -0.832693 -1.986831 32.660268 -0.200788 0.598453 -1.526391 
14.793377 -0.832707 -1.986769 32.660286 -0.200775 0.598413 -1.526430 
14.793380 -0.832761 -1.986740 32.660265 -0.200831 0.598450 -1.526465 
14.793355 -0.832699 -1.986783 32.660303 -0.200793 0.598394 -1.526460 
14.793447 -0.832717 -1.986792 32.660263 -0.200799 0.598375 -1.526387 
14.793392 -0.832690 -1.986765 32.660320 -0.200793 0.598434 -1.526423 
14.793374 -0.832722 -1.986710 32.660351 -0.200753 0.598440 -1.526369 
14.793360 -0.832680 -1.986633 32.660328 -0.200740 0.598450 -1.526333 
14.793375 -0.832692 -1.986591 32.660342 -0.200666 0.598491 -1.526313 
14.793407 -0.832697 -1.986572 32.660348 -0.200665 0.598460 -1.526324 
14.793425 -0.832719 -1.986552 32.660347 -0.200686 0.598429 -1.526238 
14.793392 -0.832731 -1.986499 32.660389 -0.200696 0.598378 -1.526199 
14.793416 -0.832703 -1.986459 32.660440 -0.200732 0.598368 -1.526144 
14.793411 -0.832678 -1.986438 32.660440 -0.200711 0.598298 -1.526084 
14.793409 -0.832721 -1.986368 32.660431 -0.200749 0.598279 -1.526047 
14.793416 -0.832786 -1.986345 32.660473 -0.200770 0.598247 -1.526001 
14.793362 -0.832789 -1.986315 32.660472 -0.200761 0.598293 -1.525938 
14.793309 -0.832779 -1.986330 32.660458 -0.200837 0.598277 -1.525910 
14.793334 -0.832784 -1.986297 32.660496 -0.200756 0.598282 -1.525963 
14.793346 -0.832792 -1.986214 32.660497 -0.200725 0.598304 -1.525925 
14.793341 -0.832780 -1.986186 32.660522 -0.200660 0.598295 -1.525861 
14.793309 -0.832842 -1.986164 32.660466 -0.200622 0.598287 -1.525867 
14.793347 -0.832818 -1.986191 32.660551 -0.200670 0.598294 -1.525853 
14.793356 -0.832838 -1.986146 32.660580 -0.200663 0.598374 -1.525845 
14.793413 -0.832855 -1.986076 32.660593 -0.200675 0.598340 -1.525841 
14.793384 -0.832859 -1.986028 32.660590 -0.200735 0.598329 -1.525786 
14.793364 -0.832871 -1.985952 32.660631 -0.200766 0.598299 -1.525773 
14.793388 -0.832894 -1.985893 32.660637 -0.200808 0.598283 -1.525715 
14.793344 -0.832907 -1.985847 32.660669 -0.200834 0.598339 -1.525685 
14.793348 -0.832930 -1.985825 32.660653 -0.200911 0.598354 -1.525735 
14.793359 -0.832874 -1.985858 32.660695 -0.200852 0.598344 -1.525682 
14.793328 -0.832855 -1.985782 32.660629 -0.200805 0.598342 -1.525667 
14.793271 -0.832860 -1.985752 32.660637 -0.200784 0.598308 -1.525603 
14.793293 -0.832885 -1.985691 32.660673 -0.200725 0.598320 -1.525588 
14.793307 -0.832897 -1.985684 32.660639 -0.200698 0.598367 -1.525514 
14.793245 -0.832885 -1.985675 32.660650 -0.200632 0.598404 -1.525526 
14.793292 -0.832908 -1.985661 32.660646 -0.200729 0.598392 -1.525517 
14.793315 -0.832936 -1.985586 32.660629 -0.200764 0.598361 -1.525493 
14.793343 -0.832888 -1.985558 32.660682 -0.200798 0.598363 -1.525447 
14.793323 -0.832913 -1.985572 32.660703 -0.200801 0.598345 -1.525425 
14.793379 -0.832978 -1.985549 32.660725 -0.200835 0.598361 -1.525418 
14.793373 -0.832988 -1.985535 32.660683 -0.200915 0.598347 -1.525382 
14.793379 -0.832983 -1.985545 32.660710 -0.200815 0.598387 -1.525385 
14.793358 -0.833007 -1.985461 32.660736 -0.200782 0.598395 -1.525370 
14.793406 -0.833019 -1.985431 32.660732 -0.200731 0.598345 -1.525331 
14.793410 -0.833049 -1.985384 32.660779 -0.200692 0.598387 -1.525293 
14.793391 -0.833122 -1.985370 32.660738 -0.200650 0.598394 -1.525317 
14.793443 -0.833041 -1.985366 32.660765 -0.200697 0.598407 -1.525313 
14.793411 -0.832985 -1.985311 32.660750 -0.200650 0.598415 -1.525298 
14.793440 -0.833048 -1.985358 32.660740 -0.200721 0.598415 -1.525279 
14.793453 -0.833091 -1.985304 32.660765 -0.200780 0.598386 -1.525263 
14.793494 -0.833143 -1.985289 32.660779 -0.200826 0.598387 -1.525208 
14.793478 -0.833143 -1.985204 32.660774 -0.200856 0.598372 -1.525170 
14.793521 -0.833154 -1.985123 32.660795 -0.200884 0.598367 -1.525186 
14.793470 -0.833172 -1.985106 32.660813 -0.200945 0.598420 -1.525190 
14.793530 -0.833117 -1.985134 32.660812 -0.200907 0.598361 -1.525177 
14.793517 -0.833190 -1.985101 32.660737 -0.200917 0.598306 -1.525182 
14.793503 -0.833168 -1.985126 32.660830 -0.200881 0.598339 -1.525191 
14.793528 -0.833163 -1.985076 32.660807 -0.200833 0.598397 -1.525123 
14.793494 -0.833123 -1.985016 32.660797 -0.200777 0.598408 -1.525139 
14.793533 -0.833152 -1.984983 32.660814 -0.200722 0.598455 -1.525109 
14.793513 -0.833130 -1.984980 32.660793 -0.200797 0.598390 -1.525143 
14.793485 -0.833143 -1.984952 32.660746 -0.200797 0.598357 -1.525072 
14.793504 -0.833074 -1.984934 32.660778 -0.200819 0.598351 -1.525018 
14.793494 -0.833073 -1.984925 32.660764 -0.200845 0.598389 -1.525017 
14.793438 -0.833107 -1.984895 32.660829 -0.200862 0.598380 -1.525004 
14.793418 -0.833084 -1.984869 32.660821 -0.200840 0.598382 -1.525022 
14.793393 -0.833108 -1.984799 32.660822 -0.200866 0.598343 -1.524981 
14.793369 -0.833132 -1.984729 32.660823 -0.200893 0.598304 -1.524941 
14.793292 -0.833115 -1.984684 32.660815 -0.200890 0.598273 -1.524912 
14.793295 -0.833135 -1.984630 32.660829 -0.200832 0.598307 -1.524869 
14.793293 -0.833147 -1.984545 32.660855 -0.200796 0.598323 -1.524851 
14.793272 -0.833189 -1.984514 32.660896 -0.200772 0.598342 -1.524786 
14.793266 -0.833192 -1.984466 32.660847 -0.200788 0.598404 -1.524749 
14.793240 -0.833267 -1.984452 32.660812 -0.200754 0.598400 -1.524781 
14.793264 -0.833275 -1.984443 32.660795 -0.200758 0.598369 -1.524760 
14.793275 -0.833273 -1.984396 32.660774 -0.200690 0.598358 -1.524709 
14.793304 -0.833288 -1.984454 32.660801 -0.200747 0.598391 -1.524765 
14.793270 -0.833318 -1.984376 32.660817 -0.200811 0.598354 -1.524753 
14.793259 -0.833378 -1.984354 32.660815 -0.200869 0.598342 -1.524705 
14.793278 -0.833383 -1.984286 32.660781 -0.200916 0.598320 -1.524739 
14.793248 -0.833411 -1.984359 32.660811 -0.200849 0.598325 -1.524728 
14.793273 -0.833368 -1.984342 32.660895 -0.200882 0.598290 -1.524686 
14.793267 -0.833378 -1.984331 32.660803 -0.200838 0.598333 -1.524679 
14.793228 -0.833389 -1.984271 32.660836 -0.200817 0.598387 -1.524660 
14.793304 -0.833429 -1.984265 32.660855 -0.200806 0.598433 -1.524652 
14.793293 -0.833440 -1.984218 32.660855 -0.200781 0.598462 -1.524574 
14.793300 -0.833398 -1.984168 32.660870 -0.200717 0.598495 -1.524563 
14.793290 -0.833441 -1.984213 32.660813 -0.200785 0.598485 -1.524586 
14.793310 -0.833456 -1.984140 32.660854 -0.200829 0.598430 -1.524579 
14.793285 -0.833543 -1.984112 32.660851 -0.200805 0.598407 -1.524580 
14.793263 -0.833589 -1.984080 32.660874 -0.200869 0.598431 -1.524546 
14.793298 -0.833619 -1.984066 32.660839 -0.200884 0.598382 -1.524484 
14.793339 -0.833636 -1.984071 32.660849 -0.200882 0.598399 -1.524495 
14.793336 -0.833681 -1.984033 32.660862 -0.200925 0.598360 -1.524549 
14.793342 -0.833631 -1.984071 32.660892 -0.200872 0.598380 -1.524482 
14.793345 -0.833625 -1.983996 32.660892 -0.200827 0.598419 -1.524454 
14.793330 -0.833652 -1.983973 32.660897 -0.200776 0.598473 -1.524400 
14.793358 -0.833593 -1.983929 32.660904 -0.200794 0.598515 -1.524360 
14.793389 -0.833554 -1.983901 32.660880 -0.200717 0.598508 -1.524363 
14.793375 -0.833608 -1.983921 32.660887 -0.200803 0.598489 -1.524331 
14.793363 -0.833650 -1.983840 32.660908 -0.200837 0.598499 -1.524331 
14.793363 -0.833664 -1.983821 32.660988 -0.200854 0.598487 -1.524281 
14.793426 -0.833714 -1.983816 32.660998 -0.200883 0.598538 -1.524280 
14.793404 -0.833730 -1.983820 32.660987 -0.200865 0.598562 -1.524253 
14.793364 -0.833747 -1.983777 32.660975 -0.200923 0.598584 -1.524206 
14.793366 -0.833769 -1.983695 32.660978 -0.200883 0.598595 -1.524172 
14.793343 -0.833839 -1.983638 32.660988 -0.200857 0.598586 -1.524154 
14.793316 -0.833832 -1.983578 32.661026 -0.200835 0.598647 -1.524161 
14.793329 -0.833840 -1.983516 32.661023 -0.200807 0.598660 -1.524091 
14.793299 -0.833871 -1.983455 32.661025 -0.200823 0.598685 -1.524032 
14.793270 -0.833910 -1.983393 32.661030 -0.200830 0.598707 -1.523975 
14.793237 -0.833947 -1.983333 32.661034 -0.200845 0.598731 -1.523918 
14.793209 -0.833984 -1.983271 32.661038 -0.200853 0.598753 -1.523860 
14.793160 -0.834020 -1.983225 32.661041 -0.200894 0.598780 -1.523819 
14.793163 -0.834040 -1.983182 32.661018 -0.200907 0.598775 -1.523735 
14.793150 -0.834082 -1.983158 32.661065 -0.200903 0.598764 -1.523664 
14.793098 -0.834113 -1.983159 32.661029 -0.200859 0.598785 -1.523612 
14.793124 -0.834134 -1.983176 32.661028 -0.200865 0.598818 -1.523608 
14.793110 -0.834165 -1.983081 32.661021 -0.200871 0.598764 -1.523594 
14.793116 -0.834177 -1.982994 32.661033 -0.200884 0.598770 -1.523550 
14.793118 -0.834212 -1.982924 32.661032 -0.200919 0.598751 -1.523502 
14.793120 -0.834195 -1.982848 32.661053 -0.200929 0.598775 -1.523450 
14.793147 -0.834199 -1.982770 32.661063 -0.200920 0.598767 -1.523395 
14.793154 -0.834212 -1.982685 32.661084 -0.200923 0.598770 -1.523349 
14.793178 -0.834231 -1.982631 32.661066 -0.200950 0.598738 -1.523286 
14.793177 -0.834252 -1.982548 32.661082 -0.200971 0.598738 -1.523240 
14.793224 -0.834266 -1.982493 32.661093 -0.200915 0.598715 -1.523214 
14.793247 -0.834233 -1.982429 32.661033 -0.200910 0.598741 -1.523211 
14.793203 -0.834189 -1.982399 32.661037 -0.200880 0.598704 -1.523157 
14.793243 -0.834139 -1.982367 32.661081 -0.200916 0.598666 -1.523175 
14.793260 -0.834124 -1.982381 32.661094 -0.200916 0.598695 -1.523146 
14.793284 -0.834150 -1.982309 32.661098 -0.200911 0.598675 -1.523089 
14.793299 -0.834157 -1.982231 32.661080 -0.200926 0.598669 -1.523035 
14.793313 -0.834161 -1.982160 32.661050 -0.200951 0.598660 -1.522979 
14.793334 -0.834177 -1.982086 32.661037 -0.200961 0.598645 -1.522921 
14.793358 -0.834220 -1.982036 32.661026 -0.200958 0.598589 -1.522879 
14.793381 -0.834245 -1.982027 32.661026 -0.200938 0.598623 -1.522794 
14.793352 -0.834283 -1.981948 32.661053 -0.200934 0.598646 -1.522779 
14.793381 -0.834277 -1.981884 32.661026 -0.200872 0.598665 -1.522789 
14.793319 -0.834262 -1.981949 32.661051 -0.200913 0.598630 -1.522762 
14.793373 -0.834280 -1.981896 32.661117 -0.200971 0.598644 -1.522742 
14.793352 -0.834320 -1.981847 32.661091 -0.201029 0.598662 -1.522706 
14.793341 -0.834404 -1.981826 32.661135 -0.201026 0.598663 -1.522686 
14.793314 -0.834402 -1.981814 32.661170 -0.201042 0.598751 -1.522679 
14.793280 -0.834413 -1.981761 32.661198 -0.201082 0.598740 -1.522737 
14.793301 -0.834403 -1.981849 32.661182 -0.201072 0.598741 -1.522675 
14.793352 -0.834424 -1.981746 32.661165 -0.201025 0.598786 -1.522637 
14.793365 -0.834444 -1.981652 32.661171 -0.201020 0.598809 -1.522645 
14.793397 -0.834472 -1.981580 32.661175 -0.201021 0.598844 -1.522603 
14.793423 -0.834500 -1.981504 32.661184 -0.201027 0.598884 -1.522569 
14.793419 -0.834520 -1.981421 32.661208 -0.201043 0.598927 -1.522576 
14.793433 -0.834584 -1.981351 32.661229 -0.201039 0.598923 -1.522562 
14.793445 -0.834638 -1.981283 32.661255 -0.201043 0.598953 -1.522534 
14.793485 -0.834658 -1.981198 32.661246 -0.201043 0.598963 -1.522507 
14.793485 -0.834701 -1.981127 32.661232 -0.201089 0.598965 -1.522480 
14.793515 -0.834711 -1.981059 32.661282 -0.201121 0.598952 -1.522453 
14.793468 -0.834714 -1.980994 32.661278 -0.201087 0.598949 -1.522405 
14.793447 -0.834742 -1.980912 32.661269 -0.201064 0.598960 -1.522368 
14.793435 -0.834769 -1.980825 32.661271 -0.201051 0.598967 -1.522331 
14.793435 -0.834785 -1.980740 32.661299 -0.201055 0.598961 -1.522290 
14.793431 -0.834806 -1.980653 32.661318 -0.201054 0.598960 -1.522250 
14.793430 -0.834825 -1.980566 32.661340 -0.201054 0.598957 -1.522210 
14.793420 -0.834850 -1.980479 32.661349 -0.201045 0.598961 -1.522171 
14.793441 -0.834851 -1.980413 32.661403 -0.201073 0.598942 -1.522137 
14.793430 -0.834885 -1.980359 32.661384 -0.201140 0.598932 -1.522107 
14.793507 -0.834874 -1.980305 32.661360 -0.201128 0.598942 -1.522095 
14.793531 -0.834899 -1.980307 32.661388 -0.201126 0.599000 -1.522027 
14.793529 -0.834892 -1.980262 32.661417 -0.201145 0.599069 -1.522071 
14.793543 -0.834934 -1.980265 32.661427 -0.201138 0.599062 -1.522089 
14.793569 -0.834953 -1.980195 32.661460 -0.201115 0.599063 -1.522041 
14.793605 -0.834970 -1.980128 32.661497 -0.201102 0.599064 -1.521993 
14.793637 -0.834985 -1.980059 32.661532 -0.201086 0.599065 -1.521942 
14.793706 -0.835034 -1.980047 32.661577 -0.201109 0.599056 -1.521940 
14.793716 -0.835105 -1.980006 32.661552 -0.201066 0.599080 -1.521929 
14.793706 -0.835107 -1.979936 32.661576 -0.201059 0.599076 -1.521995 
14.793733 -0.835088 -1.979946 32.661578 -0.201025 0.599083 -1.522006 
14.793658 -0.835155 -1.979932 32.661642 -0.201035 0.599069 -1.521975 
14.793660 -0.835174 -1.979908 32.661620 -0.201022 0.598979 -1.521963 
14.793665 -0.835152 -1.979879 32.661628 -0.201022 0.598984 -1.521931 
14.793663 -0.835178 -1.979800 32.661629 -0.201051 0.598996 -1.521884 
14.793680 -0.835192 -1.979718 32.661643 -0.201043 0.599006 -1.521835 
14.793684 -0.835230 -1.979637 32.661642 -0.201059 0.599003 -1.521794 
14.793695 -0.835264 -1.979554 32.661644 -0.201062 0.598993 -1.521752 
14.793689 -0.835304 -1.979478 32.661664 -0.201072 0.599004 -1.521708 
14.793700 -0.835329 -1.979399 32.661687 -0.201055 0.599007 -1.521660 
14.793706 -0.835361 -1.979320 32.661706 -0.201046 0.599005 -1.521614 
14.793711 -0.835395 -1.979240 32.661724 -0.201039 0.599003 -1.521568 
14.793708 -0.835435 -1.979162 32.661742 -0.201044 0.599007 -1.521524 
14.793710 -0.835472 -1.979082 32.661757 -0.201046 0.599007 -1.521479 
14.793685 -0.835496 -1.979065 32.661830 -0.201001 0.599020 -1.521448 
14.793641 -0.835560 -1.979052 32.661833 -0.201022 0.598962 -1.521442 
14.793611 -0.835558 -1.979045 32.661804 -0.200998 0.598973 -1.521440 
14.793596 -0.835511 -1.979014 32.661858 -0.201070 0.598968 -1.521408 
14.793605 -0.835527 -1.979052 32.661841 -0.201083 0.598982 -1.521321 
14.793596 -0.835549 -1.979056 32.661843 -0.201104 0.599018 -1.521334 
14.793618 -0.835516 -1.978977 32.661855 -0.201076 0.598970 -1.521260 
14.793625 -0.835501 -1.978908 32.661874 -0.201068 0.598954 -1.521196 
14.793634 -0.835488 -1.978834 32.661892 -0.201061 0.598941 -1.521133 
14.793641 -0.835470 -1.978768 32.661911 -0.201052 0.598923 -1.521067 
14.793652 -0.835499 -1.978694 32.661918 -0.201073 0.598964 -1.521029 
14.793658 -0.835509 -1.978635 32.661932 -0.201086 0.598984 -1.520954 
14.793665 -0.835512 -1.978567 32.661947 -0.201093 0.598994 -1.520884 
14.793672 -0.835515 -1.978505 32.661962 -0.201100 0.599003 -1.520808 
14.793683 -0.835515 -1.978414 32.661979 -0.201101 0.599009 -1.520772 
14.793682 -0.835513 -1.978333 32.662000 -0.201115 0.599023 -1.520722 
14.793715 -0.835505 -1.978274 32.662004 -0.201077 0.598985 -1.520672 
14.793758 -0.835576 -1.978268 32.661981 -0.201068 0.599028 -1.520648 
14.793739 -0.835606 -1.978263 32.661975 -0.201084 0.598997 -1.520648 
14.793769 -0.835579 -1.978243 32.661903 -0.201136 0.598986 -1.520649 
14.793799 -0.835582 -1.978251 32.661932 -0.201160 0.598975 -1.520652 
14.793756 -0.835622 -1.978155 32.661898 -0.201135 0.598979 -1.520661 
14.793726 -0.835659 -1.978101 32.661889 -0.201151 0.598968 -1.520595 
14.793709 -0.835711 -1.978043 32.661865 -0.201145 0.598936 -1.520551 
14.793659 -0.835760 -1.978002 32.661858 -0.201193 0.598963 -1.520534 
14.793610 -0.835712 -1.977954 32.661877 -0.201204 0.598915 -1.520521 
14.793631 -0.835696 -1.977885 32.661883 -0.201184 0.598953 -1.520469 
14.793681 -0.835706 -1.977831 32.661928 -0.201211 0.598949 -1.520426 
14.793688 -0.835682 -1.977780 32.661896 -0.201201 0.598975 -1.520355 
14.793663 -0.835694 -1.977750 32.661938 -0.201146 0.599003 -1.520302 
14.793667 -0.835694 -1.977665 32.661940 -0.201104 0.599033 -1.520292 
14.793656 -0.835642 -1.977663 32.661977 -0.201126 0.599102 -1.520272 
14.793667 -0.835658 -1.977661 32.661950 -0.201091 0.599004 -1.520293 
14.793740 -0.835698 -1.977695 32.661932 -0.201051 0.599055 -1.520270 
14.793693 -0.835705 -1.977652 32.661966 -0.201127 0.599019 -1.520281 
14.793659 -0.835745 -1.977614 32.661975 -0.201146 0.598993 -1.520212 
14.793625 -0.835803 -1.977582 32.662040 -0.201141 0.598978 -1.520213 
14.793620 -0.835837 -1.977513 32.662030 -0.201195 0.598954 -1.520190 
14.793651 -0.835884 -1.977496 32.662048 -0.201175 0.598945 -1.520115 
14.793640 -0.835925 -1.977532 32.662070 -0.201220 0.598908 -1.520060 
14.793647 -0.835888 -1.977497 32.662056 -0.201192 0.598990 -1.520106 
14.793639 -0.835834 -1.977444 32.662101 -0.201177 0.598996 -1.520063 
14.793598 -0.835855 -1.977391 32.662077 -0.201128 0.599025 -1.520028 
14.793644 -0.835874 -1.977320 32.662107 -0.201103 0.599055 -1.520018 
14.793689 -0.835838 -1.977296 32.662051 -0.201107 0.599074 -1.519968 
14.793702 -0.835837 -1.977325 32.662061 -0.201074 0.599083 -1.519955 
14.793660 -0.835826 -1.977209 32.662051 -0.201139 0.599088 -1.519983 
14.793641 -0.835802 -1.977132 32.662075 -0.201113 0.599131 -1.519977 
14.793635 -0.835815 -1.977143 32.662087 -0.201139 0.599161 -1.519956 
14.793629 -0.835857 -1.977104 32.662105 -0.201168 0.599117 -1.519896 
14.793632 -0.835933 -1.977060 32.662086 -0.201205 0.599120 -1.519876 
14.793666 -0.835951 -1.977020 32.662122 -0.201275 0.599102 -1.519854 
14.793598 -0.835971 -1.977001 32.662094 -0.201308 0.599086 -1.519804 
14.793624 -0.835955 -1.976999 32.662066 -0.201307 0.599094 -1.519777 
14.793649 -0.836015 -1.976998 32.662090 -0.201269 0.599098 -1.519716 
14.793663 -0.836028 -1.976921 32.662077 -0.201225 0.599058 -1.519713 
14.793693 -0.836068 -1.976953 32.662043 -0.201227 0.598985 -1.519714 
14.793668 -0.836057 -1.976912 32.662054 -0.201234 0.599083 -1.519732 
14.793681 -0.836071 -1.976842 32.662076 -0.201200 0.599108 -1.519683 
14.793707 -0.836102 -1.976778 32.662086 -0.201163 0.599106 -1.519630 
14.793744 -0.836173 -1.976734 32.662054 -0.201147 0.599100 -1.519611 
14.793723 -0.836184 -1.976714 32.662033 -0.201061 0.599122 -1.519584 
14.793785 -0.836157 -1.976742 32.662056 -0.201131 0.599110 -1.519623 
14.793743 -0.836218 -1.976693 32.662130 -0.201149 0.599089 -1.519631 
14.793753 -0.836211 -1.976613 32.662131 -0.201197 0.599081 -1.519597 
14.793769 -0.836243 -1.976616 32.662161 -0.201236 0.599112 -1.519524 
14.793786 -0.836246 -1.976599 32.662175 -0.201242 0.599028 -1.519480 
14.793801 -0.836284 -1.976596 32.662148 -0.201247 0.599024 -1.519489 
14.793761 -0.836227 -1.976532 32.662207 -0.201299 0.599037 -1.519465 
14.793740 -0.836268 -1.976539 32.662293 -0.201297 0.599028 -1.519484 
14.793728 -0.836241 -1.976519 32.662197 -0.201274 0.599040 -1.519447 
14.793757 -0.836235 -1.976460 32.662212 -0.201213 0.599066 -1.519413 
14.793747 -0.836226 -1.976409 32.662215 -0.201160 0.599090 -1.519352 
14.793803 -0.836177 -1.976352 32.662209 -0.201185 0.599110 -1.519342 
14.793784 -0.836152 -1.976298 32.662200 -0.201139 0.599079 -1.519396 
14.793790 -0.836161 -1.976361 32.662212 -0.201180 0.599151 -1.519359 
14.793825 -0.836253 -1.976307 32.662179 -0.201189 0.599139 -1.519349 
14.793897 -0.836268 -1.976318 32.662156 -0.201133 0.599134 -1.519324 
14.793837 -0.836263 -1.976302 32.662225 -0.201184 0.599140 -1.519357 
14.793827 -0.836293 -1.976236 32.662242 -0.201215 0.599125 -1.519300 
14.793841 -0.836331 -1.976180 32.662252 -0.201276 0.599097 -1.519276 
14.793785 -0.836395 -1.976178 32.662266 -0.201251 0.599075 -1.519238 
14.793770 -0.836395 -1.976119 32.662283 -0.201252 0.599138 -1.519193 
14.793766 -0.836370 -1.976134 32.662317 -0.201281 0.599154 -1.519111 
14.793743 -0.836336 -1.976054 32.662336 -0.201254 0.599142 -1.519084 
14.793803 -0.836357 -1.976022 32.662320 -0.201205 0.599148 -1.519037 
14.793773 -0.836344 -1.975997 32.662238 -0.201217 0.599154 -1.519000 
14.793787 -0.836363 -1.975976 32.662240 -0.201253 0.599137 -1.519000 
14.793782 -0.836379 -1.975889 32.662251 -0.201266 0.599162 -1.518967 
14.793763 -0.836406 -1.975816 32.662262 -0.201264 0.599130 -1.518917 
14.793767 -0.836404 -1.975729 32.662268 -0.201274 0.599112 -1.518873 
14.793735 -0.836434 -1.975662 32.662283 -0.201257 0.599153 -1.518837 
14.793721 -0.836471 -1.975605 32.662296 -0.201272 0.599168 -1.518770 
14.793704 -0.836519 -1.975521 32.662291 -0.201262 0.599171 -1.518753 
14.793666 -0.836527 -1.975452 32.662274 -0.201237 0.599174 -1.518700 
14.793671 -0.836536 -1.975372 32.662259 -0.201255 0.599224 -1.518677 
14.793615 -0.836543 -1.975305 32.662284 -0.201294 0.599232 -1.518675 
14.793620 -0.836567 -1.975224 32.662312 -0.201276 0.599254 -1.518641 
14.793607 -0.836613 -1.975152 32.662314 -0.201266 0.599290 -1.518606 
14.793588 -0.836620 -1.975080 32.662318 -0.201251 0.599324 -1.518551 
14.793610 -0.836671 -1.975002 32.662313 -0.201270 0.599311 -1.518534 
14.793619 -0.836716 -1.974915 32.662308 -0.201262 0.599315 -1.518545 
14.793646 -0.836770 -1.974859 32.662335 -0.201297 0.599336 -1.518516 
14.793627 -0.836835 -1.974820 32.662361 -0.201283 0.599297 -1.518478 
14.793694 -0.836872 -1.974812 32.662331 -0.201241 0.599308 -1.518441 
14.793680 -0.836923 -1.974761 32.662286 -0.201283 0.599315 -1.518412 
14.793709 -0.836930 -1.974678 32.662298 -0.201308 0.599292 -1.518382 
14.793751 -0.836982 -1.974627 32.662306 -0.201346 0.599258 -1.518399 
14.793699 -0.836934 -1.974652 32.662296 -0.201283 0.599309 -1.518410 
14.793681 -0.836931 -1.974586 32.662314 -0.201271 0.599349 -1.518353 
14.793656 -0.836907 -1.974524 32.662274 -0.201239 0.599315 -1.518318 
14.793689 -0.836855 -1.974485 32.662239 -0.201270 0.599366 -1.518318 
14.793653 -0.836849 -1.974478 32.662245 -0.201300 0.599362 -1.518331 
14.793654 -0.836799 -1.974435 32.662317 -0.201281 0.599349 -1.518327 
14.793633 -0.836773 -1.974462 32.662312 -0.201263 0.599366 -1.518319 
14.793651 -0.836849 -1.974354 32.662329 -0.201298 0.599353 -1.518308 
14.793652 -0.836871 -1.974270 32.662308 -0.201303 0.599308 -1.518309 
14.793666 -0.836880 -1.974249 32.662319 -0.201355 0.599277 -1.518235 
14.793684 -0.836929 -1.974176 32.662344 -0.201391 0.599275 -1.518238 
14.793641 -0.836950 -1.974108 32.662336 -0.201376 0.599289 -1.518187 
14.793610 -0.836960 -1.974025 32.662339 -0.201368 0.599284 -1.518142 
14.793587 -0.836979 -1.973939 32.662347 -0.201368 0.599278 -1.518104 
14.793566 -0.837003 -1.973852 32.662357 -0.201372 0.599274 -1.518067 
14.793591 -0.837075 -1.973817 32.662374 -0.201413 0.599300 -1.518085 
14.793598 -0.837048 -1.973803 32.662353 -0.201436 0.599324 -1.518090 
14.793506 -0.837091 -1.973822 32.662355 -0.201457 0.599285 -1.518094 
14.793603 -0.837088 -1.973812 32.662334 -0.201407 0.599279 -1.518090 
14.793594 -0.837097 -1.973805 32.662372 -0.201374 0.599354 -1.518015 
14.793627 -0.837093 -1.973755 32.662410 -0.201354 0.599355 -1.517949 
14.793632 -0.837093 -1.973692 32.662437 -0.201288 0.599386 -1.517946 
14.793682 -0.837101 -1.973688 32.662472 -0.201272 0.599411 -1.517872 
14.793621 -0.837113 -1.973640 32.662475 -0.201289 0.599402 -1.517814 
14.793646 -0.837140 -1.973603 32.662408 -0.201267 0.599363 -1.517786 
14.793632 -0.837132 -1.973625 32.662416 -0.201237 0.599338 -1.517776 
14.793644 -0.837056 -1.973586 32.662371 -0.201272 0.599387 -1.517761 
14.793662 -0.837125 -1.973583 32.662429 -0.201281 0.599332 -1.517793 
14.793657 -0.837159 -1.973505 32.662456 -0.201315 0.599320 -1.517769 
14.793703 -0.837192 -1.973444 32.662491 -0.201340 0.599317 -1.517733 
14.793691 -0.837165 -1.973362 32.662490 -0.201375 0.599317 -1.517698 
14.793695 -0.837180 -1.973283 32.662508 -0.201340 0.599326 -1.517742 
14.793689 -0.837218 -1.973207 32.662520 -0.201383 0.599300 -1.517754 
14.793659 -0.837228 -1.973170 32.662567 -0.201339 0.599265 -1.517705 
14.793633 -0.837217 -1.973163 32.662648 -0.201364 0.599307 -1.517713 
14.793615 -0.837244 -1.973161 32.662632 -0.201360 0.599338 -1.517698 
14.793619 -0.837266 -1.973082 32.662644 -0.201336 0.599360 -1.517652 
14.793585 -0.837278 -1.973000 32.662647 -0.201309 0.599373 -1.517619 
14.793581 -0.837324 -1.972929 32.662668 -0.201276 0.599386 -1.517586 
14.793592 -0.837287 -1.972851 32.662705 -0.201273 0.599392 -1.517555 
14.793570 -0.837304 -1.972829 32.662691 -0.201308 0.599392 -1.517469 
14.793555 -0.837294 -1.972814 32.662677 -0.201268 0.599430 -1.517391 
14.793558 -0.837309 -1.972832 32.662709 -0.201327 0.599431 -1.517477 
14.793573 -0.837335 -1.972767 32.662663 -0.201378 0.599437 -1.517477 
14.793526 -0.837366 -1.972716 32.662683 -0.201421 0.599398 -1.517458 
14.793587 -0.837406 -1.972705 32.662718 -0.201461 0.599388 -1.517420 
14.793595 -0.837363 -1.972690 32.662730 -0.201474 0.599386 -1.517416 
