-1.593498 2.429670 6.207501 -0.042392 0.866178 -0.764332 
-0.593498 2.429670 6.207501 -0.042392 0.866178 -0.764332 
-1.593498 3.429670 6.207501 -0.042392 0.866178 -0.764332 
-1.593498 2.429670 7.207501 -0.042392 0.866178 -0.764332 
-1.593498 2.429670 7.207501 0.957608 0.866178 -0.764332 
-1.593498 2.429670 7.207501 -0.042392 1.866178 -0.764332 
-1.593498 2.429670 7.207501 -0.042392 0.866178 0.235668 
-1.749072 2.424126 7.207809 -1.016436 0.703441 -0.787141 
-1.671285 2.426898 7.207655 -0.529414 0.784809 -0.775736 
-1.840369 2.429670 7.207501 -0.002962 0.866178 -0.764332 
-1.419595 2.417661 7.208167 0.262448 0.513694 -0.813735 
-1.593498 2.179815 7.207501 -0.042392 0.874691 -0.764332 
-1.487883 2.454844 7.207978 0.057082 1.342689 -0.799734 
-1.531185 2.426827 7.207731 0.077175 0.656364 -0.781383 
-1.593496 2.429675 7.332501 -0.042377 0.866324 -0.764332 
-1.503814 2.443808 7.332436 0.067007 1.069993 -0.792823 
-1.597040 2.429549 7.332508 -0.064566 0.862617 -0.887240 
-1.594896 2.431058 7.332726 -0.303294 0.789145 -0.877052 
-1.540411 2.440233 7.332774 -0.336567 0.883572 -0.927536 
-1.452938 2.447375 7.333046 -0.329610 0.840676 -1.005216 
-1.459130 2.509524 7.333046 -0.328621 0.838559 -1.005216 
-1.511554 2.511379 7.333336 -0.349959 0.873869 -1.110909 
-1.459124 2.509527 7.395545 -0.328580 0.838637 -1.005029 
-1.360788 2.527056 7.396450 -0.344287 0.881736 -0.945508 
-1.362981 2.526973 7.396502 -0.402123 0.858698 -0.940442 
-1.349744 2.528858 7.396789 -0.220311 0.889472 -0.937148 
-1.352371 2.530840 7.396914 -0.218771 0.941914 -0.970954 
-1.331201 2.530253 7.396867 -0.219724 0.876480 -0.958633 
-1.350932 2.530816 7.397457 -0.201141 0.844593 -0.898174 
-1.360215 2.539481 7.399363 -0.150294 0.835619 -0.865381 
-1.351143 2.561387 7.397455 -0.207413 0.844643 -0.896573 
-1.318808 2.553025 7.397591 -0.251212 0.844497 -0.867038 
-1.352216 2.561199 7.428660 -0.208457 0.844183 -0.897147 
-1.390916 2.556312 7.427052 -0.243872 0.813055 -0.909756 
-1.431754 2.555663 7.428845 -0.275567 0.778404 -0.915192 
-1.411335 2.555988 7.427948 -0.259719 0.795730 -0.912474 
-1.399531 2.555773 7.429041 -0.243703 0.821667 -0.900192 
-1.396830 2.557402 7.459938 -0.241911 0.818757 -0.900766 
-1.407468 2.558235 7.428988 -0.233563 0.823015 -0.908585 
-1.408528 2.556342 7.431549 -0.249754 0.842218 -0.926871 
-1.408241 2.542873 7.429643 -0.231239 0.822292 -0.909674 
-1.422020 2.538903 7.428105 -0.204231 0.816116 -0.910687 
-1.413056 2.540296 7.430694 -0.232537 0.831707 -0.920760 
-1.403139 2.542968 7.429364 -0.227152 0.826482 -0.908860 
-1.420751 2.541780 7.429809 -0.232582 0.813270 -0.911464 
-1.430584 2.538738 7.426932 -0.241873 0.814147 -0.904918 
-1.431615 2.538949 7.434322 -0.241620 0.815252 -0.902910 
-1.431802 2.537516 7.438566 -0.248765 0.804453 -0.910418 
-1.430790 2.531472 7.434510 -0.239721 0.814609 -0.902280 
-1.441158 2.531678 7.433285 -0.228462 0.811794 -0.901641 
-1.443153 2.532294 7.431193 -0.219188 0.806039 -0.890858 
-1.452677 2.529340 7.430063 -0.209306 0.812371 -0.893245 
-1.448068 2.530750 7.429821 -0.223948 0.806297 -0.887713 
-1.454747 2.528885 7.432551 -0.224479 0.793443 -0.892518 
-1.459437 2.539549 7.442528 -0.225238 0.794847 -0.889999 
-1.455849 2.534013 7.427082 -0.224637 0.792780 -0.894293 
-1.461990 2.526430 7.430915 -0.228485 0.782865 -0.885099 
-1.456225 2.527896 7.433713 -0.229198 0.795097 -0.898131 
-1.457709 2.527964 7.432092 -0.222753 0.795001 -0.892662 
-1.457606 2.528280 7.433086 -0.215472 0.793563 -0.894866 
-1.461608 2.527285 7.432163 -0.210644 0.790599 -0.891538 
-1.460568 2.527896 7.431050 -0.205411 0.795634 -0.889170 
-1.460440 2.524616 7.429672 -0.210468 0.790253 -0.892185 
-1.466167 2.525782 7.433720 -0.209670 0.787932 -0.896782 
-1.463335 2.524498 7.437462 -0.208440 0.781963 -0.896307 
-1.462518 2.527150 7.435560 -0.207532 0.780679 -0.897520 
-1.466910 2.527296 7.433652 -0.211401 0.776200 -0.895772 
-1.465057 2.526282 7.436981 -0.200535 0.780893 -0.899197 
-1.461468 2.527231 7.436894 -0.209115 0.781070 -0.900636 
-1.462952 2.528525 7.436749 -0.207650 0.780937 -0.897029 
-1.459272 2.527447 7.435248 -0.207452 0.781521 -0.895565 
-1.463838 2.527793 7.433734 -0.208071 0.783735 -0.897887 
-1.463163 2.526891 7.435960 -0.205841 0.780674 -0.898080 
-1.463925 2.526860 7.435861 -0.206177 0.780210 -0.898267 
-1.465343 2.526733 7.435597 -0.206231 0.778902 -0.898206 
-1.465978 2.526626 7.436101 -0.206821 0.778264 -0.899752 
-1.465252 2.527412 7.435006 -0.206058 0.778835 -0.898522 
-1.466754 2.527227 7.434331 -0.206272 0.779844 -0.898446 
-1.466465 2.526586 7.433703 -0.206414 0.779719 -0.898619 
-1.466841 2.527745 7.434081 -0.207906 0.779348 -0.897699 
-1.467610 2.526868 7.434231 -0.204772 0.779018 -0.898330 
-1.467784 2.526486 7.434483 -0.203182 0.779745 -0.899050 
-1.468054 2.526982 7.434046 -0.204969 0.778347 -0.897862 
-1.468684 2.526948 7.433932 -0.204481 0.777853 -0.897615 
-1.469271 2.527516 7.434266 -0.204638 0.778149 -0.897364 
-1.468519 2.526986 7.433801 -0.204331 0.778010 -0.897233 
-1.468466 2.527694 7.433615 -0.204276 0.777509 -0.897912 
-1.468285 2.527733 7.434006 -0.204183 0.777324 -0.897820 
-1.468667 2.527542 7.433884 -0.204438 0.776493 -0.897859 
-1.469113 2.527301 7.433975 -0.203855 0.776222 -0.898383 
-1.469193 2.527132 7.434098 -0.204244 0.775781 -0.899130 
-1.469442 2.527562 7.434172 -0.203973 0.776319 -0.898371 
-1.469228 2.527124 7.433595 -0.203304 0.775799 -0.897851 
-1.468870 2.527331 7.434331 -0.203636 0.776177 -0.898345 
-1.468934 2.527139 7.434423 -0.203695 0.776211 -0.898269 
-1.468783 2.527205 7.434241 -0.203380 0.776539 -0.898449 
-1.468965 2.527267 7.434361 -0.203560 0.776081 -0.898520 
-1.468726 2.527195 7.434386 -0.203792 0.775735 -0.898561 
-1.468797 2.527164 7.434288 -0.203589 0.775413 -0.898281 
-1.468925 2.527295 7.434409 -0.203678 0.775363 -0.898250 
-1.468433 2.526913 7.434175 -0.203516 0.775278 -0.898365 
-1.468258 2.526696 7.434006 -0.203187 0.775161 -0.898265 
-1.468373 2.527105 7.434078 -0.203460 0.775245 -0.898441 
-1.468399 2.526978 7.433724 -0.203742 0.775187 -0.898554 
-1.468267 2.527161 7.434044 -0.203537 0.775294 -0.898252 
-1.467952 2.527112 7.434142 -0.203594 0.775567 -0.898473 
-1.468222 2.527095 7.434183 -0.203661 0.775158 -0.898248 
-1.468001 2.527341 7.434175 -0.203620 0.774806 -0.898311 
-1.467902 2.527577 7.434340 -0.203731 0.774442 -0.898302 
-1.467891 2.527198 7.434144 -0.203508 0.774703 -0.898256 
-1.467857 2.527130 7.433968 -0.203627 0.774627 -0.898311 
-1.467782 2.527152 7.433960 -0.203668 0.774673 -0.898240 
-1.467611 2.527103 7.434010 -0.203640 0.774703 -0.898395 
-1.467463 2.527120 7.433911 -0.203483 0.774674 -0.898438 
-1.467315 2.526942 7.433962 -0.203454 0.774629 -0.898458 
-1.467178 2.526846 7.433937 -0.203432 0.774738 -0.898595 
-1.467300 2.526941 7.433895 -0.203530 0.774571 -0.898488 
-1.467191 2.527026 7.433963 -0.203587 0.774395 -0.898530 
-1.467053 2.527040 7.433891 -0.203677 0.774360 -0.898369 
-1.467039 2.527057 7.433824 -0.203586 0.774322 -0.898369 
-1.467072 2.526980 7.433765 -0.203593 0.774104 -0.898410 
-1.467098 2.527109 7.433649 -0.203631 0.773966 -0.898502 
-1.467029 2.527063 7.433613 -0.203648 0.773996 -0.898577 
-1.466907 2.526977 7.433664 -0.203547 0.773847 -0.898625 
-1.466807 2.526855 7.433674 -0.203443 0.773700 -0.898670 
-1.466653 2.526888 7.433730 -0.203352 0.773573 -0.898755 
-1.466515 2.526787 7.433672 -0.203280 0.773481 -0.898869 
-1.466465 2.526732 7.433695 -0.203184 0.773271 -0.898888 
-1.466400 2.526778 7.433639 -0.203160 0.773079 -0.899001 
-1.466325 2.526704 7.433558 -0.203107 0.772909 -0.899101 
-1.466177 2.526706 7.433560 -0.203012 0.772773 -0.899203 
-1.466217 2.526677 7.433586 -0.202948 0.772547 -0.899167 
-1.466122 2.526609 7.433642 -0.203124 0.772442 -0.899202 
-1.466217 2.526558 7.433749 -0.203123 0.772421 -0.899392 
-1.466146 2.526708 7.433605 -0.203162 0.772413 -0.899234 
-1.465979 2.526473 7.433585 -0.203150 0.772317 -0.899177 
-1.465808 2.526438 7.433697 -0.203160 0.772210 -0.899104 
-1.465741 2.526311 7.433734 -0.203252 0.772092 -0.898982 
-1.465693 2.526304 7.433738 -0.203334 0.772163 -0.899009 
-1.465587 2.526292 7.433706 -0.203081 0.772019 -0.899001 
-1.465453 2.526240 7.433653 -0.202916 0.771924 -0.899001 
-1.465586 2.526184 7.433646 -0.202877 0.771769 -0.898886 
-1.465612 2.526108 7.433711 -0.202855 0.771776 -0.898947 
-1.465568 2.526284 7.433675 -0.202922 0.771602 -0.899022 
-1.465515 2.526292 7.433766 -0.202942 0.771587 -0.898965 
-1.465546 2.526440 7.433853 -0.202771 0.771586 -0.898974 
-1.465353 2.526228 7.433752 -0.202999 0.771427 -0.898981 
-1.465211 2.526177 7.433753 -0.203099 0.771264 -0.898999 
-1.465092 2.526205 7.433757 -0.202902 0.771188 -0.899008 
-1.464975 2.526283 7.433887 -0.202785 0.771101 -0.898968 
-1.464969 2.526350 7.433794 -0.202689 0.770980 -0.899120 
-1.464939 2.526403 7.433644 -0.202651 0.770917 -0.898953 
-1.464896 2.526410 7.433769 -0.202718 0.771044 -0.899144 
-1.464838 2.526196 7.433761 -0.202562 0.770999 -0.899153 
-1.465020 2.526379 7.433794 -0.202609 0.771049 -0.899113 
-1.464877 2.526354 7.433829 -0.202824 0.770804 -0.899152 
-1.464806 2.526414 7.433889 -0.202921 0.770615 -0.899197 
-1.464995 2.526447 7.433965 -0.202839 0.770543 -0.899267 
-1.464821 2.526406 7.433793 -0.202938 0.770601 -0.899267 
-1.464829 2.526291 7.433916 -0.203114 0.770626 -0.899119 
-1.464771 2.526358 7.433943 -0.202915 0.770644 -0.899280 
-1.464654 2.526260 7.433913 -0.202758 0.770545 -0.899248 
-1.464465 2.526341 7.433920 -0.202634 0.770560 -0.899290 
-1.464326 2.526159 7.433936 -0.202621 0.770497 -0.899241 
-1.464351 2.526073 7.434016 -0.202455 0.770371 -0.899284 
-1.464343 2.526140 7.433973 -0.202573 0.770579 -0.899179 
-1.464306 2.526080 7.433734 -0.202595 0.770509 -0.899347 
-1.464313 2.526111 7.433676 -0.202568 0.770460 -0.899261 
-1.464179 2.526093 7.433723 -0.202730 0.770362 -0.899407 
-1.464024 2.526082 7.433708 -0.202863 0.770238 -0.899452 
-1.463933 2.525972 7.433710 -0.202928 0.770316 -0.899622 
-1.463870 2.526051 7.433710 -0.202870 0.770336 -0.899653 
-1.463949 2.526175 7.433685 -0.202945 0.770239 -0.899803 
-1.463868 2.526100 7.433703 -0.202948 0.770408 -0.899621 
-1.463816 2.526043 7.433934 -0.202852 0.770261 -0.899667 
-1.463674 2.525981 7.433906 -0.202759 0.770100 -0.899685 
-1.463584 2.525905 7.433911 -0.202595 0.769973 -0.899739 
-1.463382 2.525910 7.433899 -0.202643 0.769854 -0.899694 
-1.463198 2.525906 7.434013 -0.202627 0.769743 -0.899684 
-1.463075 2.525850 7.433876 -0.202531 0.769627 -0.899698 
-1.463097 2.525781 7.433979 -0.202347 0.769569 -0.899779 
-1.463056 2.525825 7.433872 -0.202579 0.769638 -0.899805 
-1.463119 2.525956 7.433854 -0.202639 0.769461 -0.899864 
-1.463163 2.525810 7.433858 -0.202773 0.769329 -0.899833 
-1.463074 2.525829 7.433931 -0.202796 0.769307 -0.899817 
-1.463014 2.525924 7.433848 -0.202931 0.769195 -0.899912 
-1.463029 2.525791 7.433899 -0.202716 0.769247 -0.899841 
-1.463096 2.525762 7.434040 -0.202623 0.769143 -0.899961 
-1.463123 2.525805 7.434045 -0.202518 0.768989 -0.899812 
-1.463136 2.525710 7.434050 -0.202577 0.768949 -0.899787 
-1.463025 2.525580 7.434064 -0.202412 0.768900 -0.899808 
-1.462938 2.525582 7.433990 -0.202398 0.768716 -0.899920 
-1.463024 2.525515 7.433840 -0.202296 0.768631 -0.900007 
-1.463079 2.525516 7.433929 -0.202281 0.768602 -0.900061 
-1.462838 2.525506 7.433832 -0.202283 0.768476 -0.900037 
-1.462643 2.525455 7.433841 -0.202221 0.768355 -0.900048 
-1.462535 2.525498 7.433768 -0.202265 0.768166 -0.900106 
-1.462409 2.525516 7.433665 -0.202282 0.767990 -0.900146 
-1.462231 2.525496 7.433637 -0.202255 0.767832 -0.900175 
-1.462068 2.525484 7.433563 -0.202238 0.767669 -0.900204 
-1.461880 2.525434 7.433649 -0.202176 0.767568 -0.900219 
-1.461771 2.525450 7.433629 -0.202179 0.767366 -0.900298 
-1.461654 2.525456 7.433598 -0.202172 0.767168 -0.900373 
-1.461510 2.525438 7.433566 -0.202140 0.766986 -0.900433 
-1.461322 2.525375 7.433566 -0.202061 0.766869 -0.900451 
-1.461226 2.525291 7.433556 -0.202142 0.766678 -0.900453 
-1.461112 2.525287 7.433542 -0.202161 0.766463 -0.900442 
-1.461031 2.525186 7.433475 -0.202198 0.766354 -0.900600 
-1.460878 2.525026 7.433471 -0.202154 0.766330 -0.900508 
-1.460693 2.525069 7.433524 -0.202290 0.766374 -0.900516 
-1.460882 2.525010 7.433582 -0.202124 0.766317 -0.900545 
-1.460867 2.524840 7.433616 -0.202132 0.766155 -0.900486 
-1.460740 2.524816 7.433595 -0.201949 0.766062 -0.900505 
-1.460633 2.524682 7.433577 -0.201783 0.766041 -0.900550 
-1.460624 2.524681 7.433608 -0.201752 0.766086 -0.900446 
-1.460614 2.524785 7.433570 -0.201753 0.765833 -0.900616 
-1.460654 2.524666 7.433575 -0.201854 0.765658 -0.900671 
-1.460709 2.524671 7.433764 -0.201832 0.765630 -0.900811 
-1.460551 2.524675 7.433609 -0.201910 0.765663 -0.900675 
-1.460451 2.524692 7.433516 -0.202013 0.765545 -0.900802 
-1.460371 2.524684 7.433583 -0.202050 0.765361 -0.900686 
-1.460264 2.524467 7.433582 -0.202043 0.765365 -0.900717 
-1.460248 2.524333 7.433602 -0.202244 0.765388 -0.900706 
-1.460235 2.524472 7.433490 -0.202047 0.765390 -0.900646 
-1.460069 2.524488 7.433480 -0.201876 0.765370 -0.900691 
-1.460133 2.524409 7.433378 -0.201729 0.765242 -0.900722 
-1.460122 2.524401 7.433436 -0.201719 0.765186 -0.900631 
-1.460161 2.524339 7.433489 -0.201559 0.765337 -0.900575 
-1.460078 2.524293 7.433439 -0.201753 0.765192 -0.900642 
-1.459900 2.524302 7.433398 -0.201782 0.765041 -0.900693 
-1.459861 2.524291 7.433211 -0.201863 0.765020 -0.900566 
-1.459928 2.524288 7.433222 -0.201943 0.764962 -0.900591 
-1.459654 2.524233 7.433205 -0.201769 0.764958 -0.900586 
-1.459521 2.524126 7.433093 -0.201696 0.764977 -0.900475 
-1.459626 2.524249 7.433281 -0.201803 0.764950 -0.900504 
-1.459506 2.524300 7.433201 -0.201870 0.765073 -0.900685 
-1.459642 2.524328 7.433149 -0.201765 0.764913 -0.900560 
-1.459604 2.524391 7.433252 -0.201571 0.764871 -0.900624 
-1.459653 2.524261 7.433155 -0.201783 0.764843 -0.900631 
-1.459577 2.524256 7.433134 -0.201905 0.764647 -0.900621 
-1.459721 2.524151 7.433088 -0.201996 0.764543 -0.900701 
-1.459520 2.524265 7.433137 -0.201942 0.764682 -0.900685 
-1.459560 2.524224 7.433104 -0.201904 0.764658 -0.900607 
-1.459505 2.524207 7.433119 -0.201834 0.764620 -0.900620 
-1.459482 2.524157 7.433195 -0.201849 0.764627 -0.900591 
-1.459458 2.524187 7.433195 -0.201849 0.764637 -0.900560 
-1.459428 2.524132 7.433188 -0.201791 0.764575 -0.900605 
-1.459375 2.524073 7.433141 -0.201761 0.764549 -0.900596 
-1.459348 2.524053 7.433146 -0.201671 0.764567 -0.900615 
-1.459404 2.524069 7.433140 -0.201743 0.764532 -0.900564 
-1.459329 2.524069 7.433139 -0.201767 0.764462 -0.900611 
-1.459316 2.524000 7.433144 -0.201788 0.764402 -0.900642 
-1.459330 2.524011 7.433070 -0.201782 0.764359 -0.900689 
-1.459263 2.523993 7.433052 -0.201798 0.764292 -0.900676 
-1.459222 2.523995 7.433071 -0.201807 0.764206 -0.900698 
-1.459159 2.523977 7.433059 -0.201865 0.764169 -0.900728 
-1.459134 2.523970 7.433062 -0.201832 0.764184 -0.900751 
-1.459091 2.523935 7.433058 -0.201756 0.764152 -0.900759 
-1.459028 2.523985 7.433049 -0.201699 0.764139 -0.900757 
-1.459023 2.523971 7.433047 -0.201638 0.764109 -0.900829 
-1.458978 2.523940 7.433125 -0.201604 0.764111 -0.900824 
-1.458947 2.523930 7.433117 -0.201635 0.764096 -0.900839 
-1.458889 2.523879 7.433061 -0.201609 0.764113 -0.900844 
-1.458895 2.523866 7.433056 -0.201602 0.764073 -0.900819 
-1.458850 2.523876 7.433050 -0.201602 0.763987 -0.900837 
-1.458826 2.523850 7.433051 -0.201615 0.763899 -0.900866 
-1.458782 2.523842 7.433049 -0.201633 0.763812 -0.900873 
-1.458766 2.523829 7.433031 -0.201585 0.763738 -0.900911 
-1.458715 2.523834 7.433026 -0.201601 0.763714 -0.900992 
-1.458707 2.523841 7.433116 -0.201577 0.763681 -0.901008 
-1.458734 2.523878 7.433111 -0.201589 0.763667 -0.901016 
-1.458683 2.523789 7.433114 -0.201573 0.763605 -0.901038 
-1.458631 2.523764 7.433108 -0.201551 0.763529 -0.901056 
-1.458589 2.523729 7.433103 -0.201524 0.763456 -0.901087 
-1.458545 2.523694 7.433099 -0.201504 0.763381 -0.901114 
-1.458508 2.523653 7.433096 -0.201483 0.763307 -0.901147 
-1.458448 2.523631 7.433093 -0.201471 0.763232 -0.901160 
-1.458393 2.523604 7.433091 -0.201460 0.763156 -0.901177 
-1.458343 2.523574 7.433088 -0.201443 0.763080 -0.901199 
-1.458317 2.523543 7.433075 -0.201387 0.763021 -0.901240 
-1.458319 2.523503 7.433060 -0.201407 0.762939 -0.901271 
-1.458268 2.523419 7.433074 -0.201404 0.762940 -0.901284 
-1.458204 2.523393 7.433096 -0.201383 0.762876 -0.901301 
-1.458146 2.523369 7.433114 -0.201366 0.762805 -0.901320 
-1.458096 2.523344 7.433127 -0.201353 0.762727 -0.901342 
-1.458071 2.523314 7.433183 -0.201318 0.762677 -0.901382 
-1.458052 2.523276 7.433192 -0.201280 0.762621 -0.901323 
-1.457975 2.523255 7.433186 -0.201270 0.762569 -0.901349 
-1.457906 2.523231 7.433179 -0.201263 0.762507 -0.901378 
-1.457841 2.523205 7.433173 -0.201257 0.762442 -0.901405 
-1.457765 2.523188 7.433165 -0.201253 0.762393 -0.901443 
-1.457716 2.523183 7.433153 -0.201269 0.762311 -0.901468 
-1.457648 2.523160 7.433146 -0.201263 0.762248 -0.901494 
-1.457588 2.523136 7.433141 -0.201254 0.762173 -0.901499 
-1.457523 2.523111 7.433136 -0.201245 0.762103 -0.901512 
-1.457451 2.523097 7.433127 -0.201246 0.762074 -0.901572 
-1.457389 2.523081 7.433133 -0.201242 0.762004 -0.901605 
-1.457321 2.523058 7.433129 -0.201234 0.761940 -0.901631 
-1.457281 2.523057 7.433155 -0.201235 0.761860 -0.901667 
-1.457254 2.523000 7.433130 -0.201266 0.761805 -0.901706 
-1.457184 2.522964 7.433163 -0.201235 0.761775 -0.901733 
-1.457131 2.522945 7.433163 -0.201179 0.761730 -0.901775 
-1.457053 2.522925 7.433179 -0.201153 0.761688 -0.901803 
-1.457012 2.522904 7.433143 -0.201133 0.761624 -0.901850 
-1.456993 2.522890 7.433163 -0.201118 0.761578 -0.901931 
-1.456971 2.522845 7.433164 -0.201079 0.761500 -0.901936 
-1.456922 2.522790 7.433135 -0.201041 0.761476 -0.901977 
-1.456873 2.522807 7.433117 -0.200996 0.761411 -0.902005 
-1.456823 2.522774 7.433108 -0.201033 0.761345 -0.902028 
-1.456779 2.522739 7.433093 -0.201064 0.761275 -0.902055 
-1.456725 2.522720 7.433078 -0.201075 0.761200 -0.902083 
-1.456673 2.522677 7.433058 -0.201085 0.761138 -0.902117 
-1.456619 2.522699 7.433054 -0.201083 0.761058 -0.902134 
-1.456561 2.522674 7.433036 -0.201082 0.760990 -0.902166 
-1.456583 2.522650 7.433024 -0.201082 0.760896 -0.902174 
-1.456546 2.522617 7.433104 -0.201085 0.760876 -0.902149 
-1.456534 2.522610 7.433082 -0.201083 0.760874 -0.902107 
-1.456461 2.522605 7.433074 -0.201138 0.760834 -0.902113 
-1.456394 2.522597 7.433071 -0.201074 0.760798 -0.902123 
-1.456327 2.522588 7.433067 -0.201011 0.760761 -0.902133 
-1.456246 2.522586 7.433063 -0.200978 0.760715 -0.902141 
-1.456202 2.522507 7.433033 -0.200949 0.760711 -0.902135 
-1.456181 2.522522 7.433022 -0.200901 0.760682 -0.902058 
-1.456226 2.522494 7.433034 -0.200950 0.760669 -0.902141 
-1.456203 2.522463 7.433106 -0.200914 0.760635 -0.902171 
-1.456190 2.522465 7.433068 -0.200864 0.760591 -0.902234 
-1.456137 2.522442 7.433063 -0.200899 0.760521 -0.902256 
-1.456090 2.522412 7.433059 -0.200928 0.760448 -0.902282 
-1.456049 2.522381 7.433045 -0.200937 0.760373 -0.902321 
-1.456041 2.522380 7.433009 -0.200883 0.760332 -0.902384 
-1.456016 2.522437 7.433027 -0.200902 0.760267 -0.902418 
-1.455937 2.522427 7.433022 -0.200918 0.760288 -0.902472 
-1.455864 2.522433 7.433005 -0.200876 0.760260 -0.902429 
-1.455830 2.522439 7.432923 -0.200911 0.760233 -0.902435 
-1.455758 2.522411 7.432909 -0.200907 0.760178 -0.902465 
-1.455684 2.522391 7.432891 -0.200899 0.760127 -0.902497 
-1.455614 2.522358 7.432886 -0.200892 0.760072 -0.902527 
-1.455541 2.522336 7.432866 -0.200888 0.760019 -0.902558 
-1.455467 2.522322 7.432831 -0.200888 0.759971 -0.902587 
-1.455406 2.522282 7.432858 -0.200869 0.759919 -0.902617 
-1.455334 2.522248 7.432866 -0.200906 0.759872 -0.902615 
-1.455290 2.522170 7.432833 -0.200884 0.759860 -0.902627 
-1.455270 2.522146 7.432816 -0.200867 0.759769 -0.902637 
-1.455250 2.522113 7.432806 -0.200879 0.759699 -0.902696 
-1.455200 2.522092 7.432795 -0.200854 0.759621 -0.902710 
-1.455151 2.522073 7.432785 -0.200828 0.759541 -0.902722 
-1.455103 2.522042 7.432772 -0.200811 0.759467 -0.902750 
-1.455057 2.522012 7.432756 -0.200803 0.759389 -0.902772 
-1.455007 2.521980 7.432753 -0.200768 0.759333 -0.902817 
-1.454957 2.521946 7.432743 -0.200745 0.759267 -0.902856 
-1.454909 2.521918 7.432729 -0.200729 0.759190 -0.902879 
-1.454863 2.521894 7.432715 -0.200716 0.759108 -0.902892 
-1.454814 2.521859 7.432707 -0.200692 0.759047 -0.902936 
-1.454767 2.521829 7.432691 -0.200681 0.758969 -0.902958 
-1.454719 2.521792 7.432680 -0.200662 0.758906 -0.903000 
-1.454673 2.521762 7.432664 -0.200654 0.758827 -0.903021 
-1.454625 2.521724 7.432651 -0.200640 0.758763 -0.903064 
-1.454582 2.521697 7.432632 -0.200638 0.758680 -0.903075 
-1.454536 2.521654 7.432621 -0.200624 0.758625 -0.903127 
-1.454494 2.521622 7.432600 -0.200629 0.758545 -0.903145 
-1.454432 2.521602 7.432597 -0.200577 0.758490 -0.903156 
-1.454372 2.521575 7.432592 -0.200531 0.758436 -0.903178 
-1.454316 2.521551 7.432580 -0.200502 0.758363 -0.903187 
-1.454259 2.521515 7.432576 -0.200460 0.758319 -0.903228 
-1.454217 2.521486 7.432557 -0.200460 0.758237 -0.903246 
-1.454176 2.521451 7.432540 -0.200461 0.758162 -0.903280 
-1.454126 2.521426 7.432524 -0.200447 0.758082 -0.903287 
-1.454073 2.521390 7.432512 -0.200425 0.758018 -0.903322 
-1.454013 2.521366 7.432502 -0.200388 0.757954 -0.903328 
-1.453971 2.521328 7.432485 -0.200387 0.757881 -0.903364 
-1.453926 2.521287 7.432472 -0.200377 0.757820 -0.903412 
-1.453886 2.521259 7.432451 -0.200382 0.757736 -0.903425 
-1.453827 2.521230 7.432440 -0.200349 0.757673 -0.903443 
-1.453780 2.521188 7.432428 -0.200336 0.757613 -0.903490 
-1.453732 2.521152 7.432411 -0.200328 0.757540 -0.903518 
-1.453670 2.521121 7.432404 -0.200285 0.757489 -0.903544 
-1.453621 2.521091 7.432386 -0.200277 0.757411 -0.903556 
-1.453575 2.521055 7.432368 -0.200271 0.757338 -0.903585 
-1.453519 2.521023 7.432354 -0.200250 0.757268 -0.903603 
-1.453477 2.520981 7.432338 -0.200248 0.757204 -0.903650 
-1.453420 2.520945 7.432326 -0.200222 0.757142 -0.903677 
-1.453369 2.520912 7.432308 -0.200210 0.757068 -0.903696 
-1.453303 2.520890 7.432310 -0.200145 0.757040 -0.903710 
-1.453313 2.520845 7.432351 -0.200124 0.756967 -0.903733 
-1.453321 2.520855 7.432291 -0.200087 0.756915 -0.903779 
-1.453261 2.520893 7.432324 -0.200113 0.756877 -0.903822 
-1.453187 2.520865 7.432329 -0.200140 0.756834 -0.903856 
-1.453111 2.520845 7.432335 -0.200164 0.756782 -0.903879 
-1.453037 2.520816 7.432348 -0.200176 0.756754 -0.903930 
-1.452960 2.520816 7.432367 -0.200187 0.756698 -0.903951 
-1.452895 2.520788 7.432351 -0.200211 0.756641 -0.903980 
-1.452826 2.520783 7.432353 -0.200212 0.756588 -0.904029 
-1.452777 2.520741 7.432390 -0.200222 0.756527 -0.904053 
-1.452695 2.520707 7.432376 -0.200182 0.756512 -0.904042 
-1.452602 2.520685 7.432374 -0.200185 0.756485 -0.904053 
-1.452548 2.520643 7.432409 -0.200194 0.756426 -0.904076 
-1.452497 2.520646 7.432425 -0.200136 0.756385 -0.904123 
-1.452453 2.520636 7.432406 -0.200118 0.756302 -0.904103 
-1.452408 2.520578 7.432377 -0.200098 0.756251 -0.904130 
-1.452341 2.520539 7.432387 -0.200070 0.756195 -0.904128 
-1.452279 2.520526 7.432377 -0.200072 0.756125 -0.904158 
-1.452218 2.520512 7.432367 -0.200073 0.756054 -0.904189 
-1.452159 2.520499 7.432357 -0.200076 0.755982 -0.904222 
-1.452081 2.520481 7.432350 -0.200072 0.755924 -0.904238 
-1.452019 2.520455 7.432341 -0.200065 0.755856 -0.904264 
-1.451996 2.520437 7.432327 -0.200066 0.755774 -0.904310 
-1.451939 2.520386 7.432301 -0.200061 0.755737 -0.904357 
-1.451896 2.520342 7.432350 -0.200071 0.755679 -0.904376 
-1.451857 2.520351 7.432372 -0.200003 0.755646 -0.904422 
-1.451806 2.520323 7.432362 -0.199980 0.755569 -0.904430 
-1.451744 2.520309 7.432357 -0.199976 0.755499 -0.904460 
-1.451681 2.520296 7.432353 -0.199972 0.755428 -0.904489 
-1.451615 2.520288 7.432349 -0.199972 0.755360 -0.904521 
-1.451556 2.520270 7.432343 -0.199963 0.755287 -0.904546 
-1.451496 2.520258 7.432344 -0.199953 0.755220 -0.904586 
-1.451445 2.520227 7.432331 -0.199936 0.755142 -0.904591 
-1.451391 2.520205 7.432327 -0.199918 0.755069 -0.904620 
-1.451351 2.520166 7.432317 -0.199887 0.754992 -0.904627 
-1.451293 2.520148 7.432314 -0.199875 0.754920 -0.904658 
-1.451223 2.520151 7.432311 -0.199887 0.754860 -0.904692 
-1.451165 2.520131 7.432307 -0.199874 0.754787 -0.904720 
-1.451126 2.520136 7.432331 -0.199833 0.754752 -0.904791 
-1.451036 2.520118 7.432338 -0.199803 0.754726 -0.904780 
-1.451022 2.520158 7.432365 -0.199789 0.754642 -0.904767 
-1.450996 2.520190 7.432292 -0.199758 0.754601 -0.904786 
-1.450954 2.520165 7.432300 -0.199768 0.754520 -0.904818 
-1.450932 2.520119 7.432304 -0.199761 0.754438 -0.904840 
-1.450884 2.520106 7.432310 -0.199794 0.754367 -0.904876 
-1.450844 2.520085 7.432305 -0.199789 0.754283 -0.904906 
-1.450791 2.520110 7.432270 -0.199794 0.754219 -0.904942 
-1.450752 2.520129 7.432299 -0.199795 0.754135 -0.904954 
-1.450663 2.520094 7.432295 -0.199789 0.754106 -0.904962 
-1.450615 2.520062 7.432261 -0.199817 0.754048 -0.904924 
-1.450544 2.520033 7.432263 -0.199809 0.754009 -0.904974 
-1.450476 2.520013 7.432272 -0.199802 0.753956 -0.905019 
-1.450415 2.520004 7.432278 -0.199809 0.753878 -0.905031 
-1.450361 2.519961 7.432246 -0.199826 0.753821 -0.905056 
-1.450306 2.519955 7.432273 -0.199807 0.753784 -0.905122 
-1.450250 2.519945 7.432263 -0.199742 0.753736 -0.905133 
-1.450180 2.519939 7.432257 -0.199690 0.753690 -0.905149 
-1.450119 2.519934 7.432282 -0.199673 0.753652 -0.905211 
-1.450148 2.519923 7.432301 -0.199641 0.753565 -0.905222 
-1.450137 2.519842 7.432349 -0.199619 0.753577 -0.905206 
-1.450138 2.519813 7.432315 -0.199635 0.753570 -0.905219 
-1.450144 2.519797 7.432289 -0.199561 0.753566 -0.905278 
-1.450116 2.519799 7.432269 -0.199542 0.753555 -0.905247 
-1.450071 2.519775 7.432274 -0.199558 0.753476 -0.905274 
-1.450022 2.519753 7.432281 -0.199576 0.753399 -0.905304 
-1.449972 2.519729 7.432278 -0.199584 0.753317 -0.905317 
-1.449929 2.519705 7.432284 -0.199593 0.753242 -0.905359 
-1.449879 2.519680 7.432271 -0.199585 0.753161 -0.905369 
-1.449834 2.519654 7.432266 -0.199579 0.753084 -0.905403 
-1.449787 2.519632 7.432236 -0.199556 0.753010 -0.905381 
-1.449780 2.519580 7.432199 -0.199589 0.752941 -0.905389 
-1.449682 2.519576 7.432186 -0.199600 0.752947 -0.905399 
-1.449610 2.519559 7.432231 -0.199583 0.752902 -0.905391 
-1.449551 2.519614 7.432226 -0.199585 0.752844 -0.905402 
-1.449484 2.519595 7.432212 -0.199528 0.752816 -0.905432 
-1.449399 2.519581 7.432201 -0.199493 0.752783 -0.905420 
-1.449333 2.519565 7.432226 -0.199487 0.752757 -0.905484 
-1.449339 2.519535 7.432225 -0.199458 0.752668 -0.905498 
-1.449317 2.519545 7.432258 -0.199386 0.752615 -0.905515 
-1.449288 2.519524 7.432194 -0.199376 0.752561 -0.905556 
-1.449270 2.519432 7.432185 -0.199351 0.752544 -0.905571 
-1.449225 2.519412 7.432180 -0.199379 0.752462 -0.905576 
-1.449191 2.519389 7.432174 -0.199407 0.752378 -0.905596 
-1.449167 2.519346 7.432167 -0.199422 0.752301 -0.905634 
-1.449092 2.519336 7.432150 -0.199417 0.752242 -0.905612 
-1.449044 2.519262 7.432132 -0.199383 0.752215 -0.905614 
-1.449071 2.519232 7.432089 -0.199385 0.752156 -0.905558 
-1.449062 2.519228 7.432052 -0.199410 0.752174 -0.905567 
-1.449017 2.519181 7.432130 -0.199423 0.752123 -0.905542 
-1.448958 2.519163 7.432124 -0.199392 0.752055 -0.905566 
-1.448899 2.519145 7.432118 -0.199362 0.751987 -0.905591 
-1.448838 2.519126 7.432113 -0.199331 0.751920 -0.905613 
-1.448774 2.519101 7.432114 -0.199308 0.751854 -0.905629 
-1.448710 2.519079 7.432111 -0.199280 0.751787 -0.905648 
-1.448645 2.519048 7.432119 -0.199266 0.751722 -0.905661 
-1.448582 2.519031 7.432111 -0.199230 0.751657 -0.905680 
-1.448517 2.518991 7.432131 -0.199235 0.751596 -0.905687 
-1.448450 2.518958 7.432142 -0.199225 0.751533 -0.905697 
-1.448383 2.518929 7.432148 -0.199207 0.751468 -0.905710 
-1.448378 2.518904 7.432199 -0.199176 0.751421 -0.905651 
-1.448400 2.518854 7.432220 -0.199189 0.751365 -0.905708 
-1.448389 2.518913 7.432235 -0.199237 0.751302 -0.905713 
-1.448379 2.518927 7.432271 -0.199224 0.751317 -0.905735 
-1.448316 2.518881 7.432291 -0.199254 0.751273 -0.905762 
-1.448269 2.518858 7.432293 -0.199234 0.751203 -0.905807 
-1.448223 2.518834 7.432296 -0.199218 0.751132 -0.905851 
-1.448176 2.518808 7.432300 -0.199203 0.751062 -0.905895 
-1.448121 2.518772 7.432313 -0.199207 0.750998 -0.905934 
-1.448096 2.518767 7.432304 -0.199163 0.750926 -0.905980 
-1.448058 2.518758 7.432334 -0.199134 0.750867 -0.906038 
-1.448028 2.518754 7.432328 -0.199132 0.750779 -0.906072 
-1.447964 2.518692 7.432333 -0.199130 0.750745 -0.906104 
-1.447903 2.518662 7.432371 -0.199157 0.750702 -0.906140 
-1.447864 2.518623 7.432381 -0.199103 0.750668 -0.906192 
-1.447820 2.518577 7.432366 -0.199072 0.750610 -0.906230 
-1.447783 2.518557 7.432380 -0.199032 0.750552 -0.906285 
-1.447729 2.518517 7.432387 -0.199025 0.750491 -0.906325 
-1.447677 2.518483 7.432400 -0.199013 0.750429 -0.906371 
-1.447641 2.518474 7.432427 -0.198976 0.750373 -0.906430 
-1.447601 2.518451 7.432411 -0.198973 0.750291 -0.906460 
-1.447543 2.518407 7.432422 -0.198976 0.750236 -0.906498 
-1.447488 2.518371 7.432435 -0.198975 0.750174 -0.906539 
-1.447435 2.518338 7.432446 -0.198972 0.750109 -0.906581 
-1.447410 2.518336 7.432428 -0.198961 0.750020 -0.906612 
-1.447384 2.518270 7.432401 -0.198905 0.750003 -0.906639 
-1.447337 2.518235 7.432423 -0.198873 0.749957 -0.906693 
-1.447279 2.518172 7.432416 -0.198895 0.749914 -0.906709 
-1.447234 2.518128 7.432397 -0.198890 0.749844 -0.906737 
-1.447174 2.518081 7.432418 -0.198891 0.749798 -0.906778 
-1.447123 2.518039 7.432429 -0.198869 0.749745 -0.906825 
-1.447071 2.517996 7.432432 -0.198864 0.749683 -0.906864 
-1.447025 2.517957 7.432440 -0.198833 0.749628 -0.906913 
-1.446975 2.517915 7.432437 -0.198827 0.749561 -0.906949 
-1.446939 2.517882 7.432435 -0.198786 0.749502 -0.906997 
-1.446884 2.517854 7.432456 -0.198783 0.749441 -0.907043 
-1.446841 2.517815 7.432433 -0.198790 0.749366 -0.907063 
-1.446807 2.517795 7.432432 -0.198756 0.749295 -0.907111 
-1.446749 2.517774 7.432461 -0.198773 0.749237 -0.907152 
-1.446691 2.517716 7.432476 -0.198766 0.749197 -0.907191 
-1.446640 2.517684 7.432501 -0.198746 0.749146 -0.907243 
-1.446587 2.517640 7.432503 -0.198748 0.749083 -0.907279 
-1.446534 2.517604 7.432511 -0.198743 0.749019 -0.907320 
-1.446509 2.517610 7.432565 -0.198694 0.749004 -0.907382 
-1.446502 2.517553 7.432529 -0.198627 0.748985 -0.907405 
-1.446510 2.517600 7.432508 -0.198606 0.748905 -0.907425 
-1.446452 2.517565 7.432530 -0.198611 0.748849 -0.907468 
-1.446395 2.517527 7.432548 -0.198616 0.748792 -0.907509 
-1.446341 2.517483 7.432553 -0.198618 0.748731 -0.907545 
-1.446286 2.517442 7.432567 -0.198616 0.748673 -0.907587 
-1.446243 2.517396 7.432552 -0.198604 0.748605 -0.907619 
-1.446195 2.517368 7.432569 -0.198585 0.748543 -0.907669 
-1.446135 2.517309 7.432598 -0.198629 0.748543 -0.907680 
-1.446069 2.517320 7.432613 -0.198592 0.748524 -0.907620 
-1.445991 2.517346 7.432568 -0.198593 0.748536 -0.907651 
-1.445905 2.517338 7.432570 -0.198587 0.748487 -0.907652 
-1.445837 2.517328 7.432590 -0.198527 0.748466 -0.907682 
-1.445769 2.517273 7.432556 -0.198540 0.748455 -0.907651 
-1.445691 2.517289 7.432595 -0.198584 0.748447 -0.907641 
-1.445633 2.517316 7.432565 -0.198587 0.748379 -0.907622 
-1.445605 2.517287 7.432554 -0.198629 0.748328 -0.907685 
-1.445601 2.517243 7.432599 -0.198637 0.748253 -0.907665 
-1.445536 2.517224 7.432588 -0.198666 0.748192 -0.907692 
-1.445485 2.517197 7.432611 -0.198674 0.748118 -0.907667 
-1.445414 2.517183 7.432595 -0.198702 0.748062 -0.907694 
-1.445364 2.517161 7.432621 -0.198700 0.747995 -0.907653 
-1.445288 2.517148 7.432613 -0.198719 0.747934 -0.907658 
-1.445258 2.517133 7.432650 -0.198701 0.747884 -0.907590 
-1.445264 2.517128 7.432632 -0.198781 0.747844 -0.907550 
-1.445252 2.517165 7.432683 -0.198715 0.747885 -0.907599 
-1.445248 2.517128 7.432653 -0.198632 0.747822 -0.907627 
-1.445204 2.517066 7.432690 -0.198589 0.747814 -0.907659 
-1.445139 2.517079 7.432671 -0.198517 0.747805 -0.907659 
-1.445172 2.517055 7.432707 -0.198434 0.747787 -0.907659 
-1.445128 2.517072 7.432683 -0.198526 0.747776 -0.907624 
-1.445086 2.517045 7.432663 -0.198539 0.747703 -0.907663 
-1.445063 2.516970 7.432605 -0.198537 0.747701 -0.907643 
-1.444981 2.516941 7.432624 -0.198553 0.747662 -0.907662 
-1.444922 2.516939 7.432596 -0.198561 0.747588 -0.907672 
-1.444879 2.516912 7.432588 -0.198593 0.747511 -0.907693 
-1.444795 2.516897 7.432553 -0.198584 0.747475 -0.907676 
-1.444723 2.516859 7.432535 -0.198601 0.747423 -0.907673 
-1.444709 2.516879 7.432477 -0.198601 0.747346 -0.907671 
-1.444693 2.516850 7.432499 -0.198523 0.747298 -0.907681 
-1.444639 2.516837 7.432483 -0.198476 0.747269 -0.907741 
-1.444579 2.516842 7.432510 -0.198433 0.747209 -0.907742 
-1.444539 2.516793 7.432487 -0.198374 0.747165 -0.907737 
-1.444551 2.516759 7.432520 -0.198387 0.747096 -0.907788 
-1.444562 2.516775 7.432539 -0.198337 0.747032 -0.907839 
-1.444527 2.516727 7.432609 -0.198317 0.747041 -0.907874 
-1.444471 2.516718 7.432597 -0.198352 0.746976 -0.907909 
-1.444434 2.516698 7.432609 -0.198380 0.746890 -0.907912 
-1.444401 2.516664 7.432591 -0.198407 0.746823 -0.907958 
-1.444337 2.516706 7.432602 -0.198394 0.746764 -0.907979 
-1.444336 2.516742 7.432645 -0.198466 0.746740 -0.908014 
-1.444316 2.516682 7.432634 -0.198387 0.746781 -0.907989 
-1.444234 2.516659 7.432606 -0.198398 0.746763 -0.907952 
-1.444202 2.516625 7.432616 -0.198349 0.746690 -0.907948 
-1.444143 2.516607 7.432588 -0.198300 0.746656 -0.907992 
-1.444083 2.516617 7.432603 -0.198236 0.746618 -0.907970 
-1.444069 2.516533 7.432579 -0.198233 0.746573 -0.907982 
-1.444000 2.516489 7.432527 -0.198254 0.746584 -0.907980 
-1.443964 2.516487 7.432551 -0.198304 0.746521 -0.908021 
-1.443971 2.516507 7.432491 -0.198321 0.746446 -0.908023 
-1.443940 2.516478 7.432490 -0.198344 0.746377 -0.908077 
-1.443866 2.516514 7.432502 -0.198356 0.746322 -0.908080 
-1.443854 2.516477 7.432524 -0.198409 0.746265 -0.908036 
-1.443832 2.516468 7.432497 -0.198434 0.746288 -0.908037 
-1.443863 2.516527 7.432544 -0.198440 0.746218 -0.908098 
-1.443868 2.516488 7.432484 -0.198403 0.746244 -0.908025 
-1.443804 2.516440 7.432524 -0.198343 0.746226 -0.908050 
-1.443746 2.516433 7.432537 -0.198272 0.746193 -0.908033 
-1.443745 2.516362 7.432536 -0.198216 0.746161 -0.908062 
-1.443709 2.516389 7.432541 -0.198223 0.746106 -0.908131 
-1.443631 2.516361 7.432493 -0.198236 0.746117 -0.908152 
-1.443565 2.516340 7.432548 -0.198230 0.746083 -0.908184 
-1.443537 2.516363 7.432559 -0.198172 0.746117 -0.908248 
-1.443550 2.516359 7.432538 -0.198202 0.746064 -0.908157 
-1.443521 2.516328 7.432529 -0.198229 0.745980 -0.908176 
-1.443478 2.516321 7.432530 -0.198276 0.745904 -0.908188 
-1.443461 2.516243 7.432527 -0.198264 0.745845 -0.908187 
-1.443454 2.516238 7.432502 -0.198235 0.745788 -0.908259 
-1.443406 2.516221 7.432491 -0.198208 0.745708 -0.908276 
-1.443357 2.516191 7.432499 -0.198191 0.745638 -0.908312 
-1.443312 2.516164 7.432496 -0.198183 0.745559 -0.908344 
-1.443248 2.516128 7.432478 -0.198153 0.745513 -0.908378 
-1.443196 2.516095 7.432476 -0.198119 0.745449 -0.908410 
-1.443141 2.516064 7.432451 -0.198111 0.745383 -0.908442 
-1.443088 2.516032 7.432438 -0.198092 0.745315 -0.908474 
-1.443037 2.516003 7.432409 -0.198093 0.745246 -0.908503 
-1.442984 2.515971 7.432401 -0.198065 0.745180 -0.908535 
-1.442935 2.515943 7.432380 -0.198061 0.745106 -0.908565 
-1.442884 2.515911 7.432375 -0.198031 0.745040 -0.908597 
-1.442833 2.515880 7.432365 -0.198009 0.744969 -0.908628 
-1.442800 2.515862 7.432326 -0.198041 0.744894 -0.908649 
-1.442721 2.515901 7.432330 -0.198035 0.744867 -0.908687 
-1.442644 2.515864 7.432354 -0.198048 0.744843 -0.908649 
-1.442583 2.515823 7.432361 -0.198050 0.744814 -0.908709 
-1.442512 2.515805 7.432332 -0.198016 0.744768 -0.908731 
-1.442447 2.515792 7.432331 -0.197991 0.744703 -0.908759 
-1.442380 2.515777 7.432327 -0.197967 0.744640 -0.908787 
-1.442301 2.515758 7.432283 -0.197949 0.744614 -0.908810 
-1.442249 2.515732 7.432313 -0.197962 0.744566 -0.908866 
-1.442179 2.515721 7.432342 -0.197974 0.744503 -0.908869 
-1.442120 2.515700 7.432388 -0.197922 0.744484 -0.908900 
-1.442120 2.515627 7.432378 -0.197923 0.744417 -0.908907 
-1.442101 2.515599 7.432366 -0.197929 0.744332 -0.908944 
-1.442067 2.515546 7.432361 -0.197951 0.744262 -0.908973 
-1.442036 2.515533 7.432365 -0.197934 0.744182 -0.909018 
-1.441994 2.515496 7.432378 -0.197917 0.744112 -0.909057 
-1.441966 2.515471 7.432362 -0.197951 0.744036 -0.909093 
-1.441932 2.515380 7.432382 -0.197958 0.744036 -0.909082 
-1.441977 2.515369 7.432458 -0.197968 0.743991 -0.909080 
-1.441913 2.515392 7.432383 -0.197957 0.744019 -0.909041 
-1.441911 2.515352 7.432336 -0.197893 0.743973 -0.909040 
-1.441847 2.515327 7.432318 -0.197839 0.743933 -0.909063 
-1.441791 2.515292 7.432283 -0.197792 0.743888 -0.909078 
-1.441828 2.515244 7.432216 -0.197782 0.743855 -0.909052 
-1.441821 2.515211 7.432231 -0.197773 0.743881 -0.909034 
-1.441823 2.515274 7.432194 -0.197692 0.743834 -0.909060 
-1.441821 2.515253 7.432234 -0.197783 0.743829 -0.909015 
-1.441850 2.515214 7.432282 -0.197778 0.743772 -0.909060 
-1.441807 2.515200 7.432271 -0.197783 0.743757 -0.909070 
-1.441760 2.515176 7.432254 -0.197816 0.743687 -0.909098 
-1.441702 2.515106 7.432260 -0.197821 0.743645 -0.909107 
-1.441628 2.515094 7.432298 -0.197838 0.743610 -0.909144 
-1.441571 2.515079 7.432290 -0.197795 0.743549 -0.909173 
-1.441513 2.515060 7.432282 -0.197755 0.743489 -0.909206 
-1.441452 2.515043 7.432279 -0.197720 0.743430 -0.909240 
-1.441379 2.515044 7.432320 -0.197715 0.743378 -0.909255 
-1.441341 2.515021 7.432339 -0.197714 0.743371 -0.909342 
-1.441262 2.515036 7.432293 -0.197723 0.743408 -0.909339 
-1.441349 2.515054 7.432323 -0.197735 0.743350 -0.909356 
-1.441330 2.514991 7.432306 -0.197788 0.743298 -0.909354 
-1.441284 2.514980 7.432317 -0.197754 0.743223 -0.909384 
-1.441240 2.514968 7.432325 -0.197719 0.743148 -0.909414 
-1.441195 2.514956 7.432333 -0.197686 0.743072 -0.909444 
-1.441150 2.514942 7.432344 -0.197657 0.742995 -0.909474 
-1.441103 2.514925 7.432354 -0.197631 0.742918 -0.909504 
-1.441056 2.514903 7.432365 -0.197615 0.742840 -0.909531 
-1.441045 2.514944 7.432368 -0.197530 0.742822 -0.909555 
-1.441050 2.514930 7.432364 -0.197532 0.742837 -0.909600 
-1.441029 2.514901 7.432323 -0.197506 0.742749 -0.909565 
-1.441000 2.514919 7.432314 -0.197520 0.742664 -0.909601 
-1.440978 2.514898 7.432334 -0.197511 0.742575 -0.909629 
-1.440901 2.514890 7.432319 -0.197509 0.742519 -0.909653 
-1.440824 2.514881 7.432304 -0.197507 0.742462 -0.909677 
-1.440748 2.514872 7.432291 -0.197504 0.742404 -0.909701 
-1.440678 2.514855 7.432293 -0.197499 0.742339 -0.909726 
-1.440611 2.514856 7.432274 -0.197502 0.742273 -0.909754 
-1.440547 2.514845 7.432273 -0.197500 0.742203 -0.909781 
-1.440494 2.514869 7.432232 -0.197514 0.742141 -0.909811 
-1.440434 2.514819 7.432192 -0.197485 0.742102 -0.909814 
-1.440403 2.514778 7.432172 -0.197465 0.742023 -0.909831 
-1.440326 2.514747 7.432170 -0.197450 0.741971 -0.909848 
-1.440251 2.514720 7.432159 -0.197436 0.741917 -0.909865 
-1.440209 2.514690 7.432123 -0.197421 0.741843 -0.909884 
-1.440139 2.514669 7.432093 -0.197409 0.741786 -0.909902 
-1.440086 2.514635 7.432093 -0.197395 0.741712 -0.909923 
-1.440019 2.514606 7.432088 -0.197382 0.741648 -0.909943 
-1.439951 2.514578 7.432084 -0.197369 0.741586 -0.909964 
-1.439909 2.514544 7.432074 -0.197354 0.741506 -0.909984 
-1.439848 2.514517 7.432049 -0.197340 0.741440 -0.910004 
-1.439780 2.514489 7.432052 -0.197328 0.741377 -0.910025 
-1.439711 2.514464 7.432035 -0.197316 0.741316 -0.910045 
-1.439647 2.514437 7.432022 -0.197303 0.741249 -0.910065 
-1.439596 2.514414 7.431972 -0.197289 0.741187 -0.910081 
-1.439522 2.514405 7.431970 -0.197288 0.741125 -0.910108 
-1.439475 2.514381 7.431973 -0.197280 0.741045 -0.910133 
-1.439404 2.514328 7.431980 -0.197251 0.741009 -0.910139 
-1.439340 2.514309 7.431960 -0.197242 0.740942 -0.910161 
-1.439281 2.514286 7.431940 -0.197232 0.740871 -0.910184 
-1.439199 2.514329 7.431915 -0.197253 0.740890 -0.910196 
-1.439201 2.514352 7.431919 -0.197211 0.740891 -0.910209 
-1.439163 2.514331 7.431924 -0.197248 0.740826 -0.910130 
-1.439111 2.514287 7.431926 -0.197255 0.740754 -0.910146 
-1.439059 2.514255 7.431931 -0.197239 0.740679 -0.910164 
-1.439008 2.514234 7.431951 -0.197218 0.740605 -0.910189 
-1.438956 2.514193 7.431952 -0.197218 0.740532 -0.910205 
-1.438905 2.514147 7.431952 -0.197224 0.740461 -0.910219 
-1.438855 2.514130 7.431968 -0.197194 0.740387 -0.910243 
-1.438803 2.514106 7.431964 -0.197165 0.740311 -0.910243 
-1.438751 2.514072 7.431970 -0.197152 0.740237 -0.910267 
-1.438699 2.514038 7.431971 -0.197137 0.740162 -0.910282 
-1.438650 2.514004 7.431964 -0.197122 0.740085 -0.910297 
-1.438600 2.513969 7.431959 -0.197107 0.740009 -0.910313 
-1.438546 2.513937 7.431982 -0.197098 0.739942 -0.910344 
-1.438488 2.513911 7.431993 -0.197075 0.739870 -0.910352 
-1.438437 2.513875 7.431992 -0.197062 0.739795 -0.910369 
-1.438381 2.513848 7.431996 -0.197038 0.739720 -0.910373 
-1.438331 2.513812 7.431991 -0.197025 0.739644 -0.910389 
-1.438279 2.513779 7.431987 -0.197008 0.739568 -0.910399 
-1.438228 2.513738 7.432000 -0.197009 0.739501 -0.910432 
-1.438166 2.513718 7.432025 -0.196981 0.739436 -0.910433 
-1.438117 2.513684 7.432013 -0.196965 0.739359 -0.910440 
-1.438064 2.513644 7.432011 -0.196957 0.739285 -0.910456 
-1.438007 2.513616 7.432015 -0.196934 0.739212 -0.910455 
-1.437950 2.513579 7.432023 -0.196924 0.739141 -0.910468 
-1.437895 2.513551 7.432028 -0.196914 0.739064 -0.910482 
-1.437838 2.513543 7.432064 -0.196862 0.739041 -0.910436 
-1.437857 2.513474 7.432086 -0.196843 0.738978 -0.910446 
-1.437801 2.513423 7.432060 -0.196813 0.738953 -0.910492 
-1.437752 2.513366 7.432044 -0.196857 0.738912 -0.910469 
-1.437698 2.513331 7.432092 -0.196890 0.738876 -0.910503 
-1.437648 2.513295 7.432086 -0.196904 0.738801 -0.910514 
-1.437594 2.513243 7.432084 -0.196918 0.738736 -0.910524 
-1.437548 2.513167 7.432122 -0.196939 0.738738 -0.910537 
-1.437568 2.513143 7.432085 -0.196997 0.738712 -0.910597 
-1.437514 2.513178 7.432099 -0.196935 0.738759 -0.910552 
-1.437435 2.513196 7.432116 -0.196952 0.738714 -0.910520 
-1.437395 2.513192 7.432139 -0.196886 0.738671 -0.910560 
-1.437344 2.513152 7.432111 -0.196828 0.738633 -0.910543 
-1.437273 2.513146 7.432143 -0.196777 0.738604 -0.910563 
-1.437212 2.513151 7.432131 -0.196816 0.738575 -0.910501 
-1.437214 2.513219 7.432091 -0.196784 0.738524 -0.910490 
-1.437195 2.513220 7.432062 -0.196800 0.738530 -0.910522 
-1.437201 2.513182 7.432061 -0.196831 0.738447 -0.910547 
-1.437177 2.513139 7.432032 -0.196852 0.738368 -0.910561 
-1.437155 2.513153 7.432058 -0.196907 0.738302 -0.910595 
-1.437208 2.513141 7.432007 -0.196966 0.738284 -0.910572 
-1.437167 2.513185 7.432041 -0.196883 0.738282 -0.910602 
-1.437175 2.513142 7.432055 -0.196837 0.738256 -0.910672 
-1.437176 2.513122 7.432103 -0.196793 0.738197 -0.910627 
-1.437098 2.513111 7.432086 -0.196749 0.738161 -0.910644 
-1.437044 2.513122 7.432121 -0.196693 0.738128 -0.910683 
-1.437016 2.513080 7.432086 -0.196661 0.738058 -0.910699 
-1.437029 2.513047 7.432111 -0.196617 0.737979 -0.910700 
-1.437018 2.513009 7.432085 -0.196530 0.737983 -0.910688 
-1.437018 2.513008 7.432131 -0.196630 0.737992 -0.910707 
-1.436965 2.513003 7.432146 -0.196672 0.737922 -0.910702 
-1.436958 2.512995 7.432150 -0.196706 0.737860 -0.910773 
-1.436990 2.512955 7.432117 -0.196759 0.737812 -0.910738 
-1.436982 2.513011 7.432187 -0.196723 0.737860 -0.910767 
-1.436876 2.512985 7.432158 -0.196681 0.737816 -0.910794 
-1.436800 2.513009 7.432136 -0.196729 0.737830 -0.910820 
-1.436803 2.513084 7.432098 -0.196704 0.737783 -0.910812 
-1.436819 2.513080 7.432095 -0.196709 0.737771 -0.910858 
-1.436756 2.513064 7.432084 -0.196651 0.737733 -0.910888 
-1.436698 2.513071 7.432126 -0.196622 0.737677 -0.910915 
-1.436660 2.513031 7.432102 -0.196628 0.737597 -0.910913 
-1.436606 2.513002 7.432086 -0.196610 0.737523 -0.910926 
-1.436548 2.512980 7.432083 -0.196589 0.737450 -0.910943 
-1.436488 2.512952 7.432059 -0.196547 0.737396 -0.910965 
-1.436464 2.512930 7.432051 -0.196563 0.737311 -0.911002 
-1.436426 2.512921 7.432038 -0.196570 0.737220 -0.911008 
-1.436389 2.512908 7.432066 -0.196565 0.737150 -0.911060 
-1.436385 2.512926 7.432019 -0.196553 0.737086 -0.911117 
-1.436318 2.512895 7.431999 -0.196605 0.737066 -0.911147 
-1.436312 2.512822 7.431997 -0.196602 0.736999 -0.911159 
-1.436326 2.512840 7.432027 -0.196670 0.736938 -0.911173 
-1.436291 2.512837 7.431990 -0.196594 0.736978 -0.911123 
-1.436218 2.512822 7.431982 -0.196532 0.736965 -0.911139 
-1.436164 2.512791 7.431918 -0.196489 0.736956 -0.911134 
-1.436107 2.512739 7.431961 -0.196474 0.736980 -0.911096 
-1.436136 2.512733 7.431966 -0.196437 0.736983 -0.911082 
-1.436039 2.512762 7.431964 -0.196458 0.736924 -0.911134 
-1.436013 2.512785 7.431942 -0.196480 0.736866 -0.911067 
-1.435957 2.512855 7.431921 -0.196467 0.736901 -0.911056 
-1.436004 2.512762 7.431899 -0.196471 0.736871 -0.911070 
-1.435968 2.512729 7.431894 -0.196506 0.736795 -0.911095 
-1.435942 2.512698 7.431891 -0.196497 0.736705 -0.911109 
-1.435902 2.512648 7.431893 -0.196530 0.736636 -0.911111 
-1.435853 2.512686 7.431864 -0.196541 0.736582 -0.911159 
-1.435915 2.512686 7.431830 -0.196578 0.736525 -0.911181 
-1.435849 2.512661 7.431829 -0.196528 0.736596 -0.911174 
-1.435837 2.512631 7.431880 -0.196512 0.736598 -0.911252 
-1.435845 2.512630 7.431882 -0.196470 0.736574 -0.911243 
-1.435760 2.512610 7.431881 -0.196430 0.736545 -0.911250 
-1.435699 2.512640 7.431871 -0.196365 0.736549 -0.911282 
-1.435764 2.512622 7.431861 -0.196445 0.736510 -0.911272 
-1.435735 2.512556 7.431859 -0.196443 0.736442 -0.911274 
-1.435680 2.512529 7.431844 -0.196413 0.736377 -0.911305 
-1.435626 2.512482 7.431838 -0.196383 0.736316 -0.911321 
-1.435578 2.512501 7.431808 -0.196352 0.736261 -0.911371 
-1.435538 2.512526 7.431861 -0.196360 0.736191 -0.911366 
-1.435487 2.512531 7.431817 -0.196356 0.736129 -0.911327 
-1.435412 2.512512 7.431810 -0.196394 0.736093 -0.911362 
-1.435357 2.512494 7.431803 -0.196394 0.736017 -0.911392 
-1.435278 2.512482 7.431804 -0.196378 0.735964 -0.911414 
-1.435201 2.512473 7.431804 -0.196365 0.735907 -0.911438 
-1.435127 2.512461 7.431802 -0.196355 0.735846 -0.911463 
-1.435147 2.512422 7.431790 -0.196375 0.735765 -0.911493 
-1.435086 2.512434 7.431773 -0.196413 0.735709 -0.911529 
-1.435038 2.512361 7.431800 -0.196427 0.735684 -0.911500 
-1.435013 2.512310 7.431732 -0.196400 0.735698 -0.911533 
-1.434998 2.512279 7.431779 -0.196383 0.735705 -0.911613 
-1.434958 2.512247 7.431769 -0.196325 0.735647 -0.911636 
-1.434917 2.512209 7.431758 -0.196273 0.735590 -0.911664 
-1.434876 2.512160 7.431752 -0.196234 0.735541 -0.911708 
-1.434869 2.512115 7.431782 -0.196261 0.735561 -0.911786 
-1.434827 2.512139 7.431779 -0.196272 0.735567 -0.911791 
-1.434775 2.512108 7.431797 -0.196197 0.735578 -0.911805 
-1.434786 2.512121 7.431762 -0.196182 0.735594 -0.911828 
-1.434768 2.512134 7.431833 -0.196192 0.735497 -0.911842 
-1.434733 2.512108 7.431832 -0.196214 0.735412 -0.911860 
-1.434700 2.512089 7.431842 -0.196236 0.735325 -0.911881 
-1.434685 2.512109 7.431889 -0.196240 0.735248 -0.911915 
-1.434644 2.512063 7.431872 -0.196271 0.735177 -0.911920 
-1.434620 2.512071 7.431916 -0.196283 0.735097 -0.911949 
-1.434579 2.512010 7.431880 -0.196319 0.735054 -0.911939 
-1.434587 2.512030 7.431815 -0.196295 0.735022 -0.912001 
-1.434581 2.512065 7.431790 -0.196258 0.734976 -0.911932 
-1.434562 2.512045 7.431800 -0.196218 0.734981 -0.911938 
-1.434636 2.511995 7.431809 -0.196192 0.734948 -0.911932 
-1.434554 2.512056 7.431831 -0.196223 0.734948 -0.911953 
-1.434488 2.512049 7.431825 -0.196151 0.734926 -0.911960 
-1.434465 2.512016 7.431825 -0.196069 0.734886 -0.911964 
-1.434387 2.512056 7.431802 -0.196036 0.734865 -0.911952 
-1.434402 2.512083 7.431830 -0.196040 0.734774 -0.911944 
-1.434427 2.512146 7.431870 -0.195986 0.734794 -0.911962 
-1.434394 2.512076 7.431857 -0.196039 0.734783 -0.911905 
-1.434349 2.512043 7.431856 -0.196058 0.734722 -0.911987 
-1.434313 2.512001 7.431838 -0.196064 0.734642 -0.911998 
-1.434267 2.511998 7.431833 -0.196125 0.734580 -0.912015 
-1.434305 2.511931 7.431855 -0.196149 0.734533 -0.912044 
-1.434280 2.512028 7.431856 -0.196110 0.734553 -0.912018 
-1.434200 2.512020 7.431842 -0.196066 0.734521 -0.912041 
-1.434182 2.512038 7.431765 -0.196042 0.734483 -0.912079 
-1.434113 2.512026 7.431749 -0.196014 0.734435 -0.912037 
-1.434022 2.512029 7.431751 -0.195991 0.734410 -0.912059 
-1.433976 2.512076 7.431759 -0.195967 0.734340 -0.912049 
-1.433939 2.512064 7.431754 -0.195876 0.734321 -0.912046 
-1.433986 2.512045 7.431771 -0.195972 0.734309 -0.912066 
-1.433936 2.512020 7.431752 -0.196028 0.734251 -0.912068 
-1.433931 2.512048 7.431723 -0.196044 0.734220 -0.912153 
-1.433889 2.512050 7.431794 -0.196082 0.734189 -0.912181 
-1.433907 2.512055 7.431783 -0.196118 0.734099 -0.912171 
-1.433912 2.512046 7.431794 -0.196121 0.734209 -0.912184 
-1.433823 2.511997 7.431778 -0.196044 0.734170 -0.912210 
-1.433736 2.512035 7.431751 -0.196031 0.734165 -0.912203 
-1.433699 2.512029 7.431771 -0.195954 0.734139 -0.912243 
-1.433662 2.511985 7.431802 -0.195930 0.734131 -0.912172 
-1.433682 2.512028 7.431807 -0.195980 0.734139 -0.912259 
-1.433618 2.511979 7.431781 -0.195983 0.734146 -0.912311 
-1.433561 2.511988 7.431795 -0.195951 0.734211 -0.912346 
-1.433589 2.512010 7.431768 -0.195991 0.734130 -0.912300 
-1.433573 2.511983 7.431763 -0.196005 0.734040 -0.912328 
-1.433555 2.511945 7.431737 -0.196063 0.733975 -0.912337 
-1.433521 2.511940 7.431751 -0.196032 0.733901 -0.912383 
-1.433451 2.511967 7.431742 -0.196027 0.733841 -0.912408 
-1.433391 2.511942 7.431736 -0.196010 0.733792 -0.912463 
-1.433342 2.511927 7.431735 -0.196003 0.733719 -0.912509 
-1.433283 2.511917 7.431728 -0.195998 0.733653 -0.912552 
-1.433318 2.511890 7.431756 -0.195994 0.733570 -0.912573 
-1.433338 2.511900 7.431672 -0.195956 0.733546 -0.912597 
-1.433325 2.511878 7.431668 -0.195936 0.733538 -0.912560 
-1.433268 2.511857 7.431664 -0.195874 0.733496 -0.912585 
-1.433209 2.511811 7.431643 -0.195838 0.733452 -0.912611 
-1.433149 2.511823 7.431634 -0.195790 0.733389 -0.912614 
-1.433123 2.511787 7.431638 -0.195708 0.733368 -0.912641 
-1.433178 2.511808 7.431645 -0.195796 0.733353 -0.912608 
-1.433143 2.511771 7.431598 -0.195808 0.733319 -0.912545 
-1.433091 2.511747 7.431672 -0.195838 0.733309 -0.912530 
-1.433081 2.511730 7.431656 -0.195861 0.733301 -0.912566 
-1.433033 2.511743 7.431646 -0.195893 0.733221 -0.912571 
-1.432990 2.511708 7.431635 -0.195939 0.733152 -0.912569 
-1.432959 2.511737 7.431691 -0.195927 0.733120 -0.912506 
-1.432892 2.511783 7.431667 -0.195967 0.733152 -0.912494 
-1.432930 2.511723 7.431681 -0.195890 0.733122 -0.912512 
-1.432880 2.511732 7.431707 -0.195840 0.733082 -0.912563 
-1.432853 2.511745 7.431667 -0.195774 0.733027 -0.912555 
-1.432789 2.511704 7.431688 -0.195717 0.733008 -0.912564 
-1.432798 2.511752 7.431706 -0.195645 0.733052 -0.912572 
-1.432824 2.511678 7.431689 -0.195701 0.733000 -0.912580 
-1.432791 2.511661 7.431627 -0.195721 0.732994 -0.912646 
-1.432770 2.511656 7.431635 -0.195751 0.732904 -0.912669 
-1.432743 2.511607 7.431592 -0.195775 0.732841 -0.912647 
-1.432712 2.511555 7.431628 -0.195834 0.732821 -0.912681 
-1.432681 2.511564 7.431601 -0.195826 0.732736 -0.912714 
-1.432641 2.511537 7.431527 -0.195824 0.732729 -0.912760 
-1.432666 2.511557 7.431470 -0.195885 0.732689 -0.912781 
-1.432677 2.511512 7.431528 -0.195808 0.732721 -0.912777 
-1.432574 2.511499 7.431530 -0.195768 0.732698 -0.912756 
-1.432522 2.511512 7.431554 -0.195721 0.732697 -0.912822 
-1.432462 2.511439 7.431572 -0.195723 0.732721 -0.912833 
-1.432425 2.511433 7.431532 -0.195644 0.732739 -0.912813 
-1.432454 2.511435 7.431532 -0.195739 0.732708 -0.912854 
-1.432418 2.511424 7.431552 -0.195751 0.732619 -0.912867 
-1.432345 2.511465 7.431560 -0.195801 0.732605 -0.912874 
-1.432335 2.511435 7.431578 -0.195817 0.732545 -0.912944 
-1.432328 2.511385 7.431565 -0.195865 0.732480 -0.912915 
-1.432303 2.511405 7.431575 -0.195798 0.732559 -0.912943 
-1.432258 2.511418 7.431551 -0.195732 0.732508 -0.912963 
-1.432218 2.511410 7.431620 -0.195683 0.732475 -0.912966 
-1.432158 2.511395 7.431600 -0.195637 0.732452 -0.913022 
-1.432127 2.511350 7.431576 -0.195638 0.732382 -0.912981 
-1.432182 2.511296 7.431567 -0.195577 0.732364 -0.912985 
-1.432109 2.511342 7.431568 -0.195620 0.732413 -0.912955 
-1.432110 2.511374 7.431570 -0.195638 0.732287 -0.912990 
-1.432083 2.511345 7.431585 -0.195670 0.732208 -0.913019 
-1.432052 2.511359 7.431577 -0.195658 0.732152 -0.913094 
-1.432059 2.511350 7.431497 -0.195700 0.732113 -0.913107 
-1.432096 2.511366 7.431513 -0.195719 0.732111 -0.913123 
-1.431989 2.511336 7.431502 -0.195675 0.732048 -0.913100 
-1.431903 2.511306 7.431512 -0.195702 0.732046 -0.913130 
-1.431901 2.511227 7.431508 -0.195654 0.732019 -0.913156 
-1.431844 2.511216 7.431482 -0.195589 0.731981 -0.913172 
-1.431794 2.511162 7.431478 -0.195564 0.731931 -0.913133 
-1.431768 2.511143 7.431505 -0.195544 0.731850 -0.913168 
-1.431729 2.511105 7.431500 -0.195518 0.731778 -0.913201 
-1.431688 2.511064 7.431493 -0.195492 0.731706 -0.913230 
-1.431641 2.511016 7.431485 -0.195464 0.731639 -0.913237 
-1.431610 2.510987 7.431477 -0.195441 0.731571 -0.913291 
-1.431569 2.510955 7.431501 -0.195402 0.731507 -0.913324 
-1.431532 2.510908 7.431456 -0.195392 0.731443 -0.913342 
-1.431485 2.510859 7.431442 -0.195365 0.731378 -0.913350 
-1.431445 2.510832 7.431484 -0.195321 0.731322 -0.913379 
-1.431430 2.510812 7.431436 -0.195317 0.731275 -0.913450 
-1.431390 2.510762 7.431390 -0.195303 0.731217 -0.913464 
-1.431351 2.510725 7.431378 -0.195272 0.731157 -0.913512 
-1.431307 2.510669 7.431338 -0.195260 0.731106 -0.913487 
-1.431264 2.510635 7.431387 -0.195220 0.731054 -0.913471 
-1.431315 2.510650 7.431359 -0.195180 0.730986 -0.913459 
-1.431235 2.510674 7.431376 -0.195213 0.731050 -0.913465 
-1.431239 2.510621 7.431394 -0.195291 0.730994 -0.913489 
-1.431198 2.510589 7.431389 -0.195346 0.730935 -0.913517 
-1.431175 2.510504 7.431427 -0.195364 0.730924 -0.913536 
-1.431162 2.510491 7.431440 -0.195428 0.730889 -0.913472 
-1.431170 2.510524 7.431467 -0.195353 0.730905 -0.913540 
-1.431183 2.510527 7.431481 -0.195411 0.730888 -0.913617 
-1.431206 2.510512 7.431460 -0.195341 0.730876 -0.913538 
-1.431096 2.510510 7.431445 -0.195321 0.730855 -0.913559 
-1.431020 2.510480 7.431446 -0.195280 0.730820 -0.913575 
-1.430951 2.510510 7.431414 -0.195247 0.730773 -0.913586 
-1.430887 2.510536 7.431473 -0.195212 0.730790 -0.913571 
-1.430943 2.510501 7.431414 -0.195266 0.730756 -0.913545 
-1.430907 2.510475 7.431416 -0.195325 0.730703 -0.913585 
-1.430853 2.510421 7.431360 -0.195351 0.730688 -0.913595 
-1.430850 2.510379 7.431355 -0.195341 0.730598 -0.913608 
-1.430827 2.510387 7.431320 -0.195387 0.730522 -0.913624 
-1.430833 2.510304 7.431351 -0.195426 0.730502 -0.913638 
-1.430800 2.510389 7.431340 -0.195389 0.730515 -0.913588 
-1.430730 2.510394 7.431363 -0.195347 0.730500 -0.913638 
-1.430675 2.510379 7.431338 -0.195278 0.730462 -0.913635 
-1.430658 2.510410 7.431384 -0.195228 0.730401 -0.913652 
-1.430566 2.510425 7.431379 -0.195204 0.730391 -0.913675 
-1.430549 2.510400 7.431334 -0.195141 0.730349 -0.913638 
-1.430543 2.510375 7.431333 -0.195169 0.730317 -0.913648 
-1.430520 2.510296 7.431382 -0.195162 0.730309 -0.913672 
-1.430534 2.510285 7.431344 -0.195156 0.730280 -0.913758 
-1.430501 2.510275 7.431344 -0.195205 0.730203 -0.913780 
-1.430464 2.510255 7.431337 -0.195228 0.730122 -0.913812 
-1.430441 2.510228 7.431312 -0.195213 0.730056 -0.913873 
-1.430397 2.510169 7.431340 -0.195216 0.729999 -0.913892 
-1.430361 2.510180 7.431331 -0.195262 0.729919 -0.913892 
-1.430324 2.510116 7.431281 -0.195300 0.729934 -0.913913 
-1.430360 2.510094 7.431270 -0.195302 0.729916 -0.913894 
-1.430294 2.510107 7.431329 -0.195312 0.729914 -0.913992 
-1.430218 2.510101 7.431321 -0.195254 0.729887 -0.913994 
-1.430133 2.510092 7.431330 -0.195210 0.729865 -0.913984 
-1.430119 2.510076 7.431292 -0.195143 0.729812 -0.914015 
-1.430074 2.510143 7.431247 -0.195138 0.729832 -0.914047 
-1.430063 2.510109 7.431225 -0.195147 0.729856 -0.914058 
-1.430087 2.510144 7.431280 -0.195067 0.729892 -0.914061 
-1.430080 2.510147 7.431222 -0.195125 0.729839 -0.914007 
-1.430012 2.510123 7.431246 -0.195153 0.729758 -0.914055 
-1.430006 2.510113 7.431216 -0.195181 0.729675 -0.914091 
-1.429950 2.510111 7.431232 -0.195248 0.729629 -0.914086 
-1.429904 2.510083 7.431237 -0.195193 0.729574 -0.914118 
-1.429866 2.510062 7.431199 -0.195146 0.729513 -0.914090 
-1.429830 2.510067 7.431201 -0.195094 0.729442 -0.914120 
-1.429779 2.510011 7.431165 -0.195068 0.729419 -0.914162 
-1.429788 2.509939 7.431195 -0.195044 0.729363 -0.914159 
-1.429713 2.509918 7.431225 -0.194992 0.729366 -0.914143 
-1.429689 2.509920 7.431233 -0.195031 0.729348 -0.914137 
-1.429644 2.509903 7.431204 -0.195053 0.729269 -0.914150 
-1.429603 2.509887 7.431219 -0.195081 0.729212 -0.914212 
-1.429555 2.509837 7.431188 -0.195122 0.729161 -0.914214 
-1.429538 2.509869 7.431210 -0.195126 0.729071 -0.914199 
-1.429482 2.509929 7.431160 -0.195136 0.729072 -0.914227 
-1.429514 2.509939 7.431147 -0.195169 0.729067 -0.914234 
-1.429472 2.509905 7.431127 -0.195063 0.729030 -0.914263 
-1.429398 2.509883 7.431144 -0.195016 0.729000 -0.914288 
-1.429357 2.509872 7.431105 -0.194965 0.728977 -0.914229 
-1.429356 2.509925 7.431139 -0.194889 0.728978 -0.914246 
-1.429351 2.509857 7.431096 -0.194952 0.729021 -0.914236 
-1.429329 2.509836 7.431081 -0.194982 0.728899 -0.914264 
-1.429253 2.509869 7.431078 -0.195033 0.728877 -0.914264 
