13.615751 -0.794375 1.179324 9.295747 -0.041603 -0.229470 -0.591143 
14.615751 -0.794375 1.179324 9.295747 -0.041603 -0.229470 -0.591143 
14.615751 0.205625 1.179324 9.295747 -0.041603 -0.229470 -0.591143 
14.615751 -0.794375 2.179324 9.295747 -0.041603 -0.229470 -0.591143 
14.615751 -0.794375 2.179324 10.295747 -0.041603 -0.229470 -0.591143 
14.615751 -0.794375 2.179324 9.295747 0.958397 -0.229470 -0.591143 
14.615751 -0.794375 2.179324 9.295747 -0.041603 0.770530 -0.591143 
14.615751 -0.794375 2.179324 9.295747 -0.041603 -0.229470 0.408857 
14.615791 -1.288294 2.183830 9.295291 -0.886253 -0.435110 -0.608539 
14.615757 -0.311308 2.179993 9.295679 -0.166936 -0.259984 -0.593724 
14.865751 -0.794378 2.179324 9.295747 -0.041603 -0.229470 -0.591143 
14.615424 -0.966215 2.181757 9.295501 -0.497723 -0.340518 -0.600537 
14.615458 -0.783290 2.181518 9.295525 0.187035 -0.329595 -0.599613 
14.615751 -0.794375 2.304294 9.295747 -0.041603 -0.226732 -0.591143 
14.615595 -0.788466 2.171724 9.295629 0.007611 0.015407 -0.595658 
14.615751 -0.793713 2.179325 9.170749 -0.041775 -0.229512 -0.591143 
14.615688 -0.547656 2.178657 9.172081 -0.083995 -0.242461 -0.593066 
14.615751 -0.795625 2.179352 9.170746 -0.046849 -0.230747 -0.716019 
14.615234 -0.892931 2.173583 9.170298 -0.264907 -0.304552 -0.714814 
14.615617 -0.802660 2.174712 9.170593 -0.041367 -0.106214 -0.719922 
14.553251 -0.795616 2.179354 9.170746 -0.046680 -0.230821 -0.716025 
14.553448 -0.810111 2.175710 9.170365 0.072501 -0.263904 -0.726160 
14.553176 -0.671165 2.177548 9.171354 -0.056634 -0.235092 -0.720023 
14.552997 -0.821604 2.176286 9.170565 -0.099475 -0.251563 -0.717987 
14.553004 -0.821906 2.145161 9.170561 -0.097008 -0.252851 -0.718076 
14.552883 -0.859039 2.147031 9.170122 -0.070598 -0.294724 -0.726611 
14.552883 -0.858883 2.147025 9.138873 -0.070633 -0.294556 -0.726613 
14.552520 -0.906456 2.142721 9.170121 -0.072903 -0.255664 -0.737009 
14.552883 -0.852686 2.146939 9.170155 -0.072375 -0.295258 -0.757152 
14.551183 -0.881317 2.129430 9.170015 -0.106930 -0.323466 -0.695771 
14.530129 -0.854051 2.147636 9.170167 -0.051052 -0.287612 -0.725624 
14.546052 -0.848060 2.148365 9.170223 -0.026478 -0.278608 -0.724355 
14.530123 -0.853428 2.132062 9.170168 -0.050423 -0.288496 -0.725469 
14.501282 -0.853700 2.148658 9.170188 -0.040810 -0.286294 -0.719573 
14.503485 -0.858393 2.149811 9.187811 -0.040310 -0.301082 -0.699108 
14.500928 -0.838726 2.149249 9.169748 -0.043836 -0.287812 -0.716780 
14.499670 -0.855483 2.146972 9.178715 -0.051653 -0.260436 -0.709131 
14.498034 -0.853194 2.146989 9.190765 -0.050791 -0.260156 -0.718627 
14.479341 -0.865880 2.147736 9.172283 -0.069864 -0.251487 -0.710363 
14.501410 -0.854498 2.147696 9.178305 -0.039168 -0.251720 -0.706370 
14.500006 -0.856053 2.154605 9.179705 -0.052005 -0.260848 -0.708099 
14.499509 -0.858665 2.143772 9.187099 -0.053731 -0.267350 -0.699064 
14.503223 -0.862128 2.146591 9.178906 -0.051525 -0.259922 -0.711075 
14.514178 -0.857407 2.146110 9.178502 -0.061499 -0.260494 -0.712347 
14.492579 -0.868896 2.146767 9.176276 -0.059921 -0.260083 -0.713826 
14.503693 -0.862074 2.146901 9.176857 -0.048918 -0.266561 -0.713451 
14.503596 -0.862963 2.146270 9.177050 -0.051791 -0.260600 -0.707859 
14.503305 -0.864163 2.144799 9.183536 -0.052005 -0.263337 -0.705076 
14.504729 -0.863920 2.146313 9.177359 -0.045623 -0.256322 -0.706311 
14.506936 -0.861915 2.146096 9.177129 -0.053351 -0.259872 -0.707763 
14.503478 -0.862837 2.144363 9.176795 -0.051728 -0.260498 -0.708124 
14.502183 -0.864963 2.144343 9.176163 -0.054117 -0.258800 -0.708395 
14.504275 -0.864203 2.144326 9.176562 -0.051354 -0.261275 -0.708842 
14.501699 -0.860512 2.144615 9.174727 -0.052531 -0.261801 -0.708135 
14.503204 -0.863056 2.143965 9.178361 -0.052114 -0.260991 -0.707294 
14.503606 -0.863069 2.144288 9.176364 -0.051580 -0.260513 -0.707305 
14.503614 -0.863171 2.144275 9.176465 -0.050362 -0.259058 -0.706867 
14.503378 -0.862978 2.144279 9.176089 -0.049181 -0.257765 -0.706149 
14.502846 -0.863095 2.144285 9.175628 -0.049084 -0.258289 -0.705749 
14.504628 -0.862749 2.144117 9.175430 -0.049894 -0.257679 -0.705044 
14.504221 -0.863107 2.144138 9.175307 -0.050519 -0.257176 -0.705022 
14.504761 -0.864935 2.144016 9.175029 -0.050434 -0.256890 -0.705030 
14.504533 -0.865487 2.143629 9.176375 -0.050758 -0.256761 -0.703857 
14.504472 -0.865418 2.142677 9.176253 -0.050751 -0.256736 -0.704011 
14.504455 -0.866516 2.142564 9.176076 -0.051853 -0.255664 -0.703562 
14.505244 -0.867629 2.142318 9.175920 -0.052617 -0.254948 -0.702683 
14.505698 -0.867763 2.142311 9.176759 -0.052195 -0.253413 -0.703275 
14.506241 -0.868285 2.142276 9.177679 -0.053339 -0.253535 -0.704313 
14.505509 -0.868535 2.142304 9.176739 -0.051722 -0.253630 -0.703499 
14.504998 -0.868943 2.142256 9.176756 -0.051503 -0.251896 -0.702926 
14.505364 -0.869091 2.140987 9.176843 -0.050831 -0.250730 -0.702446 
14.505799 -0.869216 2.141353 9.175410 -0.050803 -0.249769 -0.703150 
14.506457 -0.869521 2.141743 9.175452 -0.050800 -0.249810 -0.702626 
14.506221 -0.869521 2.142697 9.175925 -0.050021 -0.248449 -0.702220 
14.506145 -0.869282 2.141758 9.174910 -0.050418 -0.250067 -0.702085 
14.506217 -0.870595 2.141336 9.175277 -0.052154 -0.249211 -0.702161 
14.506289 -0.872456 2.140858 9.175212 -0.052356 -0.249104 -0.702409 
14.506892 -0.872704 2.140270 9.175186 -0.053903 -0.248357 -0.702103 
14.506370 -0.873159 2.141575 9.175067 -0.055054 -0.248804 -0.702413 
14.506843 -0.872685 2.139928 9.175648 -0.054106 -0.249082 -0.701868 
14.506297 -0.873024 2.140389 9.176188 -0.053554 -0.247045 -0.701399 
14.505768 -0.873328 2.139981 9.175130 -0.053223 -0.246336 -0.700156 
14.504507 -0.873073 2.139024 9.175020 -0.053396 -0.245719 -0.701061 
14.504603 -0.873969 2.138822 9.175020 -0.053220 -0.245786 -0.701314 
14.505088 -0.874113 2.138546 9.175089 -0.052568 -0.244053 -0.701091 
14.504448 -0.874830 2.139498 9.174937 -0.052896 -0.242720 -0.700809 
14.503646 -0.874942 2.140225 9.174897 -0.051328 -0.242311 -0.700780 
14.504170 -0.874942 2.139273 9.175705 -0.052918 -0.242771 -0.700340 
14.504442 -0.875498 2.138822 9.175555 -0.054134 -0.241598 -0.699746 
14.504386 -0.876184 2.138609 9.175420 -0.054838 -0.240093 -0.699026 
14.504010 -0.876898 2.138419 9.175760 -0.055187 -0.238680 -0.698081 
14.504014 -0.877568 2.138243 9.175470 -0.055905 -0.237152 -0.697448 
14.503745 -0.878287 2.138081 9.175574 -0.056347 -0.235645 -0.696599 
14.503863 -0.878915 2.137940 9.175068 -0.057121 -0.234132 -0.696107 
14.503912 -0.879540 2.137945 9.175650 -0.057903 -0.232593 -0.695786 
14.503555 -0.880260 2.137755 9.175609 -0.058211 -0.231141 -0.694823 
14.503522 -0.880928 2.137616 9.175137 -0.058810 -0.229606 -0.694183 
14.503309 -0.881636 2.137532 9.175444 -0.059305 -0.228048 -0.693479 
14.503522 -0.882245 2.137527 9.175243 -0.060161 -0.226446 -0.693235 
14.503061 -0.882908 2.137270 9.174669 -0.060207 -0.225215 -0.692117 
14.502630 -0.883623 2.137139 9.175039 -0.060441 -0.223786 -0.691186 
14.502438 -0.884332 2.137028 9.174860 -0.060893 -0.222216 -0.690436 
14.502070 -0.884985 2.136988 9.175763 -0.061199 -0.220859 -0.689729 
14.502510 -0.885471 2.137086 9.175959 -0.062265 -0.219384 -0.689887 
14.502142 -0.887287 2.136760 9.175896 -0.062766 -0.219468 -0.689766 
14.503329 -0.887721 2.137644 9.176001 -0.062731 -0.219592 -0.688579 
14.502811 -0.887568 2.138247 9.175907 -0.063226 -0.219759 -0.688449 
14.503732 -0.887987 2.136465 9.176130 -0.062901 -0.218509 -0.687593 
14.503976 -0.888747 2.136303 9.176121 -0.062105 -0.216943 -0.687342 
14.504339 -0.889532 2.136002 9.176436 -0.061440 -0.215404 -0.687084 
14.504839 -0.889827 2.134806 9.176925 -0.061704 -0.214421 -0.686206 
14.505425 -0.890187 2.134335 9.175434 -0.061613 -0.213504 -0.685990 
14.504740 -0.890434 2.133847 9.175208 -0.060332 -0.213564 -0.684827 
14.505823 -0.889420 2.134272 9.175502 -0.061188 -0.213403 -0.686068 
14.504647 -0.889862 2.135092 9.175353 -0.062425 -0.212295 -0.685354 
14.505204 -0.891295 2.135498 9.175545 -0.063150 -0.211528 -0.684984 
14.504734 -0.892400 2.134960 9.175650 -0.063829 -0.210406 -0.685580 
14.504843 -0.893263 2.134572 9.175342 -0.065381 -0.210168 -0.684990 
14.504964 -0.893342 2.134746 9.174430 -0.065245 -0.210046 -0.685182 
14.504519 -0.894504 2.136040 9.174656 -0.065179 -0.209619 -0.685775 
14.505499 -0.894635 2.136094 9.174872 -0.064916 -0.207977 -0.685918 
14.505106 -0.895448 2.135704 9.174728 -0.063854 -0.207234 -0.684847 
14.506109 -0.896703 2.135028 9.174874 -0.063109 -0.207118 -0.685281 
14.505883 -0.896978 2.134875 9.174794 -0.062628 -0.205269 -0.685189 
14.506849 -0.897191 2.135828 9.174797 -0.062166 -0.204652 -0.684033 
14.506895 -0.897623 2.135635 9.174640 -0.062944 -0.204546 -0.683738 
14.506067 -0.899206 2.135961 9.174443 -0.063480 -0.204165 -0.683523 
14.506163 -0.899400 2.135730 9.172521 -0.063499 -0.204043 -0.683472 
14.505847 -0.899418 2.135215 9.172570 -0.063167 -0.204244 -0.682812 
14.506325 -0.900225 2.135105 9.172613 -0.064772 -0.203045 -0.683165 
14.507159 -0.901169 2.135734 9.172570 -0.065586 -0.203393 -0.682142 
14.505999 -0.899734 2.135569 9.172531 -0.064940 -0.202637 -0.682730 
14.504883 -0.899633 2.135287 9.172381 -0.066419 -0.203090 -0.682984 
14.505449 -0.900381 2.135922 9.172531 -0.064667 -0.202484 -0.682827 
14.505672 -0.900842 2.135763 9.172568 -0.064389 -0.200636 -0.682637 
14.506249 -0.900904 2.136750 9.171674 -0.064329 -0.199701 -0.683547 
14.506362 -0.900839 2.137074 9.172500 -0.064523 -0.199625 -0.683872 
14.506335 -0.901172 2.137178 9.172885 -0.063602 -0.198131 -0.683190 
14.505596 -0.901613 2.136630 9.172756 -0.064896 -0.197125 -0.683460 
14.505618 -0.902334 2.135355 9.172860 -0.064704 -0.196699 -0.684660 
14.505805 -0.903209 2.135591 9.172875 -0.064824 -0.196921 -0.684477 
14.506843 -0.903535 2.135060 9.172816 -0.066105 -0.196238 -0.683988 
14.506276 -0.904570 2.135069 9.172657 -0.067434 -0.195446 -0.683907 
14.506957 -0.905597 2.134879 9.172981 -0.067241 -0.194194 -0.683165 
14.507806 -0.906529 2.135003 9.173986 -0.067481 -0.193153 -0.682924 
14.508692 -0.907499 2.135033 9.173189 -0.067347 -0.192007 -0.682576 
14.509124 -0.908582 2.134252 9.173155 -0.067309 -0.191248 -0.681450 
14.509693 -0.909858 2.134159 9.172897 -0.067859 -0.190095 -0.681054 
14.509722 -0.910889 2.133235 9.173389 -0.068210 -0.189627 -0.679909 
14.509637 -0.910432 2.132401 9.173405 -0.068066 -0.187952 -0.680185 
14.509686 -0.909914 2.132992 9.173325 -0.068214 -0.186585 -0.679045 
14.509187 -0.910609 2.133119 9.173385 -0.067379 -0.185052 -0.678921 
14.510156 -0.910479 2.132552 9.173241 -0.067547 -0.183510 -0.678585 
14.509952 -0.911186 2.132218 9.173679 -0.067904 -0.182854 -0.677032 
14.509693 -0.912067 2.132756 9.173187 -0.069196 -0.182001 -0.676824 
14.510275 -0.913163 2.133546 9.172456 -0.069409 -0.181519 -0.675908 
14.509446 -0.913129 2.132861 9.171010 -0.069677 -0.181145 -0.675314 
14.509284 -0.912456 2.133439 9.171028 -0.069695 -0.180957 -0.674994 
14.509172 -0.914176 2.132842 9.171139 -0.070809 -0.180052 -0.674923 
14.509079 -0.914932 2.132260 9.171699 -0.070906 -0.179644 -0.673372 
14.509803 -0.915501 2.131773 9.171501 -0.071494 -0.178210 -0.672836 
14.509777 -0.916572 2.131626 9.171399 -0.071558 -0.176652 -0.672382 
14.509746 -0.917642 2.131483 9.171299 -0.071609 -0.175092 -0.671934 
14.509817 -0.918676 2.131291 9.171182 -0.071766 -0.173532 -0.671450 
14.510126 -0.919580 2.130987 9.171031 -0.072112 -0.171988 -0.670921 
14.509961 -0.920719 2.130911 9.170949 -0.072108 -0.170475 -0.670484 
14.510115 -0.921727 2.130583 9.170933 -0.072401 -0.169061 -0.669722 
14.510907 -0.921971 2.130483 9.170307 -0.072915 -0.167574 -0.670223 
14.510384 -0.921813 2.129414 9.171022 -0.073068 -0.166224 -0.670353 
14.511289 -0.922317 2.130030 9.172469 -0.072967 -0.165767 -0.670570 
14.511092 -0.921761 2.130613 9.172503 -0.073121 -0.165446 -0.670198 
14.511864 -0.922758 2.129603 9.172196 -0.072123 -0.164416 -0.669865 
14.511539 -0.923890 2.129594 9.172247 -0.073373 -0.163490 -0.669784 
14.511183 -0.924946 2.129621 9.172239 -0.074604 -0.162477 -0.669614 
14.511113 -0.925995 2.129478 9.172109 -0.075288 -0.161062 -0.669166 
14.511483 -0.927306 2.128998 9.172152 -0.075450 -0.159782 -0.668910 
14.511736 -0.928001 2.129161 9.172297 -0.075664 -0.158130 -0.668243 
14.511886 -0.928822 2.129371 9.172384 -0.075917 -0.156434 -0.667890 
14.512087 -0.929921 2.129316 9.172428 -0.076155 -0.154861 -0.667714 
14.512480 -0.930669 2.129279 9.172600 -0.076641 -0.153310 -0.667060 
14.512823 -0.931731 2.129083 9.172694 -0.077017 -0.151809 -0.666704 
14.512925 -0.932486 2.129389 9.172770 -0.077473 -0.150105 -0.666548 
14.513184 -0.933639 2.129218 9.172817 -0.077802 -0.148604 -0.666400 
14.513624 -0.934398 2.129112 9.172996 -0.078430 -0.147106 -0.665797 
14.514028 -0.935660 2.128640 9.173058 -0.078739 -0.145814 -0.665537 
14.513887 -0.936665 2.128786 9.173400 -0.078903 -0.144373 -0.664800 
14.513934 -0.937598 2.128956 9.173573 -0.079339 -0.142763 -0.664483 
14.514264 -0.938676 2.128784 9.173607 -0.079827 -0.141257 -0.664390 
14.514648 -0.939240 2.128739 9.173935 -0.080547 -0.139897 -0.663456 
14.514441 -0.940556 2.128603 9.174305 -0.080555 -0.138718 -0.662752 
14.514061 -0.941212 2.129278 9.174542 -0.080913 -0.137121 -0.662529 
14.513728 -0.941396 2.128654 9.174389 -0.080777 -0.135377 -0.662085 
14.514007 -0.942330 2.129025 9.173764 -0.080765 -0.134047 -0.661333 
14.514576 -0.942948 2.129163 9.174524 -0.080414 -0.132518 -0.661108 
14.513959 -0.943889 2.128915 9.174312 -0.081410 -0.131401 -0.660658 
14.513355 -0.944819 2.128627 9.174265 -0.082397 -0.130231 -0.660261 
14.513020 -0.945760 2.128408 9.174523 -0.083115 -0.128799 -0.659894 
14.512995 -0.946758 2.128446 9.174493 -0.083497 -0.127259 -0.659348 
14.512862 -0.947724 2.128356 9.174699 -0.084000 -0.125720 -0.658910 
14.513013 -0.948711 2.128558 9.174434 -0.084170 -0.124216 -0.658264 
14.512997 -0.949693 2.128570 9.174513 -0.084543 -0.122652 -0.657756 
14.512655 -0.950586 2.128654 9.174410 -0.085008 -0.121251 -0.656916 
14.512634 -0.951564 2.128626 9.174566 -0.085407 -0.119680 -0.656465 
14.512241 -0.952449 2.128590 9.174686 -0.085970 -0.118249 -0.655759 
14.512501 -0.953436 2.128502 9.174987 -0.086263 -0.116646 -0.655625 
14.511998 -0.954259 2.128314 9.175382 -0.086954 -0.115261 -0.655081 
14.512155 -0.955128 2.128668 9.175074 -0.086924 -0.113823 -0.654217 
14.511175 -0.955599 2.128774 9.175006 -0.087507 -0.112967 -0.652976 
14.510533 -0.956890 2.128768 9.174152 -0.087456 -0.112052 -0.653388 
14.510946 -0.956854 2.128913 9.173295 -0.088640 -0.110835 -0.653346 
14.511520 -0.957882 2.127640 9.172942 -0.088821 -0.110807 -0.652540 
14.511867 -0.959138 2.128705 9.173273 -0.089626 -0.111262 -0.652405 
14.511506 -0.957992 2.127337 9.173681 -0.089025 -0.110428 -0.652883 
14.511188 -0.958068 2.126893 9.173435 -0.088301 -0.108775 -0.652442 
14.510404 -0.958094 2.126096 9.173002 -0.087980 -0.107292 -0.652171 
14.510911 -0.958919 2.126748 9.173260 -0.087376 -0.106010 -0.651559 
14.511946 -0.958776 2.126252 9.172698 -0.086528 -0.105551 -0.652669 
14.511338 -0.958476 2.126826 9.173093 -0.088011 -0.105675 -0.651401 
14.511530 -0.957472 2.126341 9.173878 -0.087359 -0.105574 -0.650183 
14.511159 -0.958265 2.126950 9.173797 -0.088124 -0.105375 -0.651915 
14.510660 -0.957636 2.128168 9.172341 -0.087526 -0.105464 -0.651475 
14.511022 -0.959710 2.126533 9.173003 -0.089256 -0.104989 -0.651122 
14.511780 -0.960857 2.127222 9.173436 -0.090284 -0.105404 -0.650935 
14.511786 -0.959648 2.126307 9.172522 -0.089184 -0.104943 -0.651398 
14.510472 -0.960606 2.125685 9.172868 -0.089671 -0.103707 -0.651518 
14.510605 -0.960632 2.124554 9.173029 -0.090136 -0.102916 -0.650234 
14.510053 -0.960764 2.124830 9.171904 -0.090844 -0.101737 -0.649724 
14.509373 -0.960635 2.123772 9.171387 -0.092142 -0.102168 -0.650004 
14.509877 -0.961316 2.124661 9.171483 -0.090436 -0.102129 -0.649422 
14.509905 -0.962158 2.124683 9.171591 -0.089689 -0.100613 -0.648937 
14.509563 -0.963112 2.124134 9.171404 -0.089477 -0.099126 -0.648496 
14.508372 -0.963119 2.124271 9.171717 -0.088875 -0.098229 -0.647441 
14.509520 -0.963675 2.124518 9.171818 -0.089976 -0.099290 -0.648296 
14.510561 -0.964924 2.124737 9.171595 -0.090425 -0.098535 -0.647748 
14.510292 -0.966207 2.125471 9.171358 -0.090417 -0.097916 -0.648805 
14.510790 -0.967340 2.124629 9.172557 -0.090136 -0.097749 -0.648983 
14.510337 -0.968583 2.123921 9.171647 -0.090607 -0.098317 -0.648544 
14.510597 -0.967137 2.124252 9.172627 -0.090817 -0.097275 -0.649186 
14.511395 -0.967730 2.124996 9.173168 -0.091869 -0.096343 -0.649113 
14.512666 -0.967745 2.124447 9.172393 -0.091702 -0.095521 -0.649884 
14.512287 -0.967983 2.124312 9.172292 -0.091059 -0.093877 -0.649198 
14.512162 -0.968350 2.124162 9.172368 -0.090704 -0.092003 -0.649180 
14.513217 -0.968520 2.123715 9.171918 -0.090667 -0.090835 -0.650131 
14.513995 -0.968032 2.122995 9.172081 -0.090743 -0.090164 -0.648728 
14.514038 -0.967235 2.123502 9.172115 -0.090633 -0.089985 -0.648852 
14.513647 -0.968786 2.123142 9.170558 -0.091309 -0.089775 -0.648168 
14.514246 -0.970076 2.123695 9.170282 -0.090253 -0.089741 -0.647625 
14.513375 -0.968525 2.122671 9.170160 -0.090664 -0.089885 -0.648216 
14.513331 -0.969976 2.122803 9.170766 -0.092615 -0.089131 -0.648033 
14.514166 -0.970623 2.122489 9.170296 -0.093971 -0.089866 -0.648002 
14.512879 -0.969899 2.123071 9.170921 -0.092745 -0.089662 -0.647443 
14.512488 -0.971114 2.122277 9.171318 -0.092658 -0.088030 -0.647927 
14.512166 -0.971063 2.123317 9.171187 -0.093353 -0.086573 -0.647862 
14.512981 -0.970623 2.122972 9.172508 -0.093557 -0.085887 -0.647100 
14.513025 -0.970861 2.123420 9.173102 -0.093604 -0.086134 -0.647627 
14.511919 -0.970359 2.122374 9.172897 -0.094002 -0.084571 -0.647521 
14.511800 -0.971324 2.122665 9.172959 -0.093362 -0.083103 -0.647058 
14.512074 -0.972549 2.122399 9.172792 -0.094570 -0.082323 -0.646788 
14.511926 -0.973759 2.122330 9.172800 -0.095738 -0.081610 -0.646117 
14.512970 -0.974358 2.121968 9.172315 -0.096314 -0.080503 -0.646781 
14.512856 -0.975574 2.122150 9.172370 -0.096040 -0.079120 -0.646234 
14.512743 -0.976791 2.122332 9.172424 -0.095765 -0.077738 -0.645686 
14.512683 -0.977978 2.122370 9.172441 -0.095714 -0.076236 -0.645310 
14.512910 -0.979058 2.122203 9.172317 -0.095984 -0.074661 -0.645290 
14.512624 -0.980230 2.122316 9.172438 -0.095816 -0.073245 -0.644744 
14.512593 -0.981473 2.122207 9.172400 -0.096796 -0.072224 -0.644242 
14.512750 -0.982600 2.122006 9.172294 -0.097351 -0.070758 -0.644133 
14.512239 -0.983820 2.122126 9.172498 -0.097530 -0.069593 -0.643346 
14.512230 -0.984936 2.122004 9.172477 -0.097746 -0.068021 -0.643162 
14.512205 -0.986092 2.121793 9.172435 -0.098644 -0.066781 -0.642865 
14.512458 -0.986736 2.121710 9.172342 -0.097949 -0.065124 -0.643169 
14.511788 -0.987642 2.121949 9.172651 -0.097284 -0.063900 -0.642497 
14.512108 -0.988518 2.121635 9.172481 -0.097613 -0.062278 -0.642774 
14.511984 -0.989699 2.121470 9.172477 -0.098672 -0.061262 -0.642302 
14.511749 -0.990885 2.121333 9.172535 -0.099365 -0.059975 -0.641860 
14.511996 -0.991727 2.121048 9.172404 -0.099496 -0.058286 -0.642136 
14.511510 -0.992637 2.121125 9.172622 -0.098965 -0.056782 -0.641743 
14.512354 -0.992869 2.120969 9.172025 -0.099093 -0.055641 -0.640581 
14.513312 -0.993945 2.121558 9.172767 -0.099342 -0.054762 -0.640496 
14.513290 -0.995021 2.121304 9.172696 -0.100116 -0.053383 -0.640202 
14.513249 -0.996106 2.121059 9.172641 -0.100866 -0.051994 -0.639916 
14.513016 -0.997331 2.121101 9.172986 -0.101091 -0.050554 -0.639799 
14.512802 -0.998058 2.120485 9.172453 -0.102131 -0.049393 -0.639419 
14.512132 -0.999186 2.120448 9.172763 -0.102108 -0.047980 -0.639376 
14.512749 -0.999461 2.120057 9.172545 -0.101937 -0.046521 -0.640377 
14.513170 -1.000539 2.118642 9.172975 -0.101477 -0.046657 -0.640134 
14.513203 -1.001085 2.118928 9.172311 -0.101285 -0.046923 -0.640286 
14.513216 -1.001055 2.118826 9.173497 -0.102019 -0.044955 -0.639906 
14.513282 -1.001903 2.119179 9.173678 -0.102482 -0.043314 -0.639751 
14.513441 -1.003310 2.119489 9.173378 -0.102668 -0.042054 -0.639692 
14.513198 -1.004081 2.119584 9.174125 -0.103759 -0.041093 -0.640383 
14.513032 -1.004258 2.119543 9.174111 -0.103645 -0.039266 -0.639748 
14.512864 -1.004445 2.119493 9.174097 -0.103528 -0.037440 -0.639116 
14.512609 -1.005094 2.119330 9.174388 -0.103864 -0.035682 -0.638991 
14.512702 -1.006223 2.119475 9.174020 -0.103779 -0.034188 -0.638627 
14.512366 -1.006870 2.119223 9.174528 -0.104329 -0.032561 -0.638737 
14.512220 -1.007971 2.119135 9.174699 -0.104731 -0.031019 -0.638804 
14.511983 -1.008875 2.118806 9.174867 -0.104933 -0.029360 -0.638699 
14.512323 -1.010441 2.119507 9.174606 -0.105474 -0.028874 -0.639100 
14.512519 -1.010939 2.120379 9.175721 -0.105373 -0.027667 -0.639335 
14.513198 -1.011076 2.120316 9.175577 -0.106822 -0.026605 -0.639046 
14.513221 -1.010684 2.120474 9.174723 -0.107002 -0.025545 -0.640369 
14.512638 -1.010530 2.121044 9.174432 -0.107132 -0.025442 -0.639978 
14.512217 -1.011422 2.120825 9.174707 -0.108507 -0.024533 -0.640011 
14.512995 -1.012153 2.120961 9.174124 -0.108669 -0.023251 -0.639206 
14.514024 -1.012733 2.121643 9.173798 -0.109533 -0.022310 -0.638738 
14.513980 -1.012079 2.120914 9.174072 -0.109568 -0.020852 -0.637931 
14.513972 -1.012136 2.119781 9.172762 -0.110143 -0.020665 -0.637264 
14.513904 -1.011916 2.119871 9.172334 -0.110065 -0.020238 -0.637987 
14.513595 -1.012819 2.119722 9.172453 -0.109391 -0.018735 -0.637594 
14.513102 -1.013473 2.119455 9.172919 -0.109535 -0.017066 -0.637372 
14.513623 -1.013779 2.119699 9.172801 -0.108870 -0.015496 -0.636686 
14.513028 -1.013638 2.120301 9.172501 -0.108978 -0.015492 -0.636343 
14.513617 -1.015581 2.120047 9.172453 -0.109246 -0.015493 -0.637119 
14.512611 -1.017009 2.119535 9.172424 -0.108702 -0.015253 -0.637499 
14.512590 -1.017428 2.119815 9.171999 -0.109656 -0.014312 -0.638757 
14.512686 -1.018457 2.119299 9.171850 -0.111031 -0.014064 -0.638045 
14.512734 -1.019242 2.120266 9.173289 -0.111322 -0.013918 -0.638337 
14.513013 -1.018571 2.119456 9.171746 -0.110654 -0.013338 -0.637686 
14.513879 -1.019612 2.119992 9.170708 -0.110167 -0.012721 -0.637716 
14.514813 -1.019792 2.118800 9.171181 -0.109856 -0.011743 -0.638175 
14.514303 -1.019854 2.118917 9.170875 -0.109743 -0.009929 -0.637797 
14.515533 -1.018932 2.119508 9.170729 -0.110473 -0.009273 -0.637453 
14.515587 -1.019367 2.119183 9.170745 -0.110968 -0.009351 -0.636817 
14.516004 -1.019854 2.118915 9.170959 -0.110200 -0.008918 -0.635233 
14.515959 -1.019455 2.118422 9.170247 -0.110080 -0.009038 -0.635111 
14.516107 -1.021187 2.118715 9.170945 -0.111300 -0.008037 -0.635170 
14.515871 -1.022044 2.118250 9.171461 -0.112566 -0.007106 -0.634905 
14.515505 -1.023032 2.119412 9.170623 -0.113179 -0.007064 -0.634383 
14.516526 -1.021573 2.118543 9.171406 -0.112943 -0.006885 -0.634754 
14.517024 -1.023340 2.117646 9.171548 -0.112763 -0.007513 -0.635382 
14.516085 -1.022229 2.118163 9.171573 -0.112068 -0.006860 -0.634167 
14.516094 -1.022510 2.118321 9.171315 -0.111362 -0.005213 -0.634826 
14.516068 -1.022375 2.117754 9.170555 -0.111473 -0.005150 -0.634683 
14.515499 -1.022600 2.117154 9.171016 -0.111308 -0.003840 -0.633622 
14.515452 -1.022498 2.117306 9.170560 -0.109624 -0.003358 -0.632911 
14.515763 -1.022193 2.116542 9.171436 -0.111021 -0.003886 -0.633911 
14.516367 -1.024175 2.116709 9.171081 -0.111896 -0.003665 -0.633679 
14.517581 -1.023506 2.117214 9.171037 -0.112831 -0.002924 -0.633218 
14.517469 -1.023536 2.117334 9.170857 -0.112775 -0.002296 -0.633922 
14.516837 -1.024198 2.117101 9.171054 -0.114455 -0.002106 -0.634073 
14.516843 -1.024049 2.116570 9.170258 -0.114544 -0.002109 -0.633976 
14.517438 -1.025715 2.117611 9.170613 -0.114234 -0.001428 -0.633638 
14.518304 -1.026370 2.118400 9.169991 -0.114547 -0.002331 -0.634483 
14.517952 -1.025904 2.116946 9.170988 -0.114191 -0.001408 -0.633900 
14.517796 -1.026501 2.116734 9.171246 -0.113820 0.000100 -0.632946 
14.517829 -1.027330 2.116676 9.171394 -0.113475 0.001588 -0.632070 
14.518698 -1.028470 2.116093 9.171773 -0.113213 0.002663 -0.631843 
14.519019 -1.029794 2.117116 9.171010 -0.113093 0.003037 -0.631425 
14.518754 -1.030627 2.117827 9.172273 -0.113400 0.003919 -0.631147 
14.518460 -1.031602 2.117572 9.172221 -0.113929 0.005299 -0.630423 
14.518479 -1.032814 2.117266 9.172328 -0.114483 0.006590 -0.629906 
14.518968 -1.034233 2.117193 9.173048 -0.114960 0.007489 -0.629872 
14.519859 -1.035269 2.117023 9.174077 -0.115442 0.006700 -0.629804 
14.518365 -1.034708 2.116916 9.173080 -0.114534 0.007254 -0.630092 
14.519735 -1.033981 2.117716 9.173075 -0.115397 0.008445 -0.631208 
14.519706 -1.033568 2.117035 9.173591 -0.115362 0.008664 -0.631258 
14.520722 -1.033569 2.117267 9.173704 -0.113903 0.009190 -0.630703 
14.519339 -1.033402 2.117645 9.174230 -0.115293 0.008697 -0.631185 
14.519876 -1.033481 2.117152 9.173467 -0.116402 0.009766 -0.630053 
14.520032 -1.032732 2.117262 9.173254 -0.116449 0.009290 -0.629766 
14.521009 -1.033648 2.117470 9.174016 -0.117341 0.010367 -0.630979 
14.519514 -1.033145 2.117261 9.173058 -0.116261 0.010384 -0.630410 
14.519240 -1.033156 2.117189 9.173031 -0.116608 0.010235 -0.630530 
14.519380 -1.033474 2.117126 9.173053 -0.115829 0.011097 -0.630074 
14.519749 -1.033697 2.117196 9.173193 -0.115716 0.011944 -0.630189 
14.519782 -1.033522 2.117162 9.173032 -0.115254 0.012601 -0.629688 
14.519684 -1.033500 2.116846 9.173445 -0.115766 0.012011 -0.630238 
14.519244 -1.034363 2.117120 9.173179 -0.116067 0.012255 -0.630360 
14.519064 -1.034127 2.117365 9.172868 -0.116567 0.012649 -0.630911 
14.519246 -1.034211 2.117059 9.172549 -0.116592 0.012623 -0.630958 
14.519066 -1.034604 2.117001 9.172605 -0.116034 0.012634 -0.631628 
14.519431 -1.034746 2.117051 9.172803 -0.116116 0.012813 -0.631695 
14.519408 -1.035576 2.116979 9.172970 -0.116596 0.012822 -0.631741 
14.519319 -1.035922 2.116913 9.172858 -0.116398 0.013641 -0.631426 
14.519127 -1.035840 2.116224 9.173307 -0.116502 0.014111 -0.631463 
14.519170 -1.036316 2.116161 9.173249 -0.116369 0.014916 -0.631233 
14.519177 -1.036959 2.116043 9.173279 -0.116415 0.015616 -0.631054 
14.519161 -1.037626 2.115871 9.173363 -0.116523 0.016277 -0.630901 
14.519102 -1.038305 2.115683 9.173445 -0.116652 0.016915 -0.630745 
14.519214 -1.038912 2.115589 9.173499 -0.116667 0.017648 -0.630590 
14.519265 -1.039531 2.115303 9.173746 -0.116865 0.018265 -0.630533 
14.518869 -1.040257 2.115214 9.173594 -0.117012 0.018651 -0.630271 
14.518764 -1.040818 2.114949 9.173683 -0.116900 0.019383 -0.630236 
14.519127 -1.041381 2.115176 9.173596 -0.116988 0.019980 -0.629952 
14.519434 -1.041629 2.114570 9.173098 -0.117184 0.020301 -0.629747 
14.519328 -1.041793 2.114581 9.173051 -0.117650 0.021130 -0.629645 
14.519301 -1.042114 2.114464 9.173160 -0.117930 0.021891 -0.629237 
14.519292 -1.042535 2.114390 9.173175 -0.118267 0.022680 -0.629053 
14.519377 -1.042993 2.114142 9.173191 -0.118484 0.023368 -0.628660 
14.519382 -1.043460 2.114091 9.173152 -0.118840 0.024144 -0.628606 
14.519537 -1.043974 2.113753 9.173121 -0.118993 0.024744 -0.628198 
14.519611 -1.044526 2.113629 9.173017 -0.119310 0.025463 -0.628180 
14.519888 -1.045038 2.113123 9.172937 -0.119274 0.025779 -0.627679 
14.519736 -1.045130 2.113153 9.172629 -0.119141 0.026568 -0.627247 
14.519999 -1.045029 2.113040 9.172666 -0.119031 0.027462 -0.627027 
14.519863 -1.045240 2.113121 9.172377 -0.119260 0.028098 -0.626442 
14.519676 -1.045725 2.113017 9.171962 -0.119008 0.028747 -0.626569 
14.519951 -1.046156 2.112662 9.171884 -0.119136 0.029306 -0.626086 
14.520045 -1.046542 2.112571 9.171962 -0.119548 0.030061 -0.625886 
14.520044 -1.046916 2.112570 9.172032 -0.119970 0.030853 -0.625824 
14.520119 -1.047325 2.112473 9.172071 -0.120342 0.031627 -0.625643 
14.520194 -1.047753 2.112357 9.172078 -0.120674 0.032405 -0.625455 
14.520245 -1.048217 2.112219 9.172011 -0.120918 0.033196 -0.625286 
14.520251 -1.048713 2.112070 9.171851 -0.121046 0.033988 -0.625165 
14.520271 -1.049206 2.111920 9.171718 -0.121203 0.034782 -0.625039 
14.520226 -1.049681 2.111803 9.171478 -0.121286 0.035566 -0.624857 
14.520264 -1.050185 2.111634 9.171365 -0.121440 0.036356 -0.624760 
14.520320 -1.050702 2.111444 9.171265 -0.121581 0.037138 -0.624693 
14.520336 -1.051200 2.111288 9.171117 -0.121717 0.037930 -0.624573 
14.520135 -1.051470 2.111178 9.170468 -0.121219 0.038208 -0.624287 
14.520457 -1.051650 2.111420 9.170314 -0.121289 0.038090 -0.624249 
14.519854 -1.052116 2.111637 9.170146 -0.121828 0.038011 -0.624272 
14.519937 -1.051940 2.111408 9.169858 -0.122069 0.037992 -0.624351 
14.519747 -1.051841 2.112250 9.169968 -0.121904 0.038614 -0.624571 
14.519732 -1.051778 2.112438 9.170041 -0.122283 0.039028 -0.623800 
14.519750 -1.052195 2.112577 9.170111 -0.122662 0.039769 -0.623553 
14.519781 -1.052626 2.112694 9.170189 -0.123035 0.040516 -0.623326 
14.519801 -1.053035 2.112832 9.170261 -0.123416 0.041255 -0.623064 
14.519790 -1.053372 2.113024 9.170319 -0.123816 0.041964 -0.622692 
14.519789 -1.053720 2.113298 9.170296 -0.124050 0.042768 -0.622930 
14.519683 -1.053814 2.113775 9.170230 -0.124382 0.043511 -0.622732 
14.519773 -1.054385 2.113687 9.170373 -0.124736 0.044152 -0.622500 
14.519742 -1.054676 2.113907 9.170422 -0.125143 0.044828 -0.622058 
14.519749 -1.055088 2.114130 9.170401 -0.125343 0.045593 -0.622386 
14.519673 -1.055309 2.114525 9.170365 -0.125686 0.046367 -0.622227 
14.519802 -1.055970 2.114270 9.170552 -0.126000 0.046869 -0.622002 
14.519737 -1.056201 2.114575 9.170566 -0.126397 0.047556 -0.621586 
14.519737 -1.056589 2.114794 9.170512 -0.126499 0.048233 -0.622119 
14.519922 -1.057317 2.114305 9.170737 -0.126684 0.048474 -0.622036 
14.519860 -1.057627 2.114646 9.170716 -0.127024 0.049254 -0.621924 
14.519931 -1.058056 2.114415 9.170909 -0.127383 0.049510 -0.621232 
14.519846 -1.058228 2.114310 9.170597 -0.127097 0.049586 -0.621157 
14.519917 -1.058918 2.113993 9.170497 -0.126923 0.049895 -0.621644 
14.519685 -1.059182 2.114214 9.169914 -0.126630 0.050480 -0.621527 
14.519541 -1.059685 2.114075 9.169482 -0.126428 0.050898 -0.621020 
14.519348 -1.060040 2.114301 9.168997 -0.126250 0.051584 -0.620965 
14.519280 -1.060716 2.114202 9.168698 -0.126149 0.052202 -0.620930 
14.519114 -1.061064 2.114381 9.168326 -0.126140 0.052877 -0.620508 
14.518998 -1.061429 2.114670 9.168043 -0.126170 0.053674 -0.620594 
14.518950 -1.061989 2.114682 9.167886 -0.126308 0.054381 -0.620287 
14.518935 -1.062495 2.114831 9.167788 -0.126451 0.055160 -0.620482 
14.518872 -1.062705 2.115149 9.167725 -0.126768 0.055927 -0.620148 
14.518896 -1.063395 2.114902 9.167669 -0.126895 0.056435 -0.619775 
14.518981 -1.063945 2.114936 9.167778 -0.127158 0.057128 -0.620060 
14.518764 -1.064360 2.115072 9.167224 -0.126866 0.057696 -0.620016 
14.518661 -1.064713 2.115284 9.167024 -0.127038 0.058442 -0.619633 
14.518769 -1.065151 2.115369 9.167253 -0.127479 0.059145 -0.619658 
14.518647 -1.065299 2.115616 9.167080 -0.127693 0.059746 -0.619010 
14.518474 -1.065261 2.116168 9.166760 -0.127651 0.060381 -0.619342 
14.518393 -1.065958 2.116030 9.166458 -0.127554 0.060945 -0.619188 
14.518449 -1.066521 2.116045 9.166545 -0.127878 0.061662 -0.619099 
14.518326 -1.066796 2.116201 9.166335 -0.128038 0.062256 -0.618455 
14.518186 -1.067120 2.116545 9.166031 -0.128051 0.063029 -0.618599 
14.518327 -1.067402 2.116671 9.166392 -0.128616 0.063648 -0.618527 
14.518371 -1.068203 2.116318 9.166324 -0.128628 0.064062 -0.618429 
14.518282 -1.068624 2.116334 9.166147 -0.128777 0.064620 -0.617794 
14.518199 -1.069174 2.116450 9.165929 -0.128859 0.065374 -0.617711 
14.518175 -1.069423 2.116763 9.165961 -0.129243 0.066152 -0.617509 
14.518097 -1.070005 2.116846 9.165697 -0.129182 0.066830 -0.617772 
14.517868 -1.070324 2.116964 9.165206 -0.129024 0.067314 -0.617238 
14.517938 -1.071044 2.116671 9.165265 -0.129223 0.067772 -0.616937 
14.517914 -1.071530 2.116801 9.165223 -0.129497 0.068533 -0.616726 
14.517844 -1.072157 2.116762 9.164927 -0.129302 0.069049 -0.617130 
14.517617 -1.072494 2.116793 9.164429 -0.129101 0.069425 -0.616531 
14.517424 -1.072199 2.117456 9.164147 -0.129120 0.069958 -0.616691 
14.517746 -1.072356 2.117698 9.164005 -0.129181 0.069792 -0.616663 
14.517448 -1.072776 2.117437 9.164194 -0.129424 0.070641 -0.616452 
14.517437 -1.073491 2.117350 9.164080 -0.129489 0.071283 -0.616535 
14.517346 -1.074005 2.117324 9.163893 -0.129610 0.071858 -0.615988 
14.517342 -1.074420 2.117500 9.163934 -0.129963 0.072629 -0.615814 
14.517253 -1.074940 2.117654 9.163742 -0.130082 0.073400 -0.615739 
14.517099 -1.075069 2.117828 9.163521 -0.130221 0.073851 -0.614957 
14.517686 -1.075753 2.117906 9.163389 -0.130409 0.073691 -0.614720 
14.517718 -1.075832 2.118081 9.163688 -0.130086 0.073723 -0.614642 
14.518299 -1.075497 2.117572 9.163288 -0.130221 0.074279 -0.614623 
14.518163 -1.075662 2.117171 9.163439 -0.130192 0.074266 -0.614532 
14.518154 -1.076099 2.117101 9.163498 -0.130473 0.075057 -0.614312 
14.518140 -1.076544 2.117029 9.163537 -0.130737 0.075851 -0.614090 
14.518118 -1.077002 2.116942 9.163559 -0.130979 0.076642 -0.613864 
14.518042 -1.077517 2.116757 9.163493 -0.131096 0.077398 -0.613623 
14.518058 -1.077925 2.116747 9.163559 -0.131409 0.078199 -0.613415 
14.518037 -1.078384 2.116670 9.163564 -0.131642 0.078994 -0.613191 
14.517935 -1.078922 2.116435 9.163453 -0.131691 0.079718 -0.612945 
14.517925 -1.079348 2.116272 9.163568 -0.131985 0.080465 -0.612648 
14.517936 -1.079770 2.116334 9.163543 -0.132245 0.081289 -0.612494 
14.517994 -1.080164 2.116214 9.163563 -0.132472 0.082101 -0.612229 
14.517776 -1.080770 2.116084 9.163515 -0.132626 0.082775 -0.612025 
14.517776 -1.081214 2.115917 9.163529 -0.132829 0.083556 -0.611747 
14.517847 -1.081610 2.115968 9.163266 -0.132848 0.084398 -0.611651 
14.517900 -1.082118 2.115770 9.163404 -0.133083 0.085157 -0.611720 
14.517929 -1.082552 2.115593 9.163441 -0.133296 0.085946 -0.611470 
14.518227 -1.082781 2.115558 9.163340 -0.133405 0.086829 -0.611371 
14.518237 -1.083290 2.115388 9.163162 -0.133922 0.087407 -0.611187 
14.517943 -1.083518 2.115197 9.163146 -0.134270 0.088209 -0.611072 
14.517966 -1.084120 2.115164 9.163225 -0.134535 0.088875 -0.610808 
14.517694 -1.084413 2.115109 9.163447 -0.134628 0.089712 -0.610629 
14.517591 -1.084879 2.114820 9.163484 -0.134738 0.090478 -0.610421 
14.517444 -1.085410 2.114728 9.163503 -0.134894 0.091263 -0.610444 
14.517366 -1.085818 2.114625 9.163499 -0.135064 0.092094 -0.610220 
14.517359 -1.086370 2.114507 9.163520 -0.135281 0.092823 -0.609984 
14.517318 -1.086807 2.114397 9.163521 -0.135470 0.093624 -0.609714 
14.517267 -1.087314 2.114368 9.163522 -0.135688 0.094411 -0.609558 
14.517190 -1.087617 2.114275 9.163499 -0.135842 0.095270 -0.609266 
14.517161 -1.088127 2.114079 9.163608 -0.136078 0.096012 -0.609073 
14.517079 -1.088626 2.114109 9.163625 -0.136312 0.096812 -0.609027 
14.516965 -1.088866 2.113937 9.163715 -0.136492 0.097690 -0.608823 
14.516999 -1.089513 2.113603 9.163970 -0.136780 0.098205 -0.608725 
14.516678 -1.090116 2.113524 9.163853 -0.136884 0.098783 -0.608376 
14.516460 -1.090669 2.113665 9.163871 -0.137125 0.099493 -0.608519 
14.516636 -1.091213 2.113668 9.163973 -0.136767 0.100153 -0.608291 
14.516798 -1.091733 2.113440 9.163686 -0.136796 0.100857 -0.608134 
14.516915 -1.092254 2.113527 9.163771 -0.136937 0.101534 -0.607713 
14.516869 -1.092809 2.113411 9.163852 -0.136911 0.102274 -0.607439 
14.517044 -1.093240 2.113223 9.163465 -0.137264 0.102891 -0.607223 
14.517193 -1.094071 2.113259 9.163273 -0.137374 0.103278 -0.607019 
14.517142 -1.094272 2.113518 9.162875 -0.137320 0.104042 -0.606708 
14.517518 -1.094599 2.113471 9.162902 -0.137504 0.104859 -0.606660 
14.517810 -1.094911 2.113182 9.162788 -0.137517 0.105448 -0.606088 
14.517684 -1.095312 2.113164 9.162789 -0.137982 0.106162 -0.605861 
14.517569 -1.095736 2.113092 9.162743 -0.138385 0.106910 -0.605682 
14.517552 -1.096166 2.112934 9.162651 -0.138676 0.107675 -0.605431 
14.517586 -1.096657 2.113035 9.162705 -0.139028 0.108349 -0.605082 
14.517736 -1.097028 2.112802 9.162609 -0.139202 0.109045 -0.604618 
14.517904 -1.097457 2.112691 9.162549 -0.139403 0.109862 -0.604489 
14.517727 -1.097881 2.112466 9.162393 -0.139707 0.110597 -0.604302 
14.517811 -1.098284 2.112534 9.162185 -0.139771 0.111398 -0.604001 
14.517919 -1.098755 2.112576 9.162123 -0.139969 0.112157 -0.603687 
14.518117 -1.099120 2.112364 9.161965 -0.140036 0.112890 -0.603274 
14.517833 -1.099534 2.112358 9.161726 -0.140237 0.113479 -0.602766 
14.517958 -1.099798 2.112411 9.161423 -0.140596 0.114230 -0.602481 
14.517901 -1.100283 2.112317 9.161279 -0.140702 0.115038 -0.602339 
14.517847 -1.100769 2.112220 9.161141 -0.140819 0.115845 -0.602191 
14.517808 -1.101245 2.112129 9.160996 -0.140963 0.116650 -0.602025 
14.517776 -1.101712 2.112045 9.160840 -0.141114 0.117457 -0.601856 
14.517784 -1.102114 2.112023 9.160604 -0.141296 0.118275 -0.601673 
14.517668 -1.102699 2.111798 9.160661 -0.141391 0.118992 -0.601528 
14.517525 -1.103224 2.111658 9.160595 -0.141581 0.119703 -0.601223 
14.517412 -1.103747 2.111517 9.160526 -0.141759 0.120439 -0.600961 
14.517694 -1.103476 2.111552 9.160406 -0.141798 0.119498 -0.601325 
14.517405 -1.103737 2.111521 9.160534 -0.141750 0.120448 -0.600957 
14.517565 -1.102995 2.111493 9.160747 -0.141925 0.119802 -0.601298 
14.517446 -1.103507 2.111356 9.160686 -0.142096 0.120548 -0.601033 
14.517777 -1.103110 2.111810 9.161005 -0.142026 0.119799 -0.601249 
14.517701 -1.103642 2.111739 9.160999 -0.142217 0.120539 -0.600976 
14.518111 -1.103044 2.111602 9.161027 -0.141884 0.119810 -0.601008 
14.518090 -1.103564 2.111498 9.161024 -0.142050 0.120549 -0.600695 
14.518322 -1.102932 2.111743 9.160795 -0.141836 0.120049 -0.601228 
14.518289 -1.103459 2.111629 9.160807 -0.142006 0.120774 -0.600901 
14.518366 -1.103085 2.111566 9.161035 -0.141660 0.120107 -0.601527 
14.518333 -1.103611 2.111454 9.161045 -0.141831 0.120832 -0.601199 
14.518476 -1.102826 2.111645 9.161094 -0.141560 0.119762 -0.601670 
14.518281 -1.102961 2.111619 9.161129 -0.141552 0.120211 -0.601475 
14.518406 -1.103418 2.111478 9.160977 -0.141813 0.120384 -0.601405 
14.518451 -1.103754 2.111389 9.160918 -0.141968 0.120656 -0.601285 
14.518427 -1.103302 2.111396 9.161053 -0.141985 0.120432 -0.601444 
14.518370 -1.103684 2.111632 9.160820 -0.141488 0.120317 -0.601316 
14.518515 -1.103461 2.111639 9.161107 -0.141858 0.120363 -0.601389 
14.518575 -1.103772 2.111548 9.161078 -0.142055 0.120642 -0.601277 
14.518684 -1.103417 2.111537 9.161118 -0.141783 0.120352 -0.601277 
14.518662 -1.103563 2.111537 9.161052 -0.141894 0.120032 -0.601675 
14.518596 -1.103379 2.111742 9.160927 -0.141910 0.120388 -0.601396 
14.518484 -1.103468 2.111639 9.161093 -0.141910 0.120293 -0.601311 
14.518414 -1.103456 2.111582 9.161291 -0.141762 0.120307 -0.601385 
14.518524 -1.103395 2.111601 9.161147 -0.141940 0.120380 -0.601411 
14.518510 -1.103690 2.111615 9.161086 -0.141806 0.120405 -0.601344 
14.518501 -1.103682 2.111667 9.161050 -0.141736 0.120375 -0.601334 
14.518496 -1.103679 2.111626 9.161090 -0.141805 0.120439 -0.601316 
14.518495 -1.103737 2.111618 9.161090 -0.141832 0.120512 -0.601291 
14.518457 -1.103687 2.111643 9.161099 -0.141814 0.120438 -0.601337 
14.518477 -1.103672 2.111591 9.161162 -0.141757 0.120416 -0.601298 
14.518511 -1.103688 2.111656 9.161112 -0.141822 0.120423 -0.601299 
14.518469 -1.103686 2.111628 9.161078 -0.141852 0.120375 -0.601244 
14.518517 -1.103645 2.111649 9.161096 -0.141822 0.120441 -0.601293 
14.518530 -1.103652 2.111696 9.161164 -0.141824 0.120412 -0.601362 
