-0.571101 2.005440 9.356981 0.121492 -0.567024 -0.480696 
0.428899 2.005440 9.356981 0.121492 -0.567024 -0.480696 
-0.571101 3.005440 9.356981 0.121492 -0.567024 -0.480696 
-0.571101 2.005440 10.356981 0.121492 -0.567024 -0.480696 
-0.571101 2.005440 9.356981 1.121492 -0.567024 -0.480696 
-0.571101 2.005440 9.356981 0.121492 0.432976 -0.480696 
-0.571101 2.005440 9.356981 0.121492 -0.567024 0.519304 
-0.995872 1.999345 9.356897 -0.771061 -0.717373 -0.497308 
-0.783487 2.002392 9.356939 -0.324785 -0.642199 -0.489002 
-0.335638 2.004874 9.356973 0.038667 -0.580976 -0.482237 
-0.571101 1.880443 9.356981 0.122346 -0.567024 -0.480696 
-0.518727 2.017026 9.356917 0.336701 -0.681686 -0.493365 
-0.571101 2.005440 9.231981 0.121492 -0.566954 -0.480696 
-0.547093 2.010410 9.357515 0.170204 -0.323114 -0.486503 
-0.574506 2.005391 9.356980 0.114338 -0.568229 -0.605439 
-0.676808 2.017081 9.358079 -0.105559 -0.627616 -0.601548 
-0.602576 2.067195 9.418801 0.116457 -0.510351 -0.543462 
-0.538964 1.946426 9.290159 0.118832 -0.351389 -0.684527 
-0.559675 2.025619 9.366292 0.227856 -0.612446 -0.613664 
-0.625486 1.991206 9.342689 0.131532 -0.548057 -0.619554 
-0.503373 1.988657 9.336652 0.094650 -0.474454 -0.631717 
-0.580920 2.010785 9.358893 0.055654 -0.587889 -0.604026 
-0.580942 2.036559 9.346577 0.057698 -0.589004 -0.616482 
-0.551448 2.047681 9.365418 0.056714 -0.638960 -0.608662 
-0.578576 2.035534 9.366846 0.055691 -0.583747 -0.639448 
-0.533778 2.033061 9.331076 0.031697 -0.561569 -0.615748 
-0.579498 2.052393 9.362838 0.062637 -0.576035 -0.600151 
-0.609440 2.064607 9.370886 0.010511 -0.578857 -0.591743 
-0.571757 2.045717 9.358226 0.122170 -0.560845 -0.602515 
-0.554594 2.050862 9.355789 0.051183 -0.562891 -0.599559 
-0.564002 2.057898 9.372345 0.063843 -0.600456 -0.595921 
-0.577428 2.050836 9.361913 0.077662 -0.572786 -0.600666 
-0.580203 2.052687 9.357798 0.062939 -0.577365 -0.594390 
-0.591840 2.058318 9.362639 0.058071 -0.574311 -0.589855 
-0.579795 2.059084 9.354603 0.063257 -0.577429 -0.597492 
-0.572033 2.053477 9.357103 0.055091 -0.567352 -0.590591 
-0.583298 2.049097 9.353993 0.059588 -0.578983 -0.597589 
-0.579067 2.053432 9.358822 0.060812 -0.580125 -0.593919 
-0.581358 2.052531 9.358182 0.070111 -0.574743 -0.593281 
-0.578438 2.052419 9.357232 0.068678 -0.567882 -0.591711 
-0.578705 2.050935 9.356622 0.071099 -0.575630 -0.594497 
-0.588083 2.050452 9.355849 0.069849 -0.573230 -0.595202 
-0.595483 2.051324 9.357410 0.070774 -0.573290 -0.593714 
-0.597367 2.051321 9.356611 0.069003 -0.566108 -0.592255 
-0.602248 2.048669 9.353792 0.069741 -0.561472 -0.592700 
-0.603454 2.049868 9.355388 0.074571 -0.556706 -0.589609 
-0.601985 2.045711 9.355023 0.069149 -0.561841 -0.590594 
-0.603999 2.046717 9.350564 0.064471 -0.562717 -0.586930 
-0.606655 2.047660 9.353000 0.063493 -0.563352 -0.587084 
-0.602065 2.043278 9.349455 0.060017 -0.559686 -0.590830 
-0.606111 2.043200 9.347010 0.067321 -0.567264 -0.588597 
-0.603586 2.046936 9.349992 0.066035 -0.560144 -0.584554 
-0.601327 2.047836 9.349847 0.067000 -0.559066 -0.581865 
-0.603664 2.045320 9.350451 0.066040 -0.560672 -0.583714 
-0.605332 2.046216 9.347779 0.068406 -0.559063 -0.584499 
-0.605819 2.046393 9.346676 0.067122 -0.559214 -0.583688 
-0.605606 2.045050 9.346472 0.065476 -0.556003 -0.584274 
-0.608215 2.045937 9.348165 0.064915 -0.554394 -0.582898 
-0.610111 2.045764 9.347809 0.062892 -0.551768 -0.582180 
-0.611846 2.045064 9.348447 0.063614 -0.548497 -0.582545 
-0.614287 2.044646 9.348414 0.064186 -0.545538 -0.582343 
-0.616312 2.044375 9.348194 0.062630 -0.542659 -0.581769 
-0.618577 2.044119 9.347891 0.061478 -0.539782 -0.581166 
-0.621194 2.043799 9.347645 0.061994 -0.536983 -0.580786 
-0.623444 2.043646 9.347168 0.060484 -0.534324 -0.580014 
-0.626286 2.043489 9.346587 0.060861 -0.531825 -0.579355 
-0.627250 2.042551 9.347079 0.060115 -0.528311 -0.579907 
-0.628771 2.042055 9.346968 0.058317 -0.525247 -0.579657 
-0.630579 2.041387 9.346961 0.057730 -0.521900 -0.579684 
-0.632436 2.040894 9.346759 0.056449 -0.518768 -0.579404 
-0.634140 2.040061 9.346975 0.057108 -0.515452 -0.579832 
-0.636799 2.039821 9.346548 0.057043 -0.512693 -0.579254 
-0.637591 2.038951 9.346732 0.055422 -0.509364 -0.579614 
-0.639211 2.038405 9.346549 0.053867 -0.506226 -0.579410 
-0.641424 2.037967 9.346271 0.053191 -0.503142 -0.579064 
-0.641148 2.036562 9.347079 0.053919 -0.500059 -0.580651 
-0.642504 2.039041 9.347566 0.053084 -0.498941 -0.582908 
-0.641521 2.040145 9.347197 0.053493 -0.498113 -0.582106 
-0.642796 2.040057 9.349192 0.052582 -0.495451 -0.580791 
-0.644235 2.039697 9.349529 0.051477 -0.492120 -0.579998 
-0.645359 2.039264 9.349740 0.049891 -0.488843 -0.579288 
-0.646546 2.038846 9.349995 0.048393 -0.485552 -0.578555 
-0.648109 2.038573 9.350734 0.047537 -0.482301 -0.577608 
-0.649054 2.038064 9.350529 0.045729 -0.479058 -0.577081 
-0.650757 2.037843 9.351376 0.045155 -0.475853 -0.576087 
-0.652204 2.037480 9.351677 0.044062 -0.472515 -0.575307 
-0.653060 2.037280 9.353385 0.042716 -0.469528 -0.574394 
-0.654283 2.036711 9.352184 0.041306 -0.466380 -0.574075 
-0.656932 2.036754 9.352295 0.042850 -0.464178 -0.573077 
-0.656113 2.038514 9.351736 0.043839 -0.461305 -0.571682 
-0.657660 2.038296 9.352345 0.042271 -0.464348 -0.573813 
-0.659301 2.038448 9.351864 0.040727 -0.465242 -0.570792 
-0.659133 2.038389 9.353648 0.040125 -0.464798 -0.570590 
-0.662292 2.036985 9.353669 0.039739 -0.463275 -0.571507 
-0.664703 2.037237 9.355102 0.042264 -0.464198 -0.571179 
-0.668255 2.036221 9.355658 0.041544 -0.463952 -0.572027 
-0.665084 2.039008 9.354989 0.042054 -0.463547 -0.571409 
-0.665127 2.038821 9.354636 0.043615 -0.460515 -0.569547 
-0.664267 2.038645 9.355113 0.045595 -0.458639 -0.572159 
-0.665480 2.038798 9.352857 0.044193 -0.460869 -0.569802 
-0.665298 2.040009 9.355007 0.043962 -0.459637 -0.565971 
-0.668162 2.038967 9.355022 0.042329 -0.457837 -0.565719 
-0.666419 2.038608 9.353663 0.039707 -0.456043 -0.565337 
-0.666054 2.036846 9.353707 0.040200 -0.456116 -0.564768 
-0.668198 2.035880 9.354032 0.037488 -0.455291 -0.563509 
-0.668669 2.035697 9.354337 0.038540 -0.451612 -0.564030 
-0.670032 2.035583 9.351176 0.039595 -0.450115 -0.563821 
-0.670610 2.034165 9.350953 0.039171 -0.448727 -0.567101 
-0.669178 2.034190 9.350270 0.038180 -0.448183 -0.566959 
-0.671002 2.034371 9.351514 0.040334 -0.445131 -0.566419 
-0.673388 2.033514 9.350897 0.038633 -0.443068 -0.565278 
-0.675882 2.033264 9.350351 0.036655 -0.441108 -0.564321 
-0.677845 2.032558 9.350074 0.035841 -0.438143 -0.563148 
-0.680220 2.031552 9.349852 0.035129 -0.435468 -0.562201 
-0.679797 2.032103 9.349525 0.034513 -0.432098 -0.560490 
-0.681449 2.033227 9.349299 0.033606 -0.428945 -0.559818 
-0.682314 2.032840 9.348436 0.031888 -0.425799 -0.558942 
-0.683220 2.032490 9.348767 0.032550 -0.422104 -0.558601 
-0.684683 2.032991 9.346587 0.033293 -0.420378 -0.556460 
-0.685803 2.033140 9.348451 0.031927 -0.418391 -0.554293 
-0.686372 2.034085 9.349289 0.030432 -0.415248 -0.553186 
-0.687055 2.035324 9.347595 0.030191 -0.412170 -0.552262 
-0.690102 2.034769 9.348021 0.029021 -0.410151 -0.552055 
-0.693211 2.034264 9.348443 0.027862 -0.408202 -0.551924 
-0.696020 2.034640 9.347996 0.026956 -0.405719 -0.551730 
-0.697544 2.034661 9.349989 0.025089 -0.403469 -0.551084 
-0.699722 2.032599 9.349374 0.025222 -0.402306 -0.548960 
-0.701483 2.033459 9.348419 0.024944 -0.399717 -0.547029 
-0.702998 2.034821 9.348709 0.023818 -0.396865 -0.545754 
-0.704517 2.034618 9.348121 0.024558 -0.393477 -0.545024 
-0.705909 2.034292 9.346981 0.024404 -0.390140 -0.544154 
-0.707115 2.035065 9.348635 0.024933 -0.386951 -0.544310 
-0.709780 2.035369 9.347663 0.026877 -0.386518 -0.542533 
-0.706979 2.033853 9.349583 0.024722 -0.387005 -0.543135 
-0.704257 2.034873 9.349015 0.025994 -0.385658 -0.541388 
-0.706701 2.032680 9.349416 0.025952 -0.386775 -0.544011 
-0.709064 2.033311 9.349628 0.021595 -0.386103 -0.543302 
-0.710952 2.034409 9.352418 0.020569 -0.387311 -0.543735 
-0.708375 2.033927 9.348735 0.019400 -0.383779 -0.541461 
-0.708494 2.033138 9.346527 0.017591 -0.386100 -0.540416 
-0.707023 2.033668 9.349203 0.018546 -0.383974 -0.542425 
-0.710067 2.032339 9.348633 0.020198 -0.380782 -0.541957 
-0.709307 2.030518 9.350422 0.021403 -0.380268 -0.539417 
-0.708227 2.030483 9.349212 0.022458 -0.380007 -0.539468 
-0.711627 2.032073 9.352083 0.021579 -0.378125 -0.539137 
-0.714772 2.030544 9.351649 0.020250 -0.377490 -0.538316 
-0.716991 2.029416 9.352899 0.022140 -0.378660 -0.539915 
-0.714260 2.029634 9.352032 0.019811 -0.376394 -0.539405 
-0.715933 2.029503 9.353252 0.016903 -0.375105 -0.538488 
-0.717185 2.029083 9.351192 0.017823 -0.372282 -0.537814 
-0.717363 2.026352 9.349852 0.018251 -0.370938 -0.535818 
-0.718642 2.025971 9.346588 0.017265 -0.370034 -0.536834 
-0.719173 2.026557 9.346244 0.018605 -0.366577 -0.535955 
-0.720445 2.026114 9.346286 0.017984 -0.363322 -0.534386 
-0.722074 2.025280 9.345607 0.016505 -0.360546 -0.533138 
-0.724509 2.024978 9.344505 0.014646 -0.359272 -0.531422 
-0.726343 2.022965 9.344589 0.013058 -0.357116 -0.532237 
-0.724724 2.023100 9.343384 0.010405 -0.355394 -0.531161 
-0.725929 2.021509 9.344910 0.013179 -0.357645 -0.531176 
-0.727007 2.022083 9.341540 0.015002 -0.356132 -0.532192 
-0.728912 2.022500 9.342202 0.016589 -0.353749 -0.530514 
-0.732484 2.022172 9.340842 0.016773 -0.353548 -0.529828 
-0.734721 2.020980 9.340269 0.018557 -0.351351 -0.530529 
-0.734976 2.021360 9.340735 0.019966 -0.352508 -0.530785 
-0.734704 2.021539 9.338308 0.016828 -0.349421 -0.528435 
-0.735192 2.023176 9.336206 0.016996 -0.348767 -0.525702 
-0.734233 2.022268 9.335518 0.016437 -0.345200 -0.525749 
-0.735949 2.021025 9.333477 0.013921 -0.345278 -0.526273 
-0.738293 2.021073 9.335085 0.011670 -0.344229 -0.525268 
-0.740705 2.019736 9.333102 0.009934 -0.343489 -0.525666 
-0.738580 2.022543 9.334924 0.011577 -0.343783 -0.526424 
-0.737570 2.022323 9.335866 0.011643 -0.340183 -0.525838 
-0.735259 2.022952 9.335997 0.008644 -0.339702 -0.525309 
-0.737768 2.023280 9.334979 0.011919 -0.340072 -0.524429 
-0.738687 2.023805 9.337166 0.013111 -0.337522 -0.523230 
-0.736904 2.023263 9.335529 0.015283 -0.335484 -0.523714 
-0.739764 2.022798 9.336669 0.012479 -0.336710 -0.523808 
-0.741752 2.023804 9.335551 0.010381 -0.336390 -0.521677 
-0.743663 2.026155 9.335872 0.009726 -0.336210 -0.524026 
-0.742868 2.023623 9.335144 0.011704 -0.337140 -0.521432 
-0.743401 2.022002 9.337468 0.008156 -0.336992 -0.521124 
-0.742004 2.023667 9.334306 0.010007 -0.334981 -0.521441 
-0.741974 2.024664 9.334171 0.009927 -0.333835 -0.520223 
-0.741658 2.025298 9.332700 0.009042 -0.333769 -0.519621 
-0.741089 2.025587 9.332454 0.009625 -0.333641 -0.519981 
-0.742325 2.024837 9.332798 0.008349 -0.332254 -0.519011 
-0.742452 2.024485 9.333313 0.007335 -0.330948 -0.518188 
-0.743701 2.024101 9.333016 0.007332 -0.329854 -0.517281 
-0.744613 2.022964 9.332470 0.006967 -0.328799 -0.516900 
-0.746043 2.023274 9.332421 0.006479 -0.327608 -0.516785 
-0.746310 2.023349 9.332082 0.007033 -0.325840 -0.516348 
-0.747066 2.023322 9.331774 0.007212 -0.324281 -0.515520 
-0.747360 2.022724 9.331272 0.006956 -0.322635 -0.516107 
-0.748858 2.022955 9.331227 0.006351 -0.321580 -0.515909 
-0.750288 2.022600 9.330977 0.005851 -0.320542 -0.515407 
-0.751407 2.023054 9.330889 0.005605 -0.319095 -0.514966 
-0.752465 2.022900 9.330580 0.005346 -0.317570 -0.514542 
-0.753362 2.022709 9.330824 0.004683 -0.316061 -0.514097 
-0.754353 2.022684 9.330544 0.004022 -0.314602 -0.513662 
-0.755310 2.022104 9.330582 0.004182 -0.313057 -0.513275 
-0.756604 2.021968 9.330846 0.004047 -0.311641 -0.513102 
-0.757586 2.021643 9.330467 0.003863 -0.310103 -0.512654 
-0.758855 2.021598 9.330454 0.003564 -0.308669 -0.512415 
-0.759687 2.021288 9.329789 0.003296 -0.307176 -0.511886 
-0.760931 2.021286 9.329652 0.002925 -0.305748 -0.511620 
-0.761548 2.020539 9.329971 0.002064 -0.304376 -0.511231 
-0.762483 2.020438 9.330201 0.001965 -0.303176 -0.510036 
-0.762960 2.020509 9.330370 0.001877 -0.301330 -0.509661 
-0.763947 2.020185 9.330399 0.001725 -0.299758 -0.509170 
-0.765138 2.021158 9.330205 0.001153 -0.298748 -0.508921 
-0.765803 2.021178 9.330114 0.000456 -0.297212 -0.508201 
-0.766786 2.021105 9.330039 -0.000014 -0.295710 -0.507600 
-0.767658 2.021147 9.330370 -0.000594 -0.294199 -0.507032 
-0.768749 2.021020 9.330213 -0.000961 -0.292737 -0.506472 
-0.769814 2.021002 9.330552 -0.001386 -0.291271 -0.505990 
-0.771083 2.020731 9.330063 -0.001489 -0.289980 -0.505526 
-0.771890 2.020833 9.329962 -0.001860 -0.288393 -0.504827 
-0.772828 2.020896 9.330008 -0.002200 -0.286835 -0.504207 
-0.773567 2.020886 9.329789 -0.002811 -0.285178 -0.503890 
-0.774812 2.020710 9.329959 -0.003168 -0.283744 -0.503743 
-0.775762 2.020692 9.329859 -0.003753 -0.282330 -0.502993 
-0.776172 2.021157 9.330274 -0.003552 -0.280601 -0.502516 
-0.777256 2.021957 9.329818 -0.003727 -0.279286 -0.502340 
-0.777959 2.021660 9.329610 -0.003741 -0.277564 -0.501867 
-0.778628 2.021842 9.329976 -0.004460 -0.275957 -0.501552 
-0.779524 2.022010 9.330383 -0.004935 -0.274440 -0.501010 
-0.780397 2.022227 9.330429 -0.005621 -0.272874 -0.500732 
-0.781298 2.022389 9.330507 -0.006193 -0.271289 -0.500367 
-0.782215 2.022498 9.330865 -0.006568 -0.269755 -0.499783 
-0.783115 2.022644 9.330823 -0.007142 -0.268157 -0.499468 
-0.784050 2.022698 9.331058 -0.007448 -0.266592 -0.498887 
-0.784955 2.022808 9.330916 -0.007983 -0.264983 -0.498590 
-0.785900 2.022810 9.331114 -0.008199 -0.263416 -0.497973 
-0.786802 2.022876 9.330825 -0.008690 -0.261802 -0.497716 
-0.787757 2.022809 9.330952 -0.008787 -0.260237 -0.497064 
-0.788902 2.023266 9.331208 -0.009491 -0.258991 -0.496642 
-0.789268 2.023605 9.331308 -0.010187 -0.257379 -0.495954 
-0.790155 2.023639 9.331874 -0.010444 -0.255806 -0.496360 
-0.791304 2.023677 9.331036 -0.010909 -0.254551 -0.496337 
-0.792583 2.023636 9.331098 -0.010895 -0.253250 -0.495645 
-0.793363 2.023537 9.330960 -0.011017 -0.251565 -0.495075 
-0.794535 2.023886 9.331031 -0.011515 -0.250242 -0.494513 
-0.795343 2.024043 9.330934 -0.011935 -0.248603 -0.493998 
-0.796307 2.024136 9.331722 -0.012041 -0.247127 -0.493742 
-0.796672 2.024069 9.331519 -0.012321 -0.245285 -0.493339 
-0.797774 2.024792 9.331519 -0.013247 -0.244280 -0.492881 
-0.798359 2.025241 9.332760 -0.013721 -0.243067 -0.493066 
-0.799391 2.024294 9.332934 -0.014827 -0.242470 -0.492570 
-0.800777 2.024754 9.332774 -0.014921 -0.241255 -0.492158 
-0.801506 2.025197 9.332417 -0.015489 -0.239677 -0.491778 
-0.802609 2.025314 9.332715 -0.015489 -0.238105 -0.491613 
-0.803833 2.025422 9.333067 -0.015374 -0.236641 -0.491452 
-0.804909 2.025616 9.333233 -0.015479 -0.235050 -0.491232 
-0.805878 2.026103 9.332890 -0.015922 -0.233584 -0.490814 
-0.806795 2.025943 9.333106 -0.016401 -0.231969 -0.490562 
-0.807778 2.026251 9.333448 -0.016119 -0.230370 -0.490515 
-0.808939 2.026260 9.333758 -0.016462 -0.229120 -0.489686 
-0.810319 2.026246 9.333872 -0.016954 -0.227851 -0.489473 
-0.811091 2.026592 9.333730 -0.017454 -0.226280 -0.488871 
-0.812263 2.026760 9.333567 -0.018044 -0.224853 -0.488865 
-0.813464 2.027819 9.333562 -0.017479 -0.224057 -0.488319 
-0.814155 2.026981 9.332778 -0.017006 -0.222908 -0.487627 
-0.814946 2.026980 9.333199 -0.017421 -0.221363 -0.486957 
-0.816078 2.026906 9.333481 -0.017827 -0.219880 -0.486665 
-0.817018 2.026975 9.333604 -0.018279 -0.218260 -0.486377 
-0.818243 2.026867 9.333861 -0.018672 -0.216829 -0.486188 
-0.819017 2.027065 9.333803 -0.019154 -0.215129 -0.485965 
-0.820291 2.027004 9.333860 -0.019554 -0.213708 -0.486028 
-0.821253 2.027055 9.334023 -0.020110 -0.212228 -0.485425 
-0.822498 2.026955 9.334257 -0.020622 -0.210913 -0.484969 
-0.823180 2.027273 9.333971 -0.021218 -0.209260 -0.484689 
-0.824505 2.027280 9.333793 -0.021729 -0.207934 -0.484782 
-0.824982 2.027357 9.334264 -0.021860 -0.206180 -0.484267 
-0.825938 2.027232 9.334788 -0.021962 -0.204589 -0.484006 
-0.826546 2.027369 9.334969 -0.022671 -0.203391 -0.482799 
-0.826892 2.026951 9.334296 -0.022263 -0.201876 -0.482022 
-0.827640 2.028338 9.334429 -0.021807 -0.200962 -0.481503 
-0.827660 2.028049 9.334726 -0.022751 -0.199310 -0.481358 
-0.827661 2.027406 9.335774 -0.022879 -0.198072 -0.480490 
-0.828875 2.027005 9.335366 -0.023920 -0.197108 -0.480463 
-0.829872 2.026691 9.334866 -0.025063 -0.196042 -0.480299 
-0.830571 2.026143 9.335045 -0.025937 -0.194657 -0.479739 
-0.829454 2.026688 9.334506 -0.026898 -0.193630 -0.479772 
-0.830496 2.025802 9.334515 -0.025317 -0.194259 -0.479829 
-0.831181 2.025597 9.334992 -0.025370 -0.193299 -0.481296 
-0.832588 2.025996 9.334562 -0.025240 -0.192163 -0.480869 
-0.833915 2.025337 9.333978 -0.025587 -0.191111 -0.480640 
-0.834960 2.024953 9.334126 -0.025398 -0.189618 -0.480106 
-0.836242 2.024691 9.333897 -0.025292 -0.188229 -0.479772 
-0.836943 2.023507 9.334272 -0.025482 -0.186935 -0.480038 
-0.837639 2.023830 9.334932 -0.024790 -0.185470 -0.480442 
-0.838941 2.023806 9.335928 -0.025638 -0.185836 -0.479919 
-0.840316 2.023701 9.336940 -0.026257 -0.186360 -0.479437 
-0.839295 2.023972 9.335597 -0.025905 -0.185978 -0.480693 
-0.838412 2.024526 9.336098 -0.027146 -0.185024 -0.479691 
-0.837985 2.024399 9.336795 -0.027152 -0.185211 -0.480175 
-0.838922 2.025655 9.336590 -0.026399 -0.183815 -0.479823 
-0.839281 2.024340 9.336612 -0.026621 -0.182457 -0.480077 
-0.838587 2.024388 9.336099 -0.026317 -0.182214 -0.480313 
-0.840350 2.024251 9.337019 -0.027357 -0.181214 -0.479437 
-0.841085 2.024052 9.338136 -0.028088 -0.180022 -0.479257 
-0.841838 2.024027 9.337952 -0.028662 -0.178463 -0.478583 
-0.842099 2.023747 9.337975 -0.029118 -0.176617 -0.478359 
-0.842760 2.024268 9.338173 -0.029380 -0.174951 -0.477887 
-0.843542 2.023911 9.338489 -0.030250 -0.173570 -0.477330 
-0.843608 2.023588 9.338829 -0.030660 -0.171720 -0.477356 
-0.844558 2.024341 9.339345 -0.031007 -0.170457 -0.476754 
-0.845514 2.023636 9.339874 -0.032189 -0.169891 -0.476117 
-0.845802 2.023705 9.338370 -0.032380 -0.169053 -0.475264 
-0.846795 2.024051 9.337754 -0.032969 -0.168726 -0.476633 
-0.846326 2.023276 9.338383 -0.031679 -0.168994 -0.475285 
-0.847132 2.023055 9.338490 -0.031032 -0.167576 -0.474462 
-0.847669 2.021432 9.338342 -0.031349 -0.166900 -0.473906 
-0.849120 2.021178 9.338201 -0.031153 -0.166807 -0.472650 
-0.849722 2.020390 9.337666 -0.030271 -0.165691 -0.471926 
-0.850540 2.019947 9.339307 -0.030280 -0.165186 -0.471879 
-0.850127 2.020146 9.339701 -0.031231 -0.164389 -0.470498 
-0.851118 2.020517 9.339340 -0.032375 -0.163347 -0.470909 
-0.852102 2.020326 9.339406 -0.033691 -0.162455 -0.470382 
-0.852656 2.021890 9.339700 -0.033389 -0.161573 -0.470051 
-0.852027 2.022055 9.340038 -0.033681 -0.159891 -0.470655 
-0.851765 2.023059 9.340875 -0.034925 -0.160344 -0.471190 
-0.851528 2.022318 9.339404 -0.033962 -0.159884 -0.470262 
-0.853161 2.022158 9.339320 -0.033194 -0.158622 -0.471045 
-0.853703 2.021971 9.339733 -0.032526 -0.157194 -0.470134 
-0.853315 2.022555 9.339524 -0.030924 -0.156795 -0.470878 
-0.853446 2.021096 9.339444 -0.032359 -0.157149 -0.470223 
-0.854733 2.021676 9.339809 -0.034058 -0.156633 -0.470125 
-0.856131 2.021467 9.339291 -0.033979 -0.157495 -0.469232 
-0.855851 2.021750 9.338519 -0.034166 -0.157243 -0.468916 
-0.855500 2.021578 9.339210 -0.035500 -0.157134 -0.467735 
-0.856976 2.022031 9.338104 -0.034919 -0.156176 -0.469686 
-0.858604 2.022503 9.337361 -0.034701 -0.156250 -0.469106 
-0.858734 2.022766 9.336727 -0.035733 -0.157494 -0.469952 
-0.858703 2.021594 9.337021 -0.034748 -0.156249 -0.469063 
-0.858679 2.022451 9.337572 -0.033815 -0.154574 -0.468698 
-0.858855 2.022531 9.337551 -0.033065 -0.152787 -0.468549 
-0.859477 2.024334 9.337799 -0.032825 -0.152738 -0.468310 
-0.858861 2.022595 9.337114 -0.032470 -0.152995 -0.469150 
-0.859942 2.022005 9.337485 -0.033684 -0.152306 -0.467231 
-0.860547 2.021937 9.337592 -0.035252 -0.151330 -0.467381 
-0.859832 2.022267 9.336464 -0.036049 -0.150812 -0.466371 
-0.859668 2.022211 9.336638 -0.035588 -0.149988 -0.466334 
-0.860065 2.021802 9.337541 -0.036100 -0.148703 -0.465461 
-0.861274 2.021378 9.336872 -0.036066 -0.147391 -0.465432 
-0.861384 2.020410 9.336760 -0.036575 -0.145825 -0.465809 
-0.862139 2.021193 9.336888 -0.036864 -0.144236 -0.465885 
-0.862963 2.020949 9.336805 -0.036648 -0.142606 -0.465279 
-0.862812 2.020639 9.337160 -0.037300 -0.140872 -0.465647 
-0.863816 2.020628 9.336630 -0.038760 -0.140547 -0.465110 
-0.865479 2.020261 9.337289 -0.039242 -0.140288 -0.465534 
-0.866395 2.020487 9.336077 -0.039935 -0.139302 -0.465588 
-0.866805 2.021012 9.336765 -0.040844 -0.138674 -0.464293 
-0.866506 2.019773 9.335928 -0.039578 -0.139146 -0.465079 
-0.866445 2.018202 9.335620 -0.040690 -0.139234 -0.465025 
-0.866850 2.019925 9.335609 -0.039645 -0.139921 -0.464752 
-0.867111 2.019734 9.336084 -0.038219 -0.137892 -0.465021 
-0.865935 2.020092 9.335225 -0.037591 -0.137074 -0.464310 
-0.866623 2.019535 9.336771 -0.037938 -0.138179 -0.464814 
-0.868655 2.019795 9.336380 -0.037468 -0.137183 -0.465543 
-0.868772 2.018227 9.336352 -0.038124 -0.136277 -0.465842 
-0.869745 2.017247 9.335649 -0.037887 -0.136961 -0.464898 
-0.869535 2.016990 9.335305 -0.037445 -0.137285 -0.465550 
-0.870860 2.017137 9.335938 -0.039273 -0.136226 -0.465030 
-0.870837 2.017081 9.335389 -0.038958 -0.134530 -0.464299 
-0.870888 2.016634 9.335750 -0.038556 -0.132918 -0.463449 
-0.870070 2.016549 9.334722 -0.039432 -0.132113 -0.462635 
-0.870874 2.017765 9.334041 -0.038962 -0.131227 -0.462163 
-0.871060 2.016966 9.333120 -0.038561 -0.130244 -0.463243 
-0.871337 2.017278 9.333684 -0.038815 -0.131584 -0.461689 
-0.870202 2.017373 9.333312 -0.037346 -0.131818 -0.461278 
-0.871391 2.016924 9.334250 -0.038621 -0.131015 -0.461310 
-0.872578 2.016886 9.334333 -0.040117 -0.130623 -0.461237 
-0.873740 2.016884 9.334226 -0.041550 -0.130135 -0.460835 
-0.873137 2.016705 9.333951 -0.041733 -0.129748 -0.460289 
-0.873452 2.016125 9.335023 -0.041063 -0.128717 -0.459441 
-0.872998 2.014617 9.335958 -0.041682 -0.128955 -0.459591 
-0.873240 2.016639 9.335562 -0.041295 -0.129097 -0.459046 
-0.872969 2.016706 9.335556 -0.041291 -0.127262 -0.460330 
-0.873349 2.016508 9.335445 -0.040426 -0.125763 -0.459540 
-0.872996 2.014899 9.336290 -0.040754 -0.125251 -0.459663 
-0.873679 2.014930 9.336288 -0.041424 -0.125083 -0.459568 
-0.875226 2.014919 9.337153 -0.041074 -0.125047 -0.460310 
-0.876390 2.014740 9.336822 -0.042329 -0.124194 -0.460428 
-0.876705 2.015340 9.338123 -0.043069 -0.124021 -0.459385 
-0.876730 2.014447 9.336585 -0.041858 -0.124028 -0.459760 
-0.877536 2.013646 9.336302 -0.042427 -0.125433 -0.459378 
-0.876994 2.015249 9.336166 -0.041783 -0.124260 -0.459686 
-0.877328 2.014439 9.336510 -0.041290 -0.122259 -0.459771 
-0.876396 2.014394 9.335564 -0.041910 -0.121309 -0.458898 
-0.875780 2.014686 9.335855 -0.041282 -0.121288 -0.458800 
-0.877823 2.013631 9.334977 -0.042555 -0.120663 -0.458760 
-0.879142 2.012869 9.334495 -0.042606 -0.119603 -0.458389 
-0.879945 2.012210 9.333874 -0.042523 -0.118230 -0.457713 
-0.880854 2.011613 9.333151 -0.042874 -0.116846 -0.457978 
-0.881589 2.010994 9.332427 -0.042959 -0.115344 -0.457651 
-0.881802 2.009106 9.332099 -0.043134 -0.115102 -0.457737 
-0.882850 2.008907 9.332608 -0.044141 -0.113984 -0.457344 
-0.884289 2.008745 9.332144 -0.044824 -0.113032 -0.456988 
-0.884150 2.008429 9.332519 -0.044831 -0.111316 -0.456206 
-0.884319 2.007359 9.333023 -0.045063 -0.110582 -0.454866 
-0.885000 2.007064 9.333927 -0.044349 -0.109231 -0.455198 
-0.884597 2.006879 9.333969 -0.045223 -0.107542 -0.455184 
-0.884832 2.008101 9.334467 -0.045245 -0.106676 -0.454058 
-0.884736 2.007757 9.333293 -0.044318 -0.105586 -0.453547 
-0.884006 2.008097 9.334831 -0.044874 -0.106691 -0.454023 
-0.886187 2.007888 9.334955 -0.046501 -0.106347 -0.454158 
-0.887488 2.007558 9.333946 -0.046712 -0.105415 -0.453866 
-0.887980 2.008720 9.333564 -0.047004 -0.104952 -0.455199 
-0.887484 2.008785 9.333146 -0.047711 -0.104902 -0.455034 
-0.889552 2.009039 9.333384 -0.047057 -0.105898 -0.454642 
-0.887951 2.009321 9.333873 -0.046950 -0.104529 -0.454639 
-0.888498 2.008758 9.334730 -0.046905 -0.102960 -0.454674 
-0.888530 2.008729 9.334230 -0.045555 -0.101663 -0.454428 
-0.888269 2.008979 9.336593 -0.046861 -0.102637 -0.455041 
-0.889365 2.008768 9.334887 -0.047143 -0.102894 -0.454332 
-0.889313 2.008688 9.334853 -0.047904 -0.102349 -0.454073 
-0.889788 2.008291 9.334788 -0.048133 -0.102185 -0.454771 
-0.889256 2.008251 9.334941 -0.047848 -0.102414 -0.453904 
-0.889800 2.008333 9.335130 -0.048270 -0.102614 -0.453274 
-0.889313 2.008196 9.334471 -0.047828 -0.102465 -0.453809 
-0.889528 2.008181 9.334475 -0.047317 -0.101693 -0.453586 
-0.889493 2.008125 9.334426 -0.046876 -0.100847 -0.453390 
-0.889391 2.007977 9.333504 -0.046796 -0.100688 -0.453190 
-0.889372 2.008116 9.334396 -0.046495 -0.100999 -0.453624 
-0.890280 2.008208 9.334474 -0.046798 -0.100734 -0.452837 
-0.890358 2.007539 9.334726 -0.046978 -0.100521 -0.452238 
-0.890312 2.007982 9.334866 -0.047198 -0.100192 -0.451477 
-0.890884 2.007903 9.334892 -0.047655 -0.099551 -0.451469 
-0.891523 2.007821 9.334866 -0.048319 -0.099328 -0.451252 
-0.891959 2.007727 9.335019 -0.048135 -0.098499 -0.451146 
-0.892053 2.007656 9.335530 -0.048354 -0.097713 -0.451254 
-0.892029 2.007451 9.335001 -0.048445 -0.096932 -0.451134 
-0.892501 2.008036 9.334849 -0.048365 -0.096379 -0.451363 
-0.893046 2.007528 9.334776 -0.048210 -0.096046 -0.451871 
-0.893559 2.007413 9.334861 -0.048013 -0.095333 -0.451521 
-0.894112 2.007329 9.334820 -0.048351 -0.094614 -0.451424 
-0.894696 2.007246 9.334765 -0.048803 -0.093995 -0.451304 
-0.895282 2.007155 9.334730 -0.049153 -0.093319 -0.451154 
-0.895856 2.007046 9.334765 -0.049198 -0.092590 -0.450876 
-0.896440 2.006922 9.334784 -0.049285 -0.091856 -0.450651 
-0.897032 2.006807 9.334782 -0.049469 -0.091135 -0.450459 
-0.897628 2.006652 9.334789 -0.049560 -0.090400 -0.450301 
-0.898220 2.006545 9.334772 -0.049816 -0.089694 -0.450132 
-0.898819 2.006371 9.334777 -0.049881 -0.088957 -0.450004 
-0.899420 2.006237 9.334753 -0.050126 -0.088249 -0.449887 
-0.900024 2.006069 9.334744 -0.050260 -0.087521 -0.449781 
-0.900220 2.005825 9.334885 -0.049433 -0.087142 -0.449688 
-0.900272 2.005888 9.335351 -0.049487 -0.087160 -0.449791 
-0.899769 2.005745 9.335370 -0.049693 -0.086425 -0.450102 
-0.899834 2.006168 9.335283 -0.049589 -0.086339 -0.450274 
-0.900330 2.005300 9.335266 -0.049991 -0.086073 -0.450569 
-0.900793 2.005080 9.335292 -0.050426 -0.085392 -0.450375 
-0.901256 2.004871 9.335319 -0.050860 -0.084712 -0.450166 
-0.901748 2.004598 9.335327 -0.051293 -0.084048 -0.450074 
-0.902259 2.004121 9.335228 -0.051573 -0.083705 -0.450584 
-0.901913 2.003503 9.335430 -0.051891 -0.083310 -0.450192 
-0.902270 2.003492 9.336306 -0.052049 -0.083470 -0.450101 
-0.902011 2.003381 9.335486 -0.051461 -0.083162 -0.450127 
-0.902515 2.003025 9.335108 -0.051422 -0.083271 -0.449482 
-0.902627 2.003308 9.335102 -0.051505 -0.082922 -0.449353 
-0.902745 2.003280 9.335034 -0.051303 -0.082018 -0.449074 
-0.902959 2.003290 9.334815 -0.051419 -0.081209 -0.448637 
-0.903134 2.003119 9.334661 -0.051235 -0.080376 -0.448259 
-0.903375 2.003344 9.334333 -0.051931 -0.080125 -0.447823 
-0.903814 2.003559 9.335091 -0.052121 -0.079902 -0.447590 
-0.903339 2.004062 9.335168 -0.051943 -0.079884 -0.446929 
-0.904122 2.003798 9.334929 -0.051895 -0.079998 -0.447589 
-0.903871 2.004009 9.335051 -0.052487 -0.079186 -0.447908 
-0.904320 2.003969 9.334989 -0.053005 -0.078564 -0.447605 
-0.904733 2.004141 9.334991 -0.053770 -0.078188 -0.447441 
-0.904947 2.003883 9.335108 -0.053451 -0.077344 -0.447327 
-0.904907 2.003594 9.334489 -0.053337 -0.076666 -0.447211 
-0.904781 2.002716 9.334767 -0.053595 -0.076518 -0.447185 
-0.904426 2.002843 9.334878 -0.053651 -0.076420 -0.446918 
-0.905274 2.002539 9.334789 -0.053222 -0.076183 -0.446531 
-0.905532 2.002488 9.334947 -0.052900 -0.075314 -0.446533 
-0.906002 2.002399 9.334690 -0.053153 -0.074671 -0.446106 
-0.906454 2.002267 9.334415 -0.053297 -0.074008 -0.445665 
-0.906878 2.002117 9.334195 -0.053292 -0.073264 -0.445277 
-0.906941 2.002061 9.334473 -0.052719 -0.072552 -0.445458 
-0.906817 2.001699 9.334395 -0.053434 -0.073255 -0.445275 
-0.907401 2.001864 9.334770 -0.053988 -0.073106 -0.444935 
-0.907939 2.001676 9.334410 -0.054375 -0.072972 -0.445511 
-0.907642 2.001809 9.334399 -0.054642 -0.072736 -0.445590 
-0.907929 2.001617 9.334165 -0.055142 -0.072459 -0.444917 
-0.908308 2.001718 9.334638 -0.055870 -0.072542 -0.444721 
-0.907899 2.001263 9.334409 -0.055086 -0.072241 -0.444969 
-0.908241 2.001584 9.334422 -0.054697 -0.071481 -0.444907 
-0.908302 2.001341 9.334066 -0.054329 -0.070696 -0.444788 
-0.908752 2.001427 9.334441 -0.054298 -0.069929 -0.444671 
-0.909175 2.001912 9.334072 -0.054399 -0.069524 -0.444192 
-0.908836 2.002424 9.334020 -0.054626 -0.068848 -0.444450 
-0.908565 2.002474 9.334199 -0.054508 -0.068839 -0.444107 
-0.909534 2.002665 9.333892 -0.054208 -0.068409 -0.444604 
-0.909961 2.002299 9.333715 -0.054750 -0.067881 -0.444423 
-0.910557 2.002293 9.333840 -0.055438 -0.067574 -0.444298 
-0.910973 2.002011 9.333405 -0.055934 -0.067086 -0.444133 
-0.911789 2.002166 9.333468 -0.056192 -0.066646 -0.444136 
-0.912180 2.001894 9.332841 -0.056323 -0.066091 -0.444043 
-0.912395 2.001913 9.332499 -0.057192 -0.066086 -0.443853 
-0.912219 2.001749 9.332816 -0.056406 -0.066162 -0.444494 
-0.912194 2.001372 9.333279 -0.056209 -0.065441 -0.443813 
-0.912136 2.001721 9.333248 -0.055876 -0.064595 -0.443838 
-0.912661 2.001473 9.333230 -0.055248 -0.064252 -0.443513 
-0.911997 2.001060 9.332828 -0.054982 -0.063996 -0.443302 
-0.912486 2.001542 9.333508 -0.054940 -0.064406 -0.443598 
-0.913048 2.001591 9.333447 -0.055789 -0.063658 -0.443203 
-0.913472 2.001317 9.333450 -0.056073 -0.063137 -0.443792 
-0.914039 2.001767 9.333115 -0.056410 -0.062696 -0.443697 
-0.914667 2.001428 9.333167 -0.057000 -0.062641 -0.443395 
-0.914413 2.001269 9.332897 -0.057232 -0.061814 -0.443162 
-0.914541 2.001507 9.333224 -0.057436 -0.060961 -0.443092 
-0.914858 2.001486 9.333037 -0.057383 -0.060063 -0.442996 
-0.915085 2.001536 9.332854 -0.057528 -0.059145 -0.442959 
-0.915775 2.001447 9.333053 -0.057449 -0.058538 -0.442723 
-0.916268 2.000974 9.332566 -0.057535 -0.058139 -0.442434 
-0.916378 2.001166 9.332458 -0.057368 -0.057639 -0.441650 
-0.916427 2.000607 9.332678 -0.057169 -0.056905 -0.441542 
-0.917079 2.000822 9.332344 -0.056888 -0.056370 -0.441615 
-0.917536 2.000827 9.332453 -0.057583 -0.055954 -0.441336 
-0.918109 2.000762 9.332596 -0.058172 -0.055608 -0.440970 
-0.918830 2.000828 9.332535 -0.058489 -0.055083 -0.440748 
-0.919272 2.000439 9.332793 -0.058787 -0.054520 -0.440381 
-0.919557 2.000351 9.332701 -0.058817 -0.053598 -0.440453 
-0.919990 2.000302 9.332626 -0.058805 -0.052767 -0.440191 
-0.920457 2.000153 9.332652 -0.058882 -0.051998 -0.439853 
-0.921051 2.000126 9.332566 -0.059054 -0.051248 -0.439830 
-0.921578 1.999971 9.332599 -0.059200 -0.050503 -0.439555 
-0.921981 2.000067 9.332423 -0.059036 -0.049727 -0.439206 
-0.922140 1.999956 9.332302 -0.059599 -0.048994 -0.438990 
-0.922504 1.999445 9.332014 -0.059846 -0.048359 -0.438877 
-0.922842 1.999320 9.332171 -0.060193 -0.047544 -0.438759 
-0.923274 1.999201 9.332164 -0.060281 -0.046705 -0.438555 
-0.923794 1.999035 9.332264 -0.060558 -0.046204 -0.437991 
-0.924306 1.998968 9.332215 -0.060833 -0.045464 -0.437745 
-0.924765 1.998812 9.332195 -0.060790 -0.044686 -0.437409 
-0.925152 1.998663 9.332199 -0.060998 -0.043892 -0.437081 
-0.925766 1.998669 9.332074 -0.061174 -0.043175 -0.436957 
-0.926344 1.998446 9.332202 -0.061326 -0.042472 -0.436767 
-0.926769 1.998358 9.332155 -0.061593 -0.041687 -0.436492 
-0.927229 1.998102 9.332306 -0.061799 -0.040953 -0.436220 
-0.927545 1.998073 9.332186 -0.062118 -0.040156 -0.435903 
-0.927871 1.997755 9.332399 -0.062357 -0.039431 -0.435559 
-0.928418 1.997426 9.332127 -0.062478 -0.038835 -0.435241 
-0.928970 1.997460 9.332173 -0.062553 -0.038121 -0.434880 
-0.929599 1.997415 9.332222 -0.062889 -0.037466 -0.434768 
-0.929954 1.997317 9.332183 -0.062816 -0.036578 -0.434623 
-0.930371 1.997239 9.332152 -0.062863 -0.035760 -0.434303 
-0.930787 1.997039 9.332097 -0.063092 -0.034934 -0.434352 
-0.931352 1.996981 9.332114 -0.063369 -0.034237 -0.434091 
-0.931857 1.996900 9.332104 -0.063573 -0.033478 -0.433816 
-0.932275 1.996769 9.332057 -0.063703 -0.032645 -0.433596 
-0.932814 1.996723 9.332068 -0.063928 -0.031939 -0.433264 
-0.933265 1.996625 9.332038 -0.064071 -0.031141 -0.432976 
-0.933878 1.996469 9.332120 -0.064178 -0.030433 -0.432791 
-0.934262 1.996333 9.332065 -0.064257 -0.029586 -0.432543 
-0.934777 1.996436 9.332081 -0.064519 -0.029050 -0.431976 
-0.935407 1.996632 9.331812 -0.064704 -0.028412 -0.431904 
-0.935731 1.996838 9.332156 -0.065024 -0.027653 -0.431807 
-0.936223 1.996650 9.332134 -0.065433 -0.026986 -0.431555 
-0.936782 1.996668 9.332211 -0.065455 -0.026259 -0.431230 
-0.937280 1.996714 9.332238 -0.065523 -0.025497 -0.430885 
-0.937726 1.996738 9.332213 -0.065698 -0.024721 -0.430539 
-0.938273 1.996768 9.332257 -0.065829 -0.023995 -0.430211 
-0.938616 1.996763 9.332152 -0.066136 -0.023211 -0.429869 
-0.939142 1.996777 9.332171 -0.066338 -0.022483 -0.429545 
-0.939436 1.997185 9.332272 -0.066491 -0.021723 -0.429243 
-0.939795 1.997028 9.332246 -0.066478 -0.020830 -0.429212 
-0.940243 1.996987 9.332427 -0.067045 -0.020201 -0.429258 
-0.940493 1.996768 9.332736 -0.067262 -0.019502 -0.428798 
-0.940994 1.996724 9.332691 -0.067519 -0.018764 -0.428500 
-0.941331 1.996740 9.332674 -0.067815 -0.017938 -0.428236 
-0.941952 1.996739 9.332839 -0.067940 -0.017248 -0.428016 
-0.942430 1.996778 9.332990 -0.068125 -0.016460 -0.427803 
-0.942735 1.996797 9.332957 -0.068435 -0.015627 -0.427539 
-0.943230 1.996886 9.333266 -0.068530 -0.014867 -0.427402 
-0.943846 1.996704 9.333346 -0.068713 -0.014194 -0.427182 
-0.944328 1.996622 9.333439 -0.068938 -0.013414 -0.426968 
-0.944547 1.996885 9.333761 -0.069072 -0.012574 -0.426866 
-0.945163 1.997011 9.333902 -0.069403 -0.012089 -0.426426 
-0.945573 1.996795 9.333889 -0.069624 -0.011274 -0.426268 
-0.945729 1.996893 9.333941 -0.069946 -0.010397 -0.426054 
-0.946264 1.996739 9.334317 -0.069965 -0.009689 -0.426051 
-0.946890 1.996580 9.334465 -0.070197 -0.009060 -0.425795 
-0.947314 1.996728 9.334846 -0.070425 -0.008345 -0.425585 
-0.947575 1.996426 9.334849 -0.070595 -0.007471 -0.425565 
-0.947861 1.996404 9.334650 -0.071033 -0.006772 -0.425175 
-0.948220 1.996368 9.334605 -0.070505 -0.006132 -0.424811 
-0.948860 1.996538 9.334408 -0.070344 -0.005489 -0.425003 
-0.949324 1.996326 9.334535 -0.070168 -0.004728 -0.424743 
-0.949687 1.996427 9.334232 -0.070615 -0.004047 -0.424507 
-0.950050 1.996346 9.334119 -0.070902 -0.003283 -0.424138 
-0.950492 1.996172 9.334165 -0.070892 -0.002491 -0.423824 
-0.951062 1.996267 9.333974 -0.071241 -0.001827 -0.423965 
-0.951214 1.996548 9.333792 -0.071420 -0.000940 -0.423973 
-0.951649 1.996118 9.333122 -0.071517 -0.000596 -0.423930 
-0.952453 1.996333 9.332972 -0.071744 -0.000366 -0.423562 
-0.953080 1.996108 9.333013 -0.072273 0.000102 -0.423464 
-0.953873 1.996140 9.332976 -0.071956 0.000489 -0.423729 
-0.954506 1.996462 9.332521 -0.072332 0.000679 -0.423987 
-0.954972 1.996276 9.332502 -0.072086 0.001233 -0.423409 
-0.955696 1.995820 9.332557 -0.071919 0.001177 -0.422975 
-0.955979 1.996223 9.333104 -0.071883 0.001750 -0.422687 
-0.956096 1.995989 9.333109 -0.071737 0.002677 -0.422626 
-0.956270 1.996283 9.332896 -0.071145 0.003251 -0.422292 
-0.956354 1.996164 9.332859 -0.071985 0.002737 -0.422738 
-0.956233 1.996032 9.332834 -0.072620 0.003128 -0.422134 
-0.956615 1.995819 9.333218 -0.073013 0.003775 -0.422340 
-0.957029 1.995037 9.332828 -0.073017 0.003833 -0.422217 
-0.956721 1.994959 9.332618 -0.073029 0.004035 -0.422448 
-0.956834 1.994792 9.332522 -0.073674 0.004730 -0.422513 
-0.956918 1.994299 9.331777 -0.073902 0.004719 -0.422203 
-0.956738 1.994639 9.332636 -0.073962 0.004441 -0.422676 
-0.956749 1.994659 9.332682 -0.073184 0.005451 -0.422134 
-0.957133 1.994859 9.332482 -0.072677 0.006128 -0.422237 
-0.956780 1.995465 9.332335 -0.072708 0.006497 -0.421686 
-0.957141 1.995506 9.332485 -0.072785 0.006423 -0.421415 
-0.957432 1.995130 9.332970 -0.072536 0.006940 -0.421011 
-0.957753 1.995487 9.333409 -0.073012 0.007350 -0.421379 
-0.958236 1.996024 9.333950 -0.072656 0.007358 -0.421494 
-0.958012 1.995509 9.333069 -0.072907 0.007547 -0.421454 
-0.958605 1.995433 9.333040 -0.073544 0.007954 -0.421299 
-0.958945 1.995460 9.333017 -0.074057 0.008711 -0.421277 
-0.959536 1.995057 9.333062 -0.074210 0.009156 -0.420810 
-0.960111 1.994541 9.333175 -0.074550 0.009398 -0.421223 
-0.959868 1.994276 9.332901 -0.074725 0.009389 -0.421166 
-0.960660 1.994945 9.333088 -0.074883 0.009682 -0.420683 
-0.960820 1.995157 9.333383 -0.075595 0.009287 -0.420319 
-0.960895 1.994884 9.332865 -0.074741 0.009353 -0.420651 
-0.960510 1.995354 9.332972 -0.075088 0.010516 -0.420800 
-0.960476 1.994959 9.333378 -0.074845 0.010963 -0.420189 
-0.960247 1.995268 9.333381 -0.074642 0.010847 -0.419999 
-0.960914 1.995294 9.334039 -0.074533 0.011015 -0.420525 
-0.960740 1.995132 9.333951 -0.074206 0.011097 -0.420770 
-0.960572 1.995370 9.334634 -0.075213 0.010946 -0.420423 
-0.961575 1.995606 9.333881 -0.074780 0.011120 -0.419956 
-0.961441 1.995662 9.334171 -0.075134 0.011091 -0.419872 
-0.961523 1.995699 9.333839 -0.074810 0.011326 -0.420010 
-0.961611 1.995645 9.333814 -0.074593 0.011742 -0.419921 
-0.961734 1.995663 9.333720 -0.074395 0.012160 -0.419910 
-0.961974 1.995459 9.333677 -0.074088 0.012118 -0.419707 
-0.961949 1.995633 9.333778 -0.073960 0.012079 -0.419682 
-0.961688 1.995457 9.333435 -0.074058 0.012237 -0.419419 
-0.961567 1.995373 9.333413 -0.073930 0.012214 -0.419563 
-0.961739 1.995312 9.333690 -0.074168 0.012580 -0.419280 
-0.962007 1.995345 9.333600 -0.074305 0.012947 -0.419216 
-0.962267 1.995308 9.333591 -0.074522 0.013260 -0.419061 
-0.962511 1.995254 9.333570 -0.074696 0.013628 -0.418960 
-0.962730 1.995163 9.333632 -0.074918 0.013943 -0.418786 
-0.962948 1.995120 9.333549 -0.074998 0.014362 -0.418794 
-0.963181 1.995163 9.333355 -0.075172 0.014663 -0.418640 
-0.963305 1.995053 9.333330 -0.075279 0.015097 -0.418537 
-0.963439 1.994977 9.333257 -0.075429 0.015492 -0.418363 
-0.963722 1.994879 9.333368 -0.075608 0.015814 -0.418335 
-0.963906 1.994828 9.333299 -0.075806 0.016157 -0.418133 
-0.963834 1.994627 9.333372 -0.075789 0.016587 -0.418086 
-0.963932 1.994893 9.333519 -0.075659 0.016913 -0.417973 
-0.964183 1.994767 9.333450 -0.075532 0.017275 -0.417889 
-0.964298 1.994771 9.333406 -0.075628 0.017736 -0.417929 
-0.964447 1.994686 9.333496 -0.075682 0.018154 -0.417777 
-0.964429 1.994778 9.333503 -0.075920 0.018559 -0.417874 
-0.964416 1.994773 9.333354 -0.075904 0.018974 -0.417666 
-0.964594 1.994677 9.333548 -0.075853 0.019351 -0.417789 
-0.964994 1.994791 9.333515 -0.076055 0.019476 -0.417703 
-0.965252 1.994547 9.333407 -0.076348 0.019598 -0.417685 
-0.965566 1.994590 9.333489 -0.076616 0.019792 -0.417539 
-0.965908 1.994667 9.333252 -0.076691 0.019971 -0.417685 
-0.966167 1.994449 9.333373 -0.076786 0.020280 -0.417752 
-0.966328 1.994302 9.333236 -0.076931 0.020621 -0.417565 
-0.966388 1.994246 9.333201 -0.077287 0.020936 -0.417630 
-0.966772 1.994040 9.333157 -0.077314 0.021043 -0.417443 
-0.966926 1.994199 9.333250 -0.077142 0.021411 -0.417316 
-0.967054 1.994154 9.333199 -0.076917 0.021817 -0.417273 
-0.967056 1.994072 9.333436 -0.076841 0.022125 -0.416999 
-0.967254 1.994283 9.333295 -0.076758 0.022424 -0.416802 
-0.967558 1.994346 9.333512 -0.076635 0.022654 -0.416963 
-0.967832 1.994078 9.333398 -0.076518 0.022882 -0.416851 
-0.967812 1.994025 9.333329 -0.076604 0.023346 -0.416938 
-0.967834 1.994010 9.333292 -0.076265 0.023693 -0.416908 
-0.967765 1.993990 9.333498 -0.076641 0.023388 -0.416781 
-0.968076 1.993994 9.333484 -0.076989 0.023516 -0.416718 
-0.968253 1.993700 9.333599 -0.077267 0.023599 -0.416871 
-0.968232 1.993575 9.333322 -0.077560 0.023674 -0.416638 
-0.968096 1.993672 9.333342 -0.077655 0.023791 -0.416731 
-0.968571 1.993752 9.333428 -0.077838 0.023677 -0.416581 
-0.968468 1.993744 9.333518 -0.077930 0.023501 -0.416546 
-0.968639 1.993611 9.333588 -0.077748 0.024054 -0.416384 
-0.968828 1.993445 9.333536 -0.077653 0.024458 -0.416382 
-0.968921 1.993575 9.333442 -0.077453 0.024789 -0.416148 
-0.969066 1.993650 9.333722 -0.077164 0.024922 -0.416325 
-0.969189 1.993548 9.333704 -0.077067 0.024798 -0.416231 
-0.969125 1.993443 9.333728 -0.077199 0.025326 -0.416158 
-0.969442 1.993478 9.333508 -0.077286 0.025605 -0.416205 
-0.969478 1.993358 9.333188 -0.077132 0.025901 -0.416302 
-0.969766 1.993476 9.333204 -0.077302 0.026176 -0.416110 
-0.970085 1.993439 9.333259 -0.077561 0.026427 -0.416064 
-0.970360 1.993399 9.333336 -0.077790 0.026722 -0.415937 
-0.970737 1.993518 9.333247 -0.077998 0.026889 -0.415982 
-0.970882 1.993180 9.333275 -0.078185 0.027083 -0.416156 
-0.971084 1.993166 9.333282 -0.078296 0.027456 -0.415942 
-0.971345 1.993186 9.333186 -0.078395 0.027824 -0.415818 
-0.971645 1.993166 9.332999 -0.078499 0.028140 -0.415866 
-0.971725 1.993316 9.333117 -0.078640 0.028559 -0.415883 
-0.971664 1.993349 9.332937 -0.079012 0.028752 -0.415724 
-0.971806 1.993413 9.333028 -0.079130 0.028638 -0.415718 
-0.971742 1.993265 9.332926 -0.078808 0.029173 -0.415642 
-0.971770 1.993086 9.332940 -0.078700 0.029597 -0.415758 
-0.971823 1.993313 9.332780 -0.078460 0.029911 -0.415717 
-0.971638 1.993259 9.333054 -0.078363 0.030124 -0.415449 
-0.971677 1.993215 9.332637 -0.078384 0.029873 -0.415688 
-0.972228 1.993122 9.332732 -0.078420 0.030010 -0.415560 
-0.972514 1.993065 9.332697 -0.078606 0.030348 -0.415619 
-0.972869 1.992979 9.332762 -0.078588 0.030625 -0.415774 
-0.973228 1.993030 9.332705 -0.078771 0.030875 -0.415685 
-0.973473 1.992867 9.332519 -0.078892 0.031195 -0.415662 
-0.973886 1.992779 9.332419 -0.078893 0.031388 -0.415548 
-0.974144 1.992935 9.332185 -0.078943 0.031655 -0.415683 
-0.974465 1.992814 9.332170 -0.079225 0.031849 -0.415740 
-0.974503 1.992868 9.332264 -0.079161 0.032284 -0.415563 
-0.974565 1.992940 9.332132 -0.079218 0.032613 -0.415246 
-0.974680 1.992862 9.332123 -0.079066 0.033050 -0.415174 
-0.974916 1.993087 9.332299 -0.079006 0.033324 -0.415024 
-0.974777 1.993190 9.332338 -0.079153 0.033753 -0.415060 
-0.974764 1.992960 9.332584 -0.079205 0.033955 -0.414775 
-0.974545 1.993087 9.332591 -0.078890 0.034133 -0.414567 
-0.974790 1.992986 9.332417 -0.079293 0.033955 -0.414625 
-0.975120 1.992856 9.332364 -0.079493 0.034218 -0.414655 
-0.975327 1.992927 9.332489 -0.079888 0.034341 -0.414593 
-0.975280 1.992588 9.332334 -0.080140 0.034503 -0.414678 
-0.975384 1.992476 9.332360 -0.080153 0.034316 -0.414656 
-0.975517 1.992643 9.332264 -0.080078 0.034901 -0.414565 
-0.975774 1.992831 9.332040 -0.080099 0.035150 -0.414720 
-0.975910 1.992773 9.332315 -0.080005 0.035471 -0.414891 
-0.976052 1.992819 9.332348 -0.079983 0.035907 -0.414736 
-0.976225 1.992934 9.332356 -0.079998 0.036349 -0.414744 
-0.976616 1.992831 9.332375 -0.079922 0.036583 -0.414625 
-0.976666 1.992734 9.332237 -0.079591 0.036896 -0.414614 
-0.976625 1.992555 9.332170 -0.079719 0.036954 -0.414656 
-0.976806 1.992446 9.332326 -0.079971 0.037254 -0.414527 
-0.977099 1.992352 9.332453 -0.080152 0.037461 -0.414755 
-0.977364 1.992367 9.332279 -0.080436 0.037672 -0.414646 
-0.977641 1.992120 9.332395 -0.080632 0.037842 -0.414505 
-0.977615 1.992164 9.332482 -0.080912 0.038228 -0.414538 
-0.977605 1.991867 9.332249 -0.081144 0.038309 -0.414727 
-0.977637 1.992121 9.332411 -0.080739 0.038376 -0.414534 
-0.977957 1.992211 9.332399 -0.080623 0.038715 -0.414520 
-0.978031 1.992211 9.332302 -0.080554 0.039051 -0.414195 
-0.978142 1.992101 9.332499 -0.080368 0.039425 -0.414172 
-0.978146 1.992372 9.332314 -0.080242 0.039759 -0.414228 
-0.978154 1.992497 9.332404 -0.080100 0.039670 -0.414140 
-0.978469 1.992106 9.332085 -0.080197 0.039846 -0.414187 
-0.978733 1.992101 9.332163 -0.080532 0.040045 -0.414084 
-0.978903 1.991943 9.332164 -0.080825 0.040323 -0.413935 
-0.979232 1.991884 9.332258 -0.081050 0.040485 -0.414138 
-0.979391 1.991982 9.331990 -0.081390 0.040410 -0.414036 
-0.979234 1.992024 9.332169 -0.080981 0.040648 -0.414162 
-0.979522 1.992100 9.332357 -0.080870 0.040825 -0.413897 
-0.979396 1.992269 9.332640 -0.081086 0.041082 -0.413859 
-0.979512 1.992077 9.332645 -0.081058 0.041513 -0.413814 
-0.979750 1.992072 9.332756 -0.080980 0.041914 -0.413863 
-0.979814 1.992035 9.332796 -0.080862 0.042340 -0.413673 
-0.979926 1.992326 9.333091 -0.080904 0.042555 -0.413751 
-0.980191 1.992389 9.332909 -0.081238 0.042673 -0.413674 
-0.980500 1.992221 9.333009 -0.081524 0.042814 -0.413631 
-0.980714 1.992023 9.333292 -0.081589 0.042670 -0.413410 
-0.980539 1.992017 9.333344 -0.081730 0.042698 -0.413337 
-0.980744 1.991729 9.333369 -0.081716 0.042823 -0.413735 
-0.980716 1.991578 9.333245 -0.081651 0.042888 -0.413624 
-0.980780 1.991692 9.333438 -0.081536 0.043291 -0.413534 
-0.980905 1.991734 9.333335 -0.081699 0.043347 -0.413495 
-0.981119 1.991685 9.333282 -0.081706 0.043763 -0.413374 
-0.981358 1.991671 9.333294 -0.081759 0.044183 -0.413338 
-0.981538 1.991594 9.333230 -0.081710 0.044594 -0.413181 
-0.981791 1.991490 9.333178 -0.081842 0.044972 -0.413210 
-0.982036 1.991517 9.333249 -0.081920 0.045379 -0.413235 
-0.982161 1.991948 9.333409 -0.081996 0.045418 -0.413172 
-0.982092 1.992046 9.333260 -0.081936 0.045483 -0.413295 
-0.982370 1.992018 9.333365 -0.081608 0.045404 -0.413483 
-0.982070 1.992029 9.333346 -0.082061 0.045447 -0.413481 
-0.981824 1.992003 9.333629 -0.081887 0.045706 -0.413485 
-0.981951 1.991950 9.333602 -0.081954 0.045894 -0.413499 
-0.981911 1.991935 9.333554 -0.082293 0.046231 -0.413426 
-0.981914 1.991914 9.333517 -0.082614 0.046594 -0.413376 
-0.982198 1.991838 9.333539 -0.082692 0.046963 -0.413473 
-0.982179 1.991812 9.333580 -0.082945 0.047376 -0.413450 
-0.982280 1.991757 9.333737 -0.082975 0.047816 -0.413533 
-0.982344 1.991717 9.333834 -0.083322 0.047979 -0.413810 
-0.982250 1.991289 9.333675 -0.083321 0.048122 -0.413834 
-0.982182 1.991387 9.333525 -0.083260 0.048185 -0.413957 
-0.982295 1.991373 9.333416 -0.083402 0.048607 -0.413835 
-0.982179 1.991355 9.333451 -0.083524 0.049055 -0.413747 
-0.982368 1.991286 9.333395 -0.083577 0.049493 -0.413740 
-0.982498 1.991234 9.333263 -0.083745 0.049903 -0.413669 
-0.982597 1.991193 9.333158 -0.083823 0.050360 -0.413693 
-0.982655 1.991163 9.332956 -0.084139 0.050597 -0.413501 
-0.982730 1.991142 9.332855 -0.083908 0.050829 -0.413162 
-0.982928 1.991504 9.333009 -0.084016 0.051002 -0.413107 
-0.983137 1.991360 9.333209 -0.084191 0.051317 -0.413038 
-0.983525 1.991296 9.333169 -0.084313 0.051575 -0.413060 
-0.983803 1.991245 9.333202 -0.084476 0.051937 -0.413047 
-0.984167 1.991166 9.333277 -0.084678 0.052115 -0.412902 
-0.984393 1.991121 9.333483 -0.084452 0.052346 -0.413097 
-0.984465 1.991104 9.333606 -0.084729 0.052341 -0.413473 
-0.984350 1.990881 9.333461 -0.084447 0.052349 -0.413105 
-0.984541 1.990853 9.333273 -0.084286 0.052723 -0.413102 
-0.984479 1.990830 9.333477 -0.084235 0.053136 -0.412960 
-0.984816 1.990746 9.333493 -0.083971 0.053339 -0.412878 
-0.984585 1.990800 9.333397 -0.083656 0.053492 -0.413101 
-0.984743 1.990761 9.333402 -0.083896 0.053297 -0.412682 
-0.985014 1.990703 9.333393 -0.084355 0.053535 -0.412837 
-0.985079 1.990289 9.333519 -0.084567 0.053548 -0.412796 
-0.985329 1.990453 9.333747 -0.084863 0.053599 -0.412712 
-0.985202 1.990465 9.333836 -0.084855 0.053785 -0.412682 
-0.985219 1.990397 9.333668 -0.085062 0.054152 -0.412848 
-0.985162 1.990362 9.333470 -0.085187 0.054295 -0.412450 
-0.985321 1.990321 9.333483 -0.085038 0.054388 -0.412411 
-0.985469 1.990162 9.333584 -0.084945 0.054799 -0.412352 
-0.985871 1.990067 9.333541 -0.084996 0.055049 -0.412313 
-0.986094 1.990243 9.333470 -0.084879 0.055420 -0.412284 
-0.986320 1.990002 9.333295 -0.084738 0.055701 -0.412290 
-0.986631 1.989972 9.333522 -0.084702 0.055909 -0.412078 
-0.986683 1.989938 9.333517 -0.085029 0.056265 -0.412042 
-0.986854 1.989913 9.333679 -0.085192 0.056552 -0.412312 
-0.987083 1.989931 9.333621 -0.085474 0.056870 -0.412266 
-0.987026 1.989878 9.333720 -0.085576 0.057326 -0.412205 
-0.987097 1.989514 9.333840 -0.085854 0.057412 -0.412159 
-0.987062 1.989781 9.334110 -0.086144 0.057467 -0.412084 
-0.986950 1.989519 9.333720 -0.085969 0.057408 -0.412259 
-0.987394 1.989434 9.333780 -0.085726 0.057764 -0.412176 
-0.987701 1.989461 9.333852 -0.085692 0.058133 -0.412144 
-0.987905 1.989409 9.333712 -0.085685 0.058538 -0.412244 
-0.988175 1.989368 9.333764 -0.085756 0.058933 -0.412242 
-0.988407 1.989296 9.333736 -0.085837 0.059345 -0.412290 
-0.988686 1.989263 9.333829 -0.085915 0.059725 -0.412263 
-0.988931 1.989198 9.333834 -0.086003 0.060132 -0.412292 
-0.989218 1.989181 9.333997 -0.086091 0.060474 -0.412225 
-0.989465 1.989119 9.333947 -0.086121 0.060865 -0.412095 
-0.989708 1.989036 9.333994 -0.086113 0.061278 -0.412104 
-0.989933 1.989025 9.333934 -0.086394 0.061602 -0.412112 
-0.990171 1.988973 9.333968 -0.086550 0.061984 -0.412198 
-0.990419 1.988896 9.333975 -0.086547 0.062394 -0.412142 
-0.990667 1.988820 9.334007 -0.086571 0.062806 -0.412144 
-0.990859 1.988783 9.334095 -0.086785 0.063117 -0.412367 
-0.991286 1.988756 9.334016 -0.086826 0.063334 -0.412360 
-0.991448 1.988935 9.334000 -0.086882 0.063752 -0.412310 
-0.991646 1.988902 9.334011 -0.086999 0.064171 -0.412218 
-0.991849 1.988869 9.334064 -0.086954 0.064608 -0.412215 
-0.992069 1.988873 9.334117 -0.087049 0.065030 -0.412226 
-0.992234 1.988713 9.334101 -0.087129 0.065408 -0.412036 
-0.992349 1.988666 9.333893 -0.087164 0.065826 -0.412096 
-0.992583 1.988692 9.333946 -0.087180 0.066237 -0.411990 
-0.992721 1.988621 9.334044 -0.087556 0.066472 -0.412079 
-0.992450 1.988602 9.334217 -0.087622 0.066832 -0.412063 
-0.992496 1.988455 9.334310 -0.087517 0.066840 -0.412190 
-0.992831 1.988312 9.334278 -0.087682 0.067118 -0.412169 
-0.993166 1.988169 9.334246 -0.087847 0.067396 -0.412148 
-0.993437 1.987957 9.334271 -0.087870 0.067740 -0.412148 
-0.993706 1.987771 9.334285 -0.087942 0.068095 -0.412129 
-0.993992 1.987633 9.334268 -0.088100 0.068428 -0.412089 
-0.994173 1.987385 9.334341 -0.087994 0.068785 -0.412109 
-0.994302 1.987191 9.334430 -0.088023 0.069204 -0.412109 
-0.994659 1.986990 9.334381 -0.088001 0.069462 -0.412080 
-0.994949 1.986838 9.334371 -0.088137 0.069796 -0.412048 
-0.995206 1.986651 9.334386 -0.088192 0.070161 -0.412023 
-0.995477 1.986535 9.334376 -0.088404 0.070486 -0.411989 
-0.995575 1.986343 9.334483 -0.088435 0.070910 -0.411999 
-0.995829 1.986123 9.334492 -0.088365 0.071256 -0.411971 
-0.996046 1.985944 9.334528 -0.088440 0.071646 -0.411949 
-0.996423 1.985820 9.334439 -0.088564 0.071878 -0.411888 
-0.996719 1.985741 9.334518 -0.088587 0.072208 -0.412057 
-0.996941 1.985575 9.334549 -0.088693 0.072594 -0.412033 
-0.997173 1.985338 9.334539 -0.088536 0.072910 -0.411972 
-0.997439 1.985186 9.334870 -0.088611 0.073022 -0.411842 
-0.997611 1.984850 9.334827 -0.088752 0.073266 -0.411963 
-0.997846 1.984830 9.334811 -0.088797 0.073687 -0.411908 
-0.998080 1.984810 9.334794 -0.088843 0.074109 -0.411851 
-0.998324 1.984777 9.334777 -0.088888 0.074525 -0.411810 
-0.998563 1.984708 9.334756 -0.088949 0.074939 -0.411781 
-0.998787 1.984602 9.334730 -0.089031 0.075351 -0.411756 
-0.999044 1.984565 9.334713 -0.089070 0.075761 -0.411729 
-0.999258 1.984424 9.334700 -0.089171 0.076163 -0.411701 
-0.999488 1.984293 9.334707 -0.089265 0.076561 -0.411665 
-0.999744 1.984202 9.334731 -0.089334 0.076958 -0.411623 
-0.999928 1.983989 9.334740 -0.089476 0.077329 -0.411588 
-1.000177 1.983868 9.334780 -0.089562 0.077717 -0.411541 
-1.000377 1.983770 9.334680 -0.089632 0.078133 -0.411561 
-1.000630 1.983672 9.334697 -0.089704 0.078531 -0.411525 
-1.000815 1.983442 9.334703 -0.089848 0.078892 -0.411505 
-1.001076 1.983343 9.334745 -0.089921 0.079281 -0.411458 
-1.001292 1.983260 9.334647 -0.089977 0.079695 -0.411487 
-1.001502 1.983060 9.334649 -0.090100 0.080068 -0.411476 
-1.001770 1.982982 9.334686 -0.090159 0.080460 -0.411431 
-1.001990 1.982761 9.334779 -0.090297 0.080792 -0.411373 
-1.002212 1.982643 9.334702 -0.090367 0.081196 -0.411403 
-1.002495 1.982617 9.334738 -0.090397 0.081587 -0.411357 
-1.002747 1.982472 9.334770 -0.090488 0.081967 -0.411331 
-1.002940 1.982407 9.334598 -0.090521 0.082366 -0.411416 
-1.003167 1.982216 9.334605 -0.090632 0.082737 -0.411412 
-1.003449 1.982161 9.334640 -0.090674 0.083126 -0.411376 
-1.003684 1.981961 9.334694 -0.090793 0.083480 -0.411347 
-1.003991 1.981983 9.334805 -0.090798 0.083832 -0.411260 
-1.004238 1.981892 9.334735 -0.090846 0.084233 -0.411299 
-1.004483 1.981702 9.334793 -0.090957 0.084587 -0.411270 
-1.004676 1.981557 9.334649 -0.091026 0.084970 -0.411363 
-1.004973 1.981528 9.334671 -0.091045 0.085355 -0.411346 
-1.005208 1.981313 9.334731 -0.091168 0.085698 -0.411323 
-1.005528 1.981337 9.334883 -0.091167 0.086019 -0.411226 
-1.005779 1.981231 9.334808 -0.091214 0.086410 -0.411284 
-1.005996 1.980975 9.334888 -0.091358 0.086723 -0.411257 
-1.006322 1.980956 9.335019 -0.091370 0.087054 -0.411191 
-1.006560 1.980829 9.334922 -0.091425 0.087439 -0.411268 
-1.006746 1.980523 9.335012 -0.091592 0.087710 -0.411249 
-1.007075 1.980489 9.335103 -0.091604 0.088056 -0.411218 
-1.007277 1.980369 9.334933 -0.091646 0.088426 -0.411344 
-1.007483 1.980074 9.334988 -0.091796 0.088714 -0.411360 
-1.007816 1.980073 9.335035 -0.091781 0.089068 -0.411360 
-1.008028 1.979834 9.335327 -0.091915 0.089201 -0.411237 
-1.007860 1.979824 9.335454 -0.091851 0.089634 -0.411280 
-1.007888 1.979789 9.335352 -0.091887 0.090063 -0.411078 
-1.007960 1.979631 9.335311 -0.091908 0.090482 -0.411254 
-1.008190 1.979870 9.335453 -0.091745 0.090768 -0.411250 
-1.008210 1.979738 9.335457 -0.091549 0.090748 -0.411196 
-1.008154 1.979825 9.335682 -0.092123 0.090959 -0.411194 
-1.007965 1.979967 9.335620 -0.092437 0.091236 -0.411255 
-1.008319 1.979916 9.335467 -0.092729 0.091250 -0.411216 
-1.008406 1.979903 9.335683 -0.092900 0.091205 -0.411607 
-1.008316 1.980096 9.335509 -0.092785 0.091113 -0.411159 
-1.008332 1.979658 9.335553 -0.092877 0.091525 -0.410958 
-1.008513 1.979712 9.335400 -0.092775 0.091935 -0.410929 
-1.008581 1.979599 9.335090 -0.092779 0.092286 -0.410891 
-1.008920 1.979443 9.335095 -0.092528 0.092432 -0.410771 
-1.009088 1.979413 9.335225 -0.092614 0.092806 -0.410983 
-1.008958 1.979427 9.335322 -0.092390 0.093209 -0.410970 
-1.009092 1.979410 9.335305 -0.092740 0.092853 -0.410796 
-1.009452 1.979609 9.335182 -0.092953 0.092945 -0.410780 
-1.009656 1.979266 9.335154 -0.093223 0.093000 -0.410830 
-1.009806 1.979227 9.335269 -0.093092 0.092948 -0.410783 
-1.009875 1.979412 9.335618 -0.093305 0.092865 -0.410943 
-1.009807 1.979230 9.335205 -0.093144 0.092723 -0.410734 
-1.009948 1.979246 9.335204 -0.092957 0.093357 -0.410616 
-1.010120 1.979252 9.335027 -0.092728 0.093548 -0.410914 
-1.009985 1.979026 9.335138 -0.092511 0.093867 -0.410828 
-1.010163 1.979293 9.335238 -0.092747 0.093563 -0.411019 
-1.010371 1.979558 9.335193 -0.092887 0.093864 -0.410906 
-1.010790 1.979659 9.335225 -0.092742 0.093880 -0.410731 
-1.011042 1.979567 9.335139 -0.093056 0.094105 -0.410830 
-1.011220 1.979805 9.335034 -0.093251 0.094407 -0.410929 
-1.011304 1.979888 9.335131 -0.093615 0.094546 -0.410679 
-1.011220 1.979779 9.335242 -0.093209 0.094505 -0.410995 
-1.011192 1.979596 9.335124 -0.093031 0.094894 -0.410910 
-1.011340 1.979457 9.335101 -0.092898 0.095264 -0.411115 
-1.011348 1.979385 9.335227 -0.093011 0.095652 -0.410882 
-1.011450 1.979638 9.335293 -0.092703 0.095835 -0.410705 
-1.011190 1.979517 9.335188 -0.093057 0.095731 -0.410968 
-1.011142 1.978976 9.335300 -0.093046 0.095801 -0.410875 
-1.011135 1.978948 9.335074 -0.093033 0.095822 -0.410790 
-1.011389 1.978913 9.335272 -0.093425 0.095958 -0.410943 
-1.011383 1.978919 9.335343 -0.093829 0.095887 -0.410688 
-1.011423 1.978969 9.335332 -0.093365 0.096136 -0.410815 
-1.011729 1.978903 9.335301 -0.093402 0.096467 -0.410986 
-1.011780 1.978768 9.335680 -0.093367 0.096673 -0.411161 
-1.011841 1.978494 9.335527 -0.093290 0.097033 -0.411153 
-1.012230 1.978350 9.335589 -0.093114 0.096926 -0.411012 
-1.012208 1.978421 9.335551 -0.092909 0.096926 -0.411115 
-1.012419 1.978316 9.335642 -0.093490 0.097139 -0.410900 
-1.012386 1.978073 9.335926 -0.093715 0.097283 -0.410738 
-1.012509 1.977829 9.335809 -0.093990 0.097172 -0.410989 
-1.012346 1.977955 9.335763 -0.093669 0.097380 -0.410660 
-1.012384 1.978097 9.335652 -0.093888 0.097366 -0.410265 
-1.012578 1.978028 9.335682 -0.093791 0.097312 -0.410199 
-1.012757 1.978114 9.335722 -0.093779 0.097756 -0.410202 
-1.012826 1.978096 9.335830 -0.093663 0.098193 -0.410071 
-1.013082 1.977974 9.335735 -0.093881 0.098495 -0.410172 
-1.013352 1.978035 9.335536 -0.093932 0.098826 -0.410272 
-1.013620 1.978102 9.335739 -0.094165 0.099066 -0.410368 
-1.013958 1.977840 9.335698 -0.094225 0.099285 -0.410324 
-1.013961 1.977783 9.335569 -0.094536 0.099626 -0.410251 
-1.013938 1.977596 9.335601 -0.094513 0.099889 -0.410614 
-1.014174 1.977520 9.335428 -0.094773 0.099883 -0.410896 
-1.014003 1.977741 9.335485 -0.094401 0.099976 -0.410634 
-1.014051 1.977745 9.335637 -0.094221 0.100392 -0.410545 
-1.013909 1.977496 9.335349 -0.094010 0.100531 -0.410446 
-1.013908 1.977825 9.335584 -0.094365 0.100485 -0.410524 
-1.013745 1.978068 9.335793 -0.094151 0.100607 -0.410744 
-1.014084 1.977832 9.335555 -0.094466 0.100616 -0.410544 
-1.014202 1.977922 9.335567 -0.094499 0.100668 -0.410361 
-1.014252 1.977799 9.335697 -0.094623 0.100757 -0.410319 
-1.014416 1.977800 9.335653 -0.094796 0.100783 -0.410332 
-1.014425 1.977876 9.335734 -0.094807 0.100771 -0.410378 
-1.014464 1.977785 9.335650 -0.094727 0.101012 -0.410329 
-1.014461 1.977776 9.335646 -0.094713 0.101250 -0.410276 
-1.014598 1.977700 9.335684 -0.094589 0.101382 -0.410252 
-1.014577 1.977594 9.335661 -0.094580 0.101511 -0.410428 
-1.014635 1.977708 9.335515 -0.094478 0.101615 -0.410455 
-1.014717 1.977725 9.335511 -0.094565 0.101625 -0.410471 
-1.014753 1.977854 9.335684 -0.094567 0.101702 -0.410546 
-1.014706 1.977857 9.335682 -0.094613 0.101784 -0.410484 
-1.014878 1.977794 9.335693 -0.094708 0.101914 -0.410468 
-1.015022 1.977766 9.335680 -0.094856 0.102038 -0.410488 
