5.000000000000000000e-01
5.070140280561121759e-01
5.140280561122244629e-01
5.210420841683366389e-01
5.280561122244489258e-01
5.350701402805611018e-01
5.420841683366733887e-01
5.490981963927855647e-01
5.561122244488978517e-01
5.631262525050100276e-01
5.701402805611222036e-01
5.771543086172344905e-01
5.841683366733466665e-01
5.911823647294589534e-01
5.981963927855711294e-01
6.052104208416833053e-01
6.122244488977955923e-01
6.192384769539078793e-01
6.262525050100200552e-01
6.332665330661322312e-01
6.402805611222445181e-01
6.472945891783566941e-01
6.543086172344689810e-01
6.613226452905811570e-01
6.683366733466933329e-01
6.753507014028056199e-01
6.823647294589179069e-01
6.893787575150300828e-01
6.963927855711422588e-01
7.034068136272545457e-01
7.104208416833667217e-01
7.174348697394790086e-01
7.244488977955911846e-01
7.314629258517033605e-01
7.384769539078156475e-01
7.454909819639278235e-01
7.525050100200401104e-01
7.595190380761522864e-01
7.665330661322644623e-01
7.735470941883767493e-01
7.805611222444890362e-01
7.875751503006012122e-01
7.945891783567133881e-01
8.016032064128256751e-01
8.086172344689378511e-01
8.156312625250501380e-01
8.226452905811623140e-01
8.296593186372744899e-01
8.366733466933867769e-01
8.436873747494990639e-01
8.507014028056112398e-01
8.577154308617234157e-01
8.647294589178357027e-01
8.717434869739478787e-01
8.787575150300601656e-01
8.857715430861723416e-01
8.927855711422845175e-01
8.997995991983968045e-01
9.068136272545090915e-01
9.138276553106212674e-01
9.208416833667334433e-01
9.278557114228456193e-01
9.348697394789579063e-01
9.418837675350701932e-01
9.488977955911823692e-01
9.559118236472945451e-01
9.629258517034068321e-01
9.699398797595191191e-01
9.769539078156312950e-01
9.839679358717434710e-01
9.909819639278556469e-01
9.979959919839679339e-01
1.005010020040080221e+00
1.012024048096192397e+00
1.019038076152304573e+00
1.026052104208416971e+00
1.033066132264528925e+00
1.040080160320641323e+00
1.047094188376753499e+00
1.054108216432865675e+00
1.061122244488978072e+00
1.068136272545090026e+00
1.075150300601202424e+00
1.082164328657314600e+00
1.089178356713426776e+00
1.096192384769539174e+00
1.103206412825651350e+00
1.110220440881763526e+00
1.117234468937875702e+00
1.124248496993987878e+00
1.131262525050100276e+00
1.138276553106212452e+00
1.145290581162324628e+00
1.152304609218437026e+00
1.159318637274548980e+00
1.166332665330661378e+00
1.173346693386773554e+00
1.180360721442885730e+00
1.187374749498998128e+00
1.194388777555110082e+00
1.201402805611222480e+00
1.208416833667334656e+00
1.215430861723446831e+00
1.222444889779559229e+00
1.229458917835671405e+00
1.236472945891783581e+00
1.243486973947895757e+00
1.250501002004007933e+00
1.257515030060120331e+00
1.264529058116232507e+00
1.271543086172344683e+00
1.278557114228457081e+00
1.285571142284569035e+00
1.292585170340681433e+00
1.299599198396793609e+00
1.306613226452905785e+00
1.313627254509018183e+00
1.320641282565130137e+00
1.327655310621242535e+00
1.334669338677354711e+00
1.341683366733466887e+00
1.348697394789579285e+00
1.355711422845691239e+00
1.362725450901803637e+00
1.369739478957915813e+00
1.376753507014027988e+00
1.383767535070140386e+00
1.390781563126252562e+00
1.397795591182364738e+00
1.404809619238476914e+00
1.411823647294589090e+00
1.418837675350701488e+00
1.425851703406813664e+00
1.432865731462925840e+00
1.439879759519038238e+00
1.446893787575150192e+00
1.453907815631262590e+00
1.460921843687374766e+00
1.467935871743486942e+00
1.474949899799599340e+00
1.481963927855711294e+00
1.488977955911823692e+00
1.495991983967935868e+00
1.503006012024048044e+00
1.510020040080160442e+00
1.517034068136272618e+00
1.524048096192384794e+00
1.531062124248496970e+00
1.538076152304609145e+00
1.545090180360721543e+00
1.552104208416833719e+00
1.559118236472945895e+00
1.566132264529058071e+00
1.573146292585170247e+00
1.580160320641282645e+00
1.587174348697394821e+00
1.594188376753506997e+00
1.601202404809619173e+00
1.608216432865731571e+00
1.615230460921843747e+00
1.622244488977955923e+00
1.629258517034068099e+00
1.636272545090180275e+00
1.643286573146292673e+00
1.650300601202404849e+00
1.657314629258517025e+00
1.664328657314629201e+00
1.671342685370741599e+00
1.678356713426853775e+00
1.685370741482965951e+00
1.692384769539078126e+00
1.699398797595190302e+00
1.706412825651302700e+00
1.713426853707414876e+00
1.720440881763527052e+00
1.727454909819639228e+00
1.734468937875751404e+00
1.741482965931863802e+00
1.748496993987975978e+00
1.755511022044088154e+00
1.762525050100200330e+00
1.769539078156312728e+00
1.776553106212424904e+00
1.783567134268537080e+00
1.790581162324649256e+00
1.797595190380761432e+00
1.804609218436873830e+00
1.811623246492986006e+00
1.818637274549098182e+00
1.825651302605210358e+00
1.832665330661322756e+00
1.839679358717434932e+00
1.846693386773547108e+00
1.853707414829659283e+00
1.860721442885771459e+00
1.867735470941883857e+00
1.874749498997996033e+00
1.881763527054108209e+00
1.888777555110220385e+00
1.895791583166332783e+00
1.902805611222444959e+00
1.909819639278557135e+00
1.916833667334669311e+00
1.923847695390781487e+00
1.930861723446893885e+00
1.937875751503006061e+00
1.944889779559118237e+00
1.951903807615230413e+00
1.958917835671342811e+00
1.965931863727454987e+00
1.972945891783567163e+00
1.979959919839679339e+00
1.986973947895791515e+00
1.993987975951903913e+00
2.001002004008015867e+00
2.008016032064128265e+00
2.015030060120240663e+00
2.022044088176352616e+00
2.029058116232465014e+00
2.036072144288577412e+00
2.043086172344689366e+00
2.050100200400801320e+00
2.057114228456914162e+00
2.064128256513026116e+00
2.071142284569138070e+00
2.078156312625250468e+00
2.085170340681362866e+00
2.092184368737474820e+00
2.099198396793587218e+00
2.106212424849699616e+00
2.113226452905811570e+00
2.120240480961923968e+00
2.127254509018036366e+00
2.134268537074148320e+00
2.141282565130260274e+00
2.148296593186372672e+00
2.155310621242485070e+00
2.162324649298597024e+00
2.169338677354709422e+00
2.176352705410821819e+00
2.183366733466933773e+00
2.190380761523046171e+00
2.197394789579158569e+00
2.204408817635270523e+00
2.211422845691382477e+00
2.218436873747495319e+00
2.225450901803607273e+00
2.232464929859719227e+00
2.239478957915831625e+00
2.246492985971944023e+00
2.253507014028055977e+00
2.260521042084168375e+00
2.267535070140280773e+00
2.274549098196392727e+00
2.281563126252505125e+00
2.288577154308617523e+00
2.295591182364729477e+00
2.302605210420841431e+00
2.309619238476953829e+00
2.316633266533066227e+00
2.323647294589178181e+00
2.330661322645290578e+00
2.337675350701402976e+00
2.344689378757514930e+00
2.351703406813627328e+00
2.358717434869739726e+00
2.365731462925851680e+00
2.372745490981963634e+00
2.379759519038076476e+00
2.386773547094188430e+00
2.393787575150300384e+00
2.400801603206412782e+00
2.407815631262525180e+00
2.414829659318637134e+00
2.421843687374749532e+00
2.428857715430861930e+00
2.435871743486973884e+00
2.442885771543086282e+00
2.449899799599198680e+00
2.456913827655310634e+00
2.463927855711422588e+00
2.470941883767534986e+00
2.477955911823647384e+00
2.484969939879759337e+00
2.491983967935871735e+00
2.498997995991984133e+00
2.506012024048096087e+00
2.513026052104208485e+00
2.520040080160320883e+00
2.527054108216432837e+00
2.534068136272545235e+00
2.541082164328657189e+00
2.548096192384769587e+00
2.555110220440881985e+00
2.562124248496993939e+00
2.569138276553106337e+00
2.576152304609218291e+00
2.583166332665330689e+00
2.590180360721443087e+00
2.597194388777555041e+00
2.604208416833667439e+00
2.611222444889779393e+00
2.618236472945891791e+00
2.625250501002004189e+00
2.632264529058116143e+00
2.639278557114228541e+00
2.646292585170340494e+00
2.653306613226452892e+00
2.660320641282565290e+00
2.667334669338677244e+00
2.674348697394789642e+00
2.681362725450902040e+00
2.688376753507013994e+00
2.695390781563126392e+00
2.702404809619238346e+00
2.709418837675350744e+00
2.716432865731463142e+00
2.723446893787575096e+00
2.730460921843687494e+00
2.737474949899799448e+00
2.744488977955911846e+00
2.751503006012024244e+00
2.758517034068136198e+00
2.765531062124248596e+00
2.772545090180360550e+00
2.779559118236472948e+00
2.786573146292585346e+00
2.793587174348697300e+00
2.800601202404809698e+00
2.807615230460921651e+00
2.814629258517034049e+00
2.821643286573146447e+00
2.828657314629258401e+00
2.835671342685370799e+00
2.842685370741483197e+00
2.849699398797595151e+00
2.856713426853707549e+00
2.863727454909819503e+00
2.870741482965931901e+00
2.877755511022044299e+00
2.884769539078156253e+00
2.891783567134268651e+00
2.898797595190380605e+00
2.905811623246493003e+00
2.912825651302605401e+00
2.919839679358717355e+00
2.926853707414829753e+00
2.933867735470941707e+00
2.940881763527054105e+00
2.947895791583166503e+00
2.954909819639278457e+00
2.961923847695390855e+00
2.968937875751502808e+00
2.975951903807615206e+00
2.982965931863727604e+00
2.989979959919839558e+00
2.996993987975951956e+00
3.004008016032064354e+00
3.011022044088176308e+00
3.018036072144288706e+00
3.025050100200400660e+00
3.032064128256513058e+00
3.039078156312625456e+00
3.046092184368737410e+00
3.053106212424849808e+00
3.060120240480961762e+00
3.067134268537074160e+00
3.074148296593186558e+00
3.081162324649298512e+00
3.088176352705410910e+00
3.095190380761522864e+00
3.102204408817635262e+00
3.109218436873747660e+00
3.116232464929859614e+00
3.123246492985972012e+00
3.130260521042084410e+00
3.137274549098196363e+00
3.144288577154308761e+00
3.151302605210420715e+00
3.158316633266533113e+00
3.165330661322645511e+00
3.172344689378757465e+00
3.179358717434869863e+00
3.186372745490981817e+00
3.193386773547094215e+00
3.200400801603206613e+00
3.207414829659318567e+00
3.214428857715430965e+00
3.221442885771542919e+00
3.228456913827655317e+00
3.235470941883767715e+00
3.242484969939879669e+00
3.249498997995992067e+00
3.256513026052104021e+00
3.263527054108216419e+00
3.270541082164328817e+00
3.277555110220440771e+00
3.284569138276553169e+00
3.291583166332665567e+00
3.298597194388777520e+00
3.305611222444889918e+00
3.312625250501001872e+00
3.319639278557114270e+00
3.326653306613226668e+00
3.333667334669338622e+00
3.340681362725451020e+00
3.347695390781562974e+00
3.354709418837675372e+00
3.361723446893787770e+00
3.368737474949899724e+00
3.375751503006012122e+00
3.382765531062124076e+00
3.389779559118236474e+00
3.396793587174348872e+00
3.403807615230460826e+00
3.410821643286573224e+00
3.417835671342685622e+00
3.424849699398797576e+00
3.431863727454909974e+00
3.438877755511021928e+00
3.445891783567134325e+00
3.452905811623246723e+00
3.459919839679358677e+00
3.466933867735471075e+00
3.473947895791583029e+00
3.480961923847695427e+00
3.487975951903807825e+00
3.494989979959919779e+00
3.502004008016032177e+00
3.509018036072144131e+00
3.516032064128256529e+00
3.523046092184368927e+00
3.530060120240480881e+00
3.537074148296593279e+00
3.544088176352705233e+00
3.551102204408817631e+00
3.558116232464930029e+00
3.565130260521041983e+00
3.572144288577154381e+00
3.579158316633266779e+00
3.586172344689378733e+00
3.593186372745491131e+00
3.600200400801603084e+00
3.607214428857715482e+00
3.614228456913827880e+00
3.621242484969939834e+00
3.628256513026052232e+00
3.635270541082164186e+00
3.642284569138276584e+00
3.649298597194388982e+00
3.656312625250500936e+00
3.663326653306613334e+00
3.670340681362725288e+00
3.677354709418837686e+00
3.684368737474950084e+00
3.691382765531062038e+00
3.698396793587174436e+00
3.705410821643286390e+00
3.712424849699398788e+00
3.719438877755511186e+00
3.726452905811623140e+00
3.733466933867735538e+00
3.740480961923847936e+00
3.747494989979959890e+00
3.754509018036072288e+00
3.761523046092184241e+00
3.768537074148296639e+00
3.775551102204409037e+00
3.782565130260520991e+00
3.789579158316633389e+00
3.796593186372745343e+00
3.803607214428857741e+00
3.810621242484970139e+00
3.817635270541082093e+00
3.824649298597194491e+00
3.831663326653306445e+00
3.838677354709418843e+00
3.845691382765531241e+00
3.852705410821643195e+00
3.859719438877755593e+00
3.866733466933867547e+00
3.873747494989979945e+00
3.880761523046092343e+00
3.887775551102204297e+00
3.894789579158316695e+00
3.901803607214429093e+00
3.908817635270541047e+00
3.915831663326653445e+00
3.922845691382765398e+00
3.929859719438877796e+00
3.936873747494990194e+00
3.943887775551102148e+00
3.950901803607214546e+00
3.957915831663326500e+00
3.964929859719438898e+00
3.971943887775551296e+00
3.978957915831663250e+00
3.985971943887775648e+00
3.992985971943887602e+00
4.000000000000000000e+00
