4.869667260896056177e+03
4.644917321681627072e+03
4.432109701656174366e+03
4.230509631341725253e+03
4.039434582245579804e+03
3.858250025290298709e+03
3.686365575888569765e+03
3.523231486082529500e+03
3.368335450333360768e+03
3.221199692394050999e+03
3.081378307345400572e+03
2.948454833798810341e+03
2.822040034211051079e+03
2.701769862723237566e+03
2.587303604681866545e+03
2.478322170175716110e+03
2.374526528868571859e+03
2.275636271476058937e+03
2.181375170584035004e+03
2.091523046601781516e+03
2.005834077953988071e+03
1.924090137954367037e+03
1.846086080421500583e+03
1.771628861946944426e+03
1.700536731074377030e+03
1.632638478119691854e+03
1.567772741664681462e+03
1.505787366338107176e+03
1.446538808336506463e+03
1.389891583063257940e+03
1.335717754693302822e+03
1.283896459618441213e+03
1.234313466186963069e+03
1.186860764054357332e+03
1.141436182104803038e+03
1.097943033586327829e+03
1.056289784915493101e+03
1.016389747136086044e+03
9.781607878192618273e+02
9.415250634714288935e+02
9.064087675073790251e+02
8.727418968835620490e+02
8.404580326468371823e+02
8.094941347617450447e+02
7.797903513927877839e+02
7.512898377780039709e+02
7.239385893370958911e+02
6.976852829559202291e+02
6.724811296038025148e+02
6.482797352836547589e+02
6.250369704162834523e+02
6.027108477989922903e+02
5.812614076718080014e+02
5.606506084805741921e+02
5.408394580726736649e+02
5.217990977494048366e+02
5.034937757228818782e+02
4.858921671213865920e+02
4.689644129773379291e+02
4.526820449938585966e+02
4.370179143093002949e+02
4.219461248082284897e+02
4.074419689897551962e+02
3.934818687716281715e+02
3.800433183420938690e+02
3.671048316276771288e+02
3.546458907975159605e+02
3.426468994396633434e+02
3.310891366852738429e+02
3.199547149607687970e+02
3.092265391380205415e+02
2.988882687970890970e+02
2.889242815829232995e+02
2.793196385933895272e+02
2.700600525600927995e+02
2.611318558899983486e+02
2.525219726814742103e+02
2.442178901485291647e+02
2.362076318772190007e+02
2.284797340125004155e+02
2.210232205347945467e+02
2.138275811666440518e+02
2.068827495730627106e+02
2.001790835478892916e+02
1.937073451829356259e+02
1.874586827886660672e+02
1.814246133140249810e+02
1.755970057217185456e+02
1.699680651278871437e+02
1.645303180499352322e+02
1.592758612873137167e+02
1.541993186871665387e+02
1.492933347239358852e+02
1.445515844348573467e+02
1.399679983664554186e+02
1.355367520633892013e+02
1.312522558598073488e+02
1.271091435854086029e+02
1.231022634669411957e+02
1.192266691939000793e+02
1.154776106548911656e+02
1.118505251930668578e+02
1.083410304960410286e+02
1.049449162254160655e+02
1.016581369181508023e+02
9.847680534069704095e+01
9.539718494381777703e+01
9.241568449854119649e+01
8.952885158387357478e+01
8.673336644712938437e+01
8.402603740478626548e+01
8.140379444738162817e+01
7.886368511973628870e+01
7.640286900070800868e+01
7.401861342533094046e+01
7.170828917571704153e+01
6.946936606329180108e+01
6.729940859248409879e+01
6.519607281545502531e+01
6.315710252880452913e+01
6.118032459575672277e+01
5.926364733232219351e+01
5.740505597372892055e+01
5.560260981724670160e+01
5.385444017693336605e+01
5.215850786686589657e+01
5.051356152643658959e+01
4.891768368219860008e+01
4.736926335388454845e+01
4.586674731883625356e+01
4.440863912789633616e+01
4.299349519222573690e+01
4.161992462508059276e+01
4.028658530529585846e+01
3.899218334105208328e+01
3.773547095947311902e+01
3.651524408541271782e+01
3.533034139054179690e+01
3.417964219181643415e+01
3.306206546339190311e+01
3.197656728837493745e+01
3.092214093693697663e+01
2.989781383623425626e+01
2.890264784168567758e+01
2.793573633307595827e+01
2.699620472997918341e+01
2.608320779762786401e+01
2.519592961137974640e+01
2.433358166384105914e+01
2.349540265072042899e+01
2.268065680475264401e+01
2.188863309634222176e+01
2.111864475702154209e+01
2.037002758790126222e+01
1.964214025392896446e+01
1.893436219192177106e+01
1.824609363104411841e+01
1.757675483239519565e+01
1.692578521003760628e+01
1.629264241564234084e+01
1.567680184847256264e+01
1.507767226323940157e+01
1.449493364333449108e+01
1.392802445187263238e+01
1.337648556714399639e+01
1.283987217181478435e+01
1.231775402430544020e+01
1.180971497087600675e+01
1.131535177992900110e+01
1.083427409083087234e+01
1.036610442097359019e+01
9.910476612991571344e+00
9.467036477168784714e+00
9.035440970770816094e+00
8.615357951181808360e+00
8.206465015847102862e+00
7.808450844493929566e+00
7.421012831100211926e+00
7.043858345147027578e+00
6.676703791465373072e+00
6.319274045597198963e+00
5.971302375411175589e+00
5.632530874045752256e+00
5.302708728747761668e+00
4.981593018101873938e+00
4.668948528512824936e+00
4.364546728585084523e+00
4.068166377804669054e+00
3.779592405619046858e+00
3.498616450615811502e+00
3.225036509878332680e+00
2.958656625445600596e+00
2.699286140608691653e+00
2.446740666454662261e+00
2.200840936923748714e+00
1.961412830652273342e+00
1.728287801938014567e+00
1.501269985667322615e+00
1.280264775004171796e+00
1.065085175189862454e+00
8.555808811539860059e-01
6.516065766647978208e-01
4.530203244862498480e-01
2.596850938867856229e-01
7.146726454844110066e-02
-1.117628461641988480e-01
-2.901312697475280089e-01
-4.637603405157602054e-01
-6.327691375305590782e-01
-7.972728886867432863e-01
-9.573844940253097846e-01
-1.113212829043014551e+00
-1.264864193432029715e+00
-1.412441811920798429e+00
-1.556045765832835492e+00
-1.695773913220891771e+00
-1.831720934003677748e+00
-1.963979155336762261e+00
-2.092638507694259076e+00
-2.217786075901962306e+00
-2.339506783889864217e+00
-2.457883314050839374e+00
-2.572995948555697687e+00
-2.684923151619070580e+00
-2.793740671387416441e+00
-2.899522837498306416e+00
-3.002341764560872761e+00
-3.102267409218208094e+00
-3.199368168843557569e+00
-3.293710810207965523e+00
-3.385359577854834434e+00
-3.474377973213721660e+00
-3.560839364176298538e+00
-3.644778892188290431e+00
-3.726267471133883902e+00
-3.805361652992676369e+00
-3.882116633304925291e+00
-3.956586611962439548e+00
-4.028823790847861019e+00
-4.098879475091590230e+00
-4.166803374525881232e+00
-4.232644187663498592e+00
-4.296448890554945166e+00
-4.358264076539892784e+00
-4.418134631540498347e+00
-4.476104431090166536e+00
-4.532216067233420631e+00
-4.586511430905643394e+00
-4.639031149931787112e+00
-4.689814785239091677e+00
-4.738901297305362803e+00
-4.786328583113903079e+00
-4.832133181400912747e+00
-4.876351024975045689e+00
-4.919017335879418695e+00
-4.960166632988514124e+00
-4.999832110928231543e+00
-5.038046369468194285e+00
-5.074841269423910006e+00
-5.110248269638087315e+00
-5.144297312622563290e+00
-5.177018528120969521e+00
-5.208440501475251949e+00
-5.238592034930860564e+00
-5.267500470327937556e+00
-5.295192809324753114e+00
-5.321695827159732772e+00
-5.347035151359389005e+00
-5.371239551995188322e+00
-5.394326754722325035e+00
-5.416324304511528354e+00
-5.437256231328081668e+00
-5.457145152337490757e+00
-5.476014015737313834e+00
-5.493884749546522173e+00
-5.510779329910782565e+00
-5.526718516327916220e+00
-5.541723080058010176e+00
-5.555813805956575813e+00
-5.569010023321309788e+00
-5.581331497698075239e+00
-5.592797337331099072e+00
-5.603425983152941825e+00
-5.613235763461755568e+00
-5.622244993649890610e+00
-5.630470713847230080e+00
-5.637930532787884808e+00
-5.644641301035381531e+00
-5.650619520574195143e+00
-5.655881351783944133e+00
-5.660442949352060715e+00
-5.664319815368329181e+00
-5.667527495215544775e+00
-5.670080893315547321e+00
-5.671994956355823625e+00
-5.673284227717419803e+00
-5.673962656541267968e+00
-5.674044786391029049e+00
-5.673543982752103254e+00
-5.672474096881128247e+00
-5.670848452429798847e+00
-5.668680074974606242e+00
-5.665981881236037410e+00
-5.662765698010565174e+00
-5.659045579128738623e+00
-5.654833208817402479e+00
-5.650140329065739486e+00
-5.644979329241607502e+00
-5.639361838880804001e+00
-5.633299275611292956e+00
-5.626803020180373593e+00
-5.619884536412492970e+00
-5.612554844372267482e+00
-5.604824715171266902e+00
-5.596705272177236345e+00
-5.588206915750666859e+00
-5.579340345439899096e+00
-5.570115927764867969e+00
-5.560543783281604924e+00
-5.550634304239680183e+00
-5.540397371223698464e+00
-5.529842853195700236e+00
-5.518980465410929348e+00
-5.507809634702034884e+00
-5.496315326507379417e+00
-5.484484434607746373e+00
-5.472307047174771455e+00
-5.459776834334425288e+00
-5.446889890211008556e+00
-5.433646016024147762e+00
-5.420046844917476569e+00
-5.406096594743255324e+00
-5.391802335329078488e+00
-5.377172665158421516e+00
-5.362218118200213546e+00
-5.346950764633810138e+00
-5.331384780600783024e+00
-5.315535183099343364e+00
-5.299418295518329991e+00
-5.283049091696668143e+00
-5.266450217332026895e+00
-5.249637632478868277e+00
-5.232630966757477964e+00
-5.215449111167940188e+00
-5.198111236210941399e+00
-5.180636167605753073e+00
-5.163043253117011844e+00
-5.145349983330550714e+00
-5.127574341594574925e+00
-5.109732319010552359e+00
-5.091839847714149769e+00
-5.073910561088032622e+00
-5.055957065899195690e+00
-5.037990779057358814e+00
-5.020020957705161990e+00
-5.002053844657659454e+00
-4.984094989955750066e+00
-4.966146181774432122e+00
-4.948207995146590932e+00
-4.930276836899401438e+00
-4.912347239610586058e+00
-4.894409829111657118e+00
-4.876451958747834325e+00
-4.858457824860063390e+00
-4.840407389500184898e+00
-4.822277618442119440e+00
-4.804040179286629630e+00
-4.785662877357038880e+00
-4.767109675144549641e+00
-4.748339228001070111e+00
-4.729305408799596044e+00
-4.709969170679624284e+00
-4.690331892581416362e+00
-4.670404104209947782e+00
-4.650195749262183043e+00
-4.629713686116071258e+00
-4.608973965747915180e+00
-4.587983376920091949e+00
-4.566751152122913382e+00
-4.545287526913760701e+00
-4.523601281604853419e+00
-4.501701706994379215e+00
-4.479598457818891433e+00
-4.457300497345024759e+00
-4.434816632187967400e+00
-4.412155554664246360e+00
-4.389326538758421492e+00
-4.366338209250105074e+00
-4.343199033852784829e+00
-4.319917764599818355e+00
-4.296502781358450207e+00
-4.272962400351122625e+00
-4.249305249166047460e+00
-4.225539327269253853e+00
-4.201672940745887708e+00
-4.177714286706547320e+00
-4.153671388365077100e+00
-4.129550165991267008e+00
-4.105355416701602422e+00
-4.081091274829004689e+00
-4.056763434884970820e+00
-4.032375579357201367e+00
-4.007931492597939460e+00
-3.983436409861440541e+00
-3.958893890592954712e+00
-3.934307268596142215e+00
-3.909681229561784654e+00
-3.885018696834072749e+00
-3.860324221856898941e+00
-3.835600011655342367e+00
-3.810847215380984476e+00
-3.786075005864868004e+00
-3.761283339564724493e+00
-3.736475512490175177e+00
-3.711654383878594032e+00
-3.686822477674283505e+00
-3.661982963698911409e+00
-3.637138138996904413e+00
-3.612290571599466205e+00
-3.587443058982106692e+00
-3.562597023072062719e+00
-3.537756070529045171e+00
-3.512920599437891589e+00
-3.488094126595208344e+00
-3.463278100607879217e+00
-3.438474691150789297e+00
-3.413684904049071100e+00
-3.388911367361718163e+00
-3.364155367055377432e+00
-3.339418209462106990e+00
-3.314702165871873163e+00
-3.290007138578292523e+00
-3.265335906318699521e+00
-3.240689277338058893e+00
-3.216068485662101128e+00
-3.191474294769488296e+00
-3.166907825871246196e+00
-3.142370094519962187e+00
-3.117862179367961950e+00
-3.093385232280356334e+00
-3.068939390612620333e+00
-3.044525136055659331e+00
-3.020143521245065799e+00
-2.995795428399170568e+00
-2.971481985227099276e+00
-2.947201879696045523e+00
-2.922952828689793670e+00
-2.898742210183280044e+00
-2.874568011918366750e+00
-2.850429253036392829e+00
-2.826326242416361545e+00
-2.802259232709793935e+00
-2.778228050608810840e+00
-2.754233227796317074e+00
-2.730276116117262397e+00
-2.706355156346103907e+00
-2.682469614503311117e+00
-2.658620709905243462e+00
-2.634807269148650377e+00
-2.611031100367942059e+00
-2.587291457108626958e+00
-2.563586980588859809e+00
-2.539918250745917483e+00
-2.516283605128922574e+00
-2.492684150854156844e+00
-2.469120616465520612e+00
-2.445592598543711471e+00
-2.422098321061323389e+00
-2.398636795383256359e+00
-2.375208474895587507e+00
-2.351812871419838746e+00
-2.328449838980604980e+00
-2.305121838658594768e+00
-2.281825877930182322e+00
-2.258560791519659716e+00
-2.235325293782340239e+00
-2.212119104759153743e+00
-2.188943246573787693e+00
-2.165798312114421975e+00
-2.142686243905922883e+00
-2.119604266530397574e+00
-2.096548372067355448e+00
-2.073514800460752205e+00
-2.050511128931056692e+00
-2.027533736889930438e+00
-2.004584001483967537e+00
-1.981665536079798784e+00
-1.958779333351890806e+00
-1.935916827292329057e+00
-1.913074838117530652e+00
-1.890252957731984207e+00
-1.867453824582715249e+00
-1.844678435656463611e+00
-1.821930318489986433e+00
-1.799213788106608591e+00
-1.776531755528387269e+00
-1.753884323700421799e+00
-1.731242741997149670e+00
-1.708607686525015934e+00
-1.685983574633179272e+00
