2.179976648184831254e+06
2.179976648184831254e+06
2.179976648184831254e+06
2.181107916229952592e+06
2.181107916229952592e+06
2.181107916229952592e+06
2.182236841996408068e+06
2.182236841996408068e+06
2.183363425483846106e+06
2.183363425483846106e+06
2.184487666692290455e+06
2.185609565621669404e+06
2.186729122272155713e+06
2.187846336643656716e+06
2.190073738549667411e+06
2.191183926084229723e+06
2.194500435014000162e+06
2.196699729572308715e+06
2.199981104317401070e+06
2.203241398551688064e+06
2.207555665625045076e+06
2.212895798189728521e+06
2.218177373779946938e+06
2.224437969281907193e+06
2.232654262328397948e+06
2.241718407663843594e+06
2.251567163755815476e+06
2.263076490241019521e+06
2.276077743032995611e+06
2.291247788055268582e+06
2.308228256624117959e+06
2.327368095606069546e+06
2.347287755384041928e+06
2.368685129691084381e+06
2.391520294382011052e+06
2.413006042874915991e+06
2.432865775445222389e+06
2.447747690874646418e+06
2.453728366471584886e+06
2.444759932510902639e+06
2.412107925279083196e+06
2.342976316612551920e+06
2.218130100734458771e+06
2.021272377067215508e+06
1.761333163905156543e+06
1.472037511012166040e+06
1.193635129422901664e+06
9.820620963613938075e+05
8.321892475221613422e+05
7.108346319830843713e+05
6.011475756768581923e+05
5.078237956504226313e+05
4.286026892527161399e+05
3.613422890671496862e+05
3.042539879489191226e+05
2.557367646697190066e+05
2.145919807061503816e+05
1.796922234632268373e+05
1.501044400001027971e+05
1.250447578940214589e+05
1.038429225894361734e+05
8.677305997290974483e+04
7.436388090884129633e+04
5.968821109145510127e+04
4.858744649270804803e+04
3.865017528471697733e+04
3.151335436054131787e+04
2.512367984970695034e+04
1.988900598359309515e+04
1.563051126700335954e+04
1.212579250198294358e+04
9.374943042010150748e+03
7.136001467117473112e+03
5.364669309570906989e+03
3.963816040474398505e+03
2.884400620039299156e+03
2.060050413590774951e+03
1.438351362299894618e+03
9.820844247875197652e+02
6.544290501845006247e+02
4.249806878491477846e+02
2.686143482511335492e+02
1.648197159411259065e+02
9.782232357530587308e+01
5.587037462430399870e+01
3.053061306940298181e+01
1.590012260558903456e+01
8.071859212723651922e+00
3.647375362123716158e+00
1.203649964536837036e+00
4.945195004669368788e-01
1.447261931079454611e-01
0.000000000000000000e+00
0.000000000000000000e+00
0.000000000000000000e+00
0.000000000000000000e+00
0.000000000000000000e+00
0.000000000000000000e+00
0.000000000000000000e+00
0.000000000000000000e+00
