2.705316782973065060e+01
2.626556986687793938e+01
2.550737137610268235e+01
2.477720112174701583e+01
2.407376329246085689e+01
2.339583465893771930e+01
2.274226088771503029e+01
2.211195383818745697e+01
2.150388382602584514e+01
2.091707499617817945e+01
2.035060399473974613e+01
1.980359747101558554e+01
1.927522873528090841e+01
1.876471135381033406e+01
1.827129972611076525e+01
1.779428661027328928e+01
1.733274325017836759e+01
1.688578096509687754e+01
1.645249742946571914e+01
1.603224259798829365e+01
1.562424456317020827e+01
1.522785023973959007e+01
1.484245866566645944e+01
1.446751753245156635e+01
1.410252041589632022e+01
1.374700190443118331e+01
1.340053323201403579e+01
1.306272057376661166e+01
1.273320246591380922e+01
1.241164766238445871e+01
1.209775053898197328e+01
1.179123023931822623e+01
1.149182838029210352e+01
1.119930869599862255e+01
1.091345269346211388e+01
1.063405885425703623e+01
1.036094127943479393e+01
1.009392938524279160e+01
9.832865105231245906e+00
9.577601425375044997e+00
9.328001884215185058e+00
9.083940095409726467e+00
8.845298431549748486e+00
8.611966021331248555e+00
8.383838784244876052e+00
8.160818685609505962e+00
7.942813847312532261e+00
7.729736145391646218e+00
7.521501362988249006e+00
7.318028605276709619e+00
7.119241032161150784e+00
6.925063766088693562e+00
6.735423675019625023e+00
6.550249316383141895e+00
6.369445969329219359e+00
6.192997077790347582e+00
6.020808734852026056e+00
5.852813772381648683e+00
5.688945900232357467e+00
5.529139607063521034e+00
5.373328962460274028e+00
5.221447946022356845e+00
5.073430612417475949e+00
4.929211717214840860e+00
4.788725353859661027e+00
4.651905171982846809e+00
4.518684489737301746e+00
4.388997267320148943e+00
4.262776993368763812e+00
4.139956559885516363e+00
4.020468564081331131e+00
3.904245969634536628e+00
3.791220935360545052e+00
3.681317043752965645e+00
3.574454279488861630e+00
3.470554590433296838e+00
3.369542088043202988e+00
3.271342208092393289e+00
3.175881801936873305e+00
3.083089366873608128e+00
2.992895609072589558e+00
2.905232595827106579e+00
2.820033691496331762e+00
2.737233638481649134e+00
2.656769231452226432e+00
2.578578725379259140e+00
2.502601570875701675e+00
2.428778452241944663e+00
2.357051746501739320e+00
2.287365482355636193e+00
2.219655246634820056e+00
2.153886586646175161e+00
2.089997299918408658e+00
2.027936694761980796e+00
1.967655122700086689e+00
1.909103993889672557e+00
1.852235786636347248e+00
1.797004609379181161e+00
1.743365653935833093e+00
1.691275082683089126e+00
1.640689977397069343e+00
1.591568781118025688e+00
1.543871134900698605e+00
1.497557553804388375e+00
1.452589394584430593e+00
1.408929070521123705e+00
1.366540269647872119e+00
1.325387482825051144e+00
1.285435992668513938e+00
1.246651894195932142e+00
1.209002503073167922e+00
1.172455954888423246e+00
1.136981087659506118e+00
1.102547431555141566e+00
1.069125558488117189e+00
1.036686885573568695e+00
1.005203506186650220e+00
9.746481209501394183e-01
9.449942132281158313e-01
9.162161999613674945e-01
8.882890935180308700e-01
8.611884835652741099e-01
8.348905359908332935e-01
8.093723373314762881e-01
7.846115401220106200e-01
7.605829792989223792e-01
7.372721291105630570e-01
7.146549759380690370e-01
6.927115679275336335e-01
6.714224374609968349e-01
6.507685227375596959e-01
6.307313685661762870e-01
6.112931817794962086e-01
5.924365901959501857e-01
5.741446358546614670e-01
5.564007468265944611e-01
5.391890419698786019e-01
5.224940422070964985e-01
5.063006613066772799e-01
4.905940661121220292e-01
4.753600725458193565e-01
4.605848960128833269e-01
4.462551079394130316e-01
4.323575067395086791e-01
4.188793841834567155e-01
4.058084774010886076e-01
3.931328238620308002e-01
3.808407301446695148e-01
3.689207878680949571e-01
3.573620978414944194e-01
3.461540136633367015e-01
3.352861799119493669e-01
3.247483885764122502e-01
3.145309228479621910e-01
3.046243317456565070e-01
2.950194237831750832e-01
2.857071109942076470e-01
2.766787202037476190e-01
2.679258648402703669e-01
2.594403702899893416e-01
2.512141968091227140e-01
2.432384677321887401e-01
2.355079917297340786e-01
2.280143669169142351e-01
2.207504956236217841e-01
2.137094255083171190e-01
2.068845384737570958e-01
2.002693817916734453e-01
1.938577111448558654e-01
1.876433098454677595e-01
1.816202916027523373e-01
1.757829344376409531e-01
1.701257095208368042e-01
1.646431041394502415e-01
1.593298696465671738e-01
1.541809343503939833e-01
1.491913865358752977e-01
1.443563731614330992e-01
1.396711998752494244e-01
1.351313657912425470e-01
1.307325115722519360e-01
1.264703782573051161e-01
1.223407615874995136e-01
1.183396707146861376e-01
1.144632356147209512e-01
1.107077151253634817e-01
1.070693609142523567e-01
1.035446251439429560e-01
1.001300853828502174e-01
9.682242660111341215e-02
9.361833986487318182e-02
9.051466254875208117e-02
8.750835779596345676e-02
8.459649189284532134e-02
8.177616542714623293e-02
7.904454477847476512e-02
7.639894086962881192e-02
7.383639112198253640e-02
7.135508219132656593e-02
6.895212757726411346e-02
6.662512672948035786e-02
6.437177735548284263e-02
6.218985110291495172e-02
6.007710339283475753e-02
5.803141671457216072e-02
5.605073826307389873e-02
5.413310230333161915e-02
5.227654042107251348e-02
5.047915610852058560e-02
4.873913736629448962e-02
4.705474413887812679e-02
4.542425168848167327e-02
4.384596515004387379e-02
4.231828458619889960e-02
4.083966414155751345e-02
3.940859159311946996e-02
3.802356925110012692e-02
3.668316751193138880e-02
3.538601952749032692e-02
3.413080416554675062e-02
3.291619308967948243e-02
3.174091305315519113e-02
3.060375656012666659e-02
2.950355246409220450e-02
2.843914084431526865e-02
2.740939058475398357e-02
2.641322738555789210e-02
2.544961885910047503e-02
2.451754643152306845e-02
2.361600845768451265e-02
2.274405040577829468e-02
2.190075658217816718e-02
2.108512655289698431e-02
2.029650228793011824e-02
1.953391991850355475e-02
1.879656505256850629e-02
1.808366475991827690e-02
1.739442668427046423e-02
1.672811028867913358e-02
1.608399046076303129e-02
1.546138227401303716e-02
1.485959932809598032e-02
1.427797126153403963e-02
1.371587152084629072e-02
1.317268206910630554e-02
1.264781050778847858e-02
1.214066246927813543e-02
1.165067310286954823e-02
1.117730817772427492e-02
1.072004493824953858e-02
1.027835631085433250e-02
9.851745939536417709e-03
9.439736247644058692e-03
9.041867583083538357e-03
8.657683441513122288e-03
8.286742269296159744e-03
7.928615995802777011e-03
7.582905346705447365e-03
7.249207581521530282e-03
6.927129474237077311e-03
6.616301169419446133e-03
6.316362380684188010e-03
6.026963074076685523e-03
5.747758136789899233e-03
5.478414322911903840e-03
5.218617890251011845e-03
4.968066616453149960e-03
4.726447186500613504e-03
4.493439519277320042e-03
4.268829147743578682e-03
4.052314141904465178e-03
3.843626465716211849e-03
3.642508979771021723e-03
3.448715306842417994e-03
3.262007350876441111e-03
3.082150089149027650e-03
2.908917990277957305e-03
2.742090255849153474e-03
2.581455945244624187e-03
2.426818557340346041e-03
2.277973318695864380e-03
2.134726924829809507e-03
1.996891177359206952e-03
1.864297748178542994e-03
1.736759692404973897e-03
1.614112455015932930e-03
1.496189455779822937e-03
1.382838947043504548e-03
1.273907527705132317e-03
1.169238266849918426e-03
1.068692172521128886e-03
9.721277583584467166e-04
8.794183974872014399e-04
7.904216144155824580e-04
7.050184570478273917e-04
6.230855639063670242e-04
5.445035234153800495e-04
4.691592428267873493e-04
3.969399348215052145e-04
3.277373761622582801e-04
2.614498094251199441e-04
1.979762311779110324e-04
1.372197941398374153e-04
7.907280214347932941e-05
2.346671430190779933e-05
-2.969661191446841791e-05
-8.050363970370988311e-05
-1.290381568091168187e-04
-1.753763164827097860e-04
-2.195967374017103208e-04
-2.617789419160866855e-04
-3.019904611715568620e-04
-3.403047495668130103e-04
-3.767867180299314589e-04
-4.115012032645598496e-04
-4.445168559674102845e-04
-4.758905720414716720e-04
-5.056843670324964691e-04
-5.339525708435011305e-04
-5.607523024491386241e-04
-5.861386897563602549e-04
-6.101608352516586353e-04
-6.328728058101400038e-04
-6.543206276893255482e-04
-6.745544233726244541e-04
-6.936138256964053880e-04
-7.115464027534975115e-04
-7.283956387977664820e-04
-7.441979493377427930e-04
-7.589986774536791863e-04
-7.728334621980223734e-04
-7.857394252044390751e-04
-7.977524954009779321e-04
-8.089080280570403077e-04
-8.192368127110262856e-04
-8.287747594752535238e-04
-8.375523717198577823e-04
-8.455989749613129942e-04
-8.529413126219252727e-04
-8.596127630016986562e-04
-8.656363532475130863e-04
-8.710407014789285553e-04
-8.758486988678357071e-04
-8.800853294845924560e-04
-8.837775373761132041e-04
-8.869455635143530048e-04
-8.896118147235721396e-04
-8.917987111777338520e-04
-8.935224831749253097e-04
-8.948073728300173606e-04
-8.956718499086176698e-04
-8.961342815292042824e-04
-8.962111367615909320e-04
-8.959206848753194620e-04
-8.952789776003782559e-04
-8.943039638143696155e-04
-8.930073649438726715e-04
-8.914070858570943140e-04
-8.895166240464010606e-04
-8.873496336764822223e-04
-8.849216051917987947e-04
-8.822398883234742898e-04
-8.793221134435579142e-04
-8.761792750533097061e-04
-8.728192531233152154e-04
-8.692598510049060227e-04
-8.655050723049762711e-04
-8.615670179325029621e-04
-8.574600085472467792e-04
-8.531874100659380625e-04
-8.487607056282079352e-04
-8.441894122236756224e-04
-8.394840413857016567e-04
-8.346501186842243810e-04
-8.296943447854866890e-04
-8.246241450660365870e-04
-8.194506399340792478e-04
-8.141771102975767574e-04
-8.088141805645008902e-04
-8.033630439859588360e-04
-7.978353529009313445e-04
-7.922349130976371646e-04
-7.865653158931457632e-04
-7.808330604441785080e-04
-7.750459191377133449e-04
-7.692066748950130654e-04
-7.633207565639042475e-04
-7.573941001462467567e-04
-7.514267927876134689e-04
-7.454297876138118789e-04
-7.394015320375178736e-04
-7.333480607840687365e-04
-7.272718472630188957e-04
-7.211790855183373809e-04
-7.150732351408219502e-04
-7.089560782514497603e-04
-7.028299031454114058e-04
-6.966977315645902927e-04
-6.905626242433732806e-04
-6.844073553351305095e-04
-6.781732727808191053e-04
-6.718057531898625123e-04
-6.652502313234815714e-04
-6.584657285374026113e-04
-6.514077444931963730e-04
-6.440444991207500223e-04
-6.363464110362437604e-04
-6.282845602534071474e-04
-6.198401530270196327e-04
-6.109922248319867759e-04
-6.017310723389374550e-04
-5.920491081249580796e-04
-5.819391304426052439e-04
-5.713974692089537726e-04
-5.604318281962097610e-04
-5.490401525991903250e-04
-5.372379459074533639e-04
-5.250323078008489741e-04
-5.124384995500513244e-04
-4.994741251006576659e-04
-4.861579725158689702e-04
-4.725085386375743319e-04
-4.585564965900785117e-04
-4.443221157461079893e-04
-4.298328330320300215e-04
-4.151207630426214886e-04
-4.002143362071513936e-04
-3.851474966523846005e-04
-3.699523120471796519e-04
-3.546648538742576276e-04
-3.393158328865963609e-04
-3.239445937404004873e-04
-3.085854676594824292e-04
-2.932736384640193743e-04
-2.780514981324203202e-04
-2.629472786691662220e-04
-2.480043705234011514e-04
-2.332552375323747394e-04
-2.187391217860766600e-04
-2.044853875245899912e-04
-1.905337116066639484e-04
-1.769121719333061505e-04
-1.636561978128062893e-04
-1.507953176618109000e-04
-1.383587083314301238e-04
-1.263732492577111148e-04
-1.148648642879750951e-04
-1.038562095916340363e-04
-9.337235484433701910e-05
-8.342800452148255511e-05
-7.404348237743095008e-05
-6.522910387759948319e-05
-5.699989636767966729e-05
-4.936207736659365390e-05
-4.231796066321300221e-05
-3.587402560893802764e-05
-3.002476128114559112e-05
-2.476840981037442129e-05
-2.008991126059532642e-05
-1.598181355154489264e-05
-1.242500604551734851e-05
-9.395502867103249506e-06
-6.870065167081460898e-06
-4.814710269755419262e-06
-3.198228493969635095e-06
-1.974162763553010666e-06
-1.103481817130936158e-06
-5.274142788574018379e-07
-1.945116888750076610e-07
-4.289914421885158728e-08
-2.735224175422885002e-09
0.000000000000000000e+00
0.000000000000000000e+00
0.000000000000000000e+00
0.000000000000000000e+00
0.000000000000000000e+00
0.000000000000000000e+00
0.000000000000000000e+00
0.000000000000000000e+00
0.000000000000000000e+00
0.000000000000000000e+00
0.000000000000000000e+00
0.000000000000000000e+00
0.000000000000000000e+00
0.000000000000000000e+00
0.000000000000000000e+00
0.000000000000000000e+00
0.000000000000000000e+00
0.000000000000000000e+00
0.000000000000000000e+00
0.000000000000000000e+00
0.000000000000000000e+00
0.000000000000000000e+00
0.000000000000000000e+00
0.000000000000000000e+00
0.000000000000000000e+00
0.000000000000000000e+00
0.000000000000000000e+00
0.000000000000000000e+00
0.000000000000000000e+00
