1.084583414941180032e+06
1.084583414941180032e+06
1.084583414941180032e+06
1.085148977063013474e+06
1.085148977063013474e+06
1.085148977063013474e+06
1.085713368194381474e+06
1.085713368194381474e+06
1.086276588335109875e+06
1.086276588335109875e+06
1.086838637485209852e+06
1.087399515644646948e+06
1.087959222813505447e+06
1.088517758991740644e+06
1.089631318376321346e+06
1.090186341582693625e+06
1.091844385258063907e+06
1.092943892755218782e+06
1.094584371571281692e+06
1.096214311471760971e+06
1.098371170803717105e+06
1.101040897679702379e+06
1.103681349790174980e+06
1.106811249632259831e+06
1.110918873946963344e+06
1.115450370518537704e+06
1.120374122600225266e+06
1.126128054336347152e+06
1.132627854402224300e+06
1.140211912739434512e+06
1.148701067783037433e+06
1.158269770787739428e+06
1.168228334625816671e+06
1.178925661806677934e+06
1.190341792794276029e+06
1.201083301445720019e+06
1.211011905476791551e+06
1.218451917309560580e+06
1.221441874959196895e+06
1.216958227948078886e+06
1.200634299556876998e+06
1.166072888982570963e+06
1.103657715858646668e+06
1.005240196975762723e+06
8.752834285656624706e+05
7.306510769351373892e+05
5.914701388111395063e+05
4.857110747550366796e+05
4.108100165634705918e+05
3.501757289134932798e+05
2.953831890751921455e+05
2.487816332422809501e+05
2.092417322815659572e+05
1.756936860853018879e+05
1.472444125513461768e+05
1.230948479678322910e+05
1.026467508515485097e+05
8.533763484254373179e+04
7.070195232179779850e+04
5.834838136907153967e+04
4.794193185097746755e+04
3.919339793421020295e+04
3.186377666953354856e+04
2.574438217904413978e+04
2.065710807098136866e+04
1.644958837429597406e+04
1.298903835753585008e+04
1.016105855224647348e+04
7.866291819307125479e+03
6.018806573666238364e+03
4.544213888434867840e+03
3.379311691203865394e+03
2.469906519259217930e+03
1.770069589558398320e+03
1.240702932330392741e+03
8.483180897681735360e+02
5.641177681548422242e+02
3.634256694895763076e+02
2.254515624335791131e+02
1.332220164306372396e+02
7.342427116715258251e+01
3.605371501718013860e+01
1.386548183781409094e+01
1.735041770624722091e+00
-3.946716356614007992e+00
-5.770364727906387436e+00
-5.660276288174218351e+00
-4.338621070885825048e+00
-3.943004619400075850e+00
-3.476609838905013738e+00
-2.520790313779543990e+00
-1.340756423576566547e+00
-6.401698102018961167e-01
-3.805656159962990115e-01
-7.114975642563706182e-02
0.000000000000000000e+00
0.000000000000000000e+00
0.000000000000000000e+00
0.000000000000000000e+00
0.000000000000000000e+00
