1.083923380431005512e+01
1.051906239575612112e+01
1.020927218928335911e+01
9.908605238997807874e+00
9.615872249677282824e+00
9.329957686710702802e+00
9.049824507515948468e+00
8.774518701914113095e+00
8.503173646894088833e+00
8.235014044448274007e+00
7.969359586866562317e+00
7.705628235265773007e+00
7.443338870742470803e+00
7.182113262660531738e+00
6.921677209152629295e+00
6.661860732394552009e+00
6.402597085411205313e+00
6.143920544646475079e+00
5.885926162366527770e+00
5.628911810108795599e+00
5.373151052934166394e+00
5.119032548070041599e+00
4.867014056668152122e+00
4.617611905293992791e+00
4.371389543284375456e+00
4.128945107344108578e+00
3.890898380314431027e+00
3.657877530135388078e+00
3.430505702665820333e+00
3.209388024657177763e+00
2.995099239203071306e+00
2.788172240195281759e+00
2.589087918992127424e+00
2.398266461747179612e+00
2.216060299235975251e+00
2.042748969532985459e+00
1.878535700949599097e+00
1.723546088514722685e+00
1.577828488161316267e+00
1.441356159454667774e+00
1.314031069880504221e+00
1.195688898763457297e+00
1.086105319699480543e+00
9.850030338154193155e-01
8.920594783096923441e-01
8.069148015536470320e-01
7.291799708002848490e-01
6.584446901612176495e-01
5.942850254612228600e-01
5.362704944952884079e-01
4.839705242070413416e-01
4.369586567248411324e-01
3.947584888531284197e-01
3.568533587124329554e-01
3.227753835298221574e-01
2.921238964277151906e-01
2.645299778597341445e-01
2.396707666160421413e-01
2.172595274856518599e-01
1.970413096071314263e-01
1.787892892070953310e-01
1.623014517777438270e-01
1.473977530070076924e-01
1.339175667135079906e-01
1.217174918979945647e-01
1.106694093314067318e-01
1.006587325079431883e-01
9.158294064674701862e-02
8.335019965520308605e-02
7.587819906592545294e-02
6.909312168520960473e-02
6.292870242447402840e-02
5.732542363713495626e-02
5.222979142303926098e-02
4.759366723528955789e-02
4.337374541768871522e-02
3.953101264034013934e-02
3.603029601878695448e-02
3.283988635288061925e-02
2.993116003622579846e-02
2.727827047563297774e-02
2.485787744016371495e-02
2.264884546227144066e-02
2.063208436698828890e-02
1.879030412720308560e-02
1.710783543015173894e-02
1.557050045671322727e-02
1.416541573034997732e-02
1.288092392187575527e-02
1.170640814104144736e-02
1.063210415355937341e-02
9.649581968635533719e-03
8.750723907982736055e-03
7.928299720517600208e-03
7.175728738905494224e-03
6.487024205780815220e-03
5.856719481775981770e-03
5.279850291746585218e-03
4.751877752025322928e-03
4.268667459436703386e-03
3.826447386706211505e-03
3.421773968736061336e-03
3.051495551031639143e-03
2.712743832398122751e-03
2.402886972447122304e-03
2.119534074901898227e-03
1.860470448929479664e-03
1.623696468353613264e-03
1.407365340634206870e-03
1.209805179783372646e-03
1.029458162437929232e-03
8.649149788147335229e-04
7.148819858684224903e-04
5.781676913057638093e-04
4.536833554286409187e-04
3.404220621005050779e-04
2.374796834393562634e-04
1.439948106227030404e-04
5.921617117974835147e-05
-1.758249683354803249e-05
-8.705326227344302990e-05
-1.497934660043065479e-04
-2.063477549958486171e-04
-2.572304364910970123e-04
-3.029065937666132729e-04
-3.438042573003648422e-04
-3.803175951600223101e-04
-4.128040836183520567e-04
-4.416049496650416013e-04
-4.670193522863547598e-04
-4.893295031390888132e-04
-5.088045503180098740e-04
-5.256816479308016330e-04
-5.401798218140981163e-04
-5.524938325644955734e-04
-5.628228811746802465e-04
-5.713324682423139792e-04
-5.781830304423200145e-04
-5.835155111734866224e-04
-5.874735750331897162e-04
-5.901721296803409287e-04
-5.917301399298786121e-04
-5.922525574571382108e-04
-5.918265510570383742e-04
-5.905558624081629895e-04
-5.885081702378896053e-04
-5.857690668383351952e-04
-5.824047944363043008e-04
-5.784805734791279323e-04
-5.740493141191988381e-04
-5.691632542359397265e-04
-5.638871046156739833e-04
-5.582502025210551999e-04
-5.522977617989967020e-04
-5.460743487288823765e-04
-5.396132528926226267e-04
-5.329412038233030625e-04
-5.260948224138720921e-04
-5.190979952190054531e-04
-5.119726883422033017e-04
-5.047459028416409867e-04
-4.974372862644550536e-04
-4.900640768080150424e-04
-4.826472956165141800e-04
-4.751986330296602387e-04
-4.677359748384340900e-04
-4.602659121947433644e-04
-4.528087791750115857e-04
-4.453684596500452077e-04
-4.379641350001609490e-04
-4.305903363970158839e-04
-4.232654738463214814e-04
-4.159954083890613961e-04
-4.087844582948055154e-04
-4.016381637120266341e-04
-3.945613475094164580e-04
-3.875590839789659734e-04
-3.806355465532746882e-04
-3.737926272018575230e-04
-3.670402167298963546e-04
-3.603720993056846859e-04
-3.537924988345267081e-04
-3.473034134759901866e-04
-3.409126447223384147e-04
-3.346136541192971828e-04
-3.284117390803067992e-04
-3.223042875156538456e-04
-3.162913122320935443e-04
-3.103815096392628474e-04
-3.045666618076309251e-04
-2.988457518804877775e-04
-2.932263830294089724e-04
-2.877015550430953765e-04
-2.822717206244726462e-04
-2.769399390158662293e-04
-2.717061586317424840e-04
-2.665589129903700645e-04
-2.615107302609473157e-04
-2.565542658831313047e-04
-2.516879049312486464e-04
-2.469171230672168255e-04
-2.422324961162941994e-04
-2.376358111543129190e-04
-2.331266773020922362e-04
-2.287066634277741854e-04
-2.243680828356536100e-04
-2.201154289454918672e-04
-2.159450668287821390e-04
-2.118551429055077638e-04
-2.078426471303572421e-04
-2.039136818072042386e-04
-2.000597659682299139e-04
-1.962804875882893626e-04
-1.925753672457904239e-04
-1.889496322029054196e-04
-1.853912497188806659e-04
-1.819042324966126047e-04
-1.784886115985824637e-04
-1.751392846916865304e-04
-1.718567307551207375e-04
-1.686421799694167725e-04
-1.654903629458360267e-04
-1.624015810624748345e-04
-1.593741824053737058e-04
-1.564085944837188412e-04
-1.535037518885023979e-04
-1.506593030605414335e-04
-1.478690151668623305e-04
-1.451353624388756905e-04
-1.424595380101269812e-04
-1.398360275736828737e-04
-1.372644420156606513e-04
-1.347408311939608013e-04
-1.322736101212299584e-04
-1.298533185686883611e-04
-1.274867659253984685e-04
-1.251615244600213811e-04
-1.228861051869561255e-04
-1.206561599594752900e-04
-1.184729793956905381e-04
-1.163294769162711542e-04
-1.142319192392584134e-04
-1.121732947364536387e-04
-1.101621175812212962e-04
-1.081830850828730835e-04
-1.062493295861825294e-04
-1.043520030110619466e-04
-1.024917365320932819e-04
-1.006721196725536061e-04
-9.888670302192089886e-05
-9.713696080360890105e-05
-9.542163526276245826e-05
-9.373697246748540228e-05
-9.209033220888009584e-05
-9.047254774235163519e-05
-8.888944756175907937e-05
-8.733960431232809583e-05
-8.581370940104619317e-05
-8.432393783815882908e-05
-8.286025429083853820e-05
-8.142631991163071757e-05
-8.002000851042730372e-05
-7.864105962804673043e-05
-7.728719681472445095e-05
-7.596304234639272704e-05
-7.466357465533957592e-05
-7.338979777801783949e-05
-7.213736663074647758e-05
-7.091168472200417943e-05
-6.971186371377232119e-05
-6.853273640562009092e-05
-6.737444697980564878e-05
-6.623932705865027742e-05
-6.512702189563976266e-05
-6.403407061157780024e-05
-6.296540212877688289e-05
-6.191545099219686787e-05
-6.088323470416854834e-05
-5.987381038811058785e-05
-5.888331276912513223e-05
-5.791032731604702107e-05
-5.695318308472221638e-05
-5.601665434455473010e-05
-5.509771291288960866e-05
-5.419761018120404907e-05
-5.331223299348031069e-05
-5.244413041313602077e-05
-5.159053433031933559e-05
-5.075455240489500883e-05
-4.993507443952740674e-05
-4.912783429131903915e-05
-4.833687614681990262e-05
-4.756324757499976542e-05
-4.679898572702752426e-05
-4.604974724920584376e-05
-4.531686429351420377e-05
-4.459599156028792036e-05
-4.388823268859383381e-05
-4.319386007703140273e-05
-4.251088588465109548e-05
-4.184137018245968583e-05
-4.118358582907604071e-05
-4.053705927985497260e-05
-3.990166261455899561e-05
-3.928157416373159305e-05
-3.866833400546232922e-05
-3.806645254796664122e-05
-3.747980467968395411e-05
-3.689926806854675794e-05
-3.632944123827152374e-05
-3.577089350483942336e-05
-3.522304903782543406e-05
-3.468099494328957393e-05
-3.415346556828606809e-05
-3.363239707727956444e-05
-3.311882525926157972e-05
-3.261764297685612086e-05
-3.212457167781101238e-05
-3.163738769407296018e-05
-3.116001909213587175e-05
-3.069242046913725394e-05
-3.023122115661404765e-05
-2.977959910882725645e-05
-2.933450251432183155e-05
-2.889887666961341909e-05
-2.846889397293459839e-05
-2.804841565524261604e-05
-2.763051736478038233e-05
-2.722600779629469017e-05
-2.682331975252542214e-05
-2.642976281089487101e-05
-2.604170792269762204e-05
-2.566253939344726855e-05
-2.528705869005017185e-05
-2.491950958220450705e-05
-2.455727890871226964e-05
-2.420093567860844480e-05
-2.385215129117911328e-05
-2.350793539267657128e-05
-2.317097588900799413e-05
-2.283537709676679761e-05
-2.250825190687401767e-05
-2.218624725513751100e-05
-2.187271277486576825e-05
-2.156129084406015539e-05
-2.125534467229451237e-05
-2.095385168653146797e-05
-2.065736388588188153e-05
-2.036569040904692810e-05
-2.007866351184561164e-05
-1.979674092486441187e-05
-1.951913952048465046e-05
-1.924635096988391487e-05
-1.897873282408484531e-05
-1.871600304053508686e-05
-1.845454488517370376e-05
-1.820037199646147192e-05
-1.794853440128354167e-05
-1.770072604794398850e-05
-1.745709515996734130e-05
-1.721713629775438505e-05
-1.698012492167608173e-05
-1.675060566193937761e-05
-1.652240463394755941e-05
-1.629442548449590975e-05
-1.607499491489262726e-05
-1.585632279423050521e-05
-1.564250939315284903e-05
-1.543125218644132444e-05
-1.522471456947627637e-05
-1.501998307249781797e-05
-1.481619860404819547e-05
-1.462029503757244786e-05
-1.442500573373230435e-05
-1.423362013864499396e-05
-1.404339064332632381e-05
-1.385708440252101317e-05
-1.367365252023668872e-05
-1.349315865768407323e-05
-1.331587005931730085e-05
-1.313967843692669796e-05
-1.296789812197536969e-05
-1.279724019764709598e-05
-1.263232676593343767e-05
-1.246559271482534061e-05
-1.230251656998273760e-05
-1.214377380963283426e-05
-1.198829750047768073e-05
-1.183116975511900473e-05
-1.168044081087242660e-05
-1.152882490240075116e-05
-1.138042730924009507e-05
-1.123498684103909313e-05
-1.109027947978867760e-05
-1.094984772085402188e-05
-1.080960070282062333e-05
-1.067327227331361358e-05
-1.053739289029000835e-05
-1.040513064710005113e-05
-1.027343087781868769e-05
-1.014229000199559312e-05
-1.001468720449998806e-05
-9.890986356105582544e-06
-9.765920024509908503e-06
-9.643754503485779030e-06
-9.521813472105891609e-06
-9.403452338111938319e-06
-9.287372857801304513e-06
-9.172231136268408974e-06
-9.057771806196945666e-06
-8.947310795221014783e-06
-8.837470402035976539e-06
-8.727809655678434088e-06
-8.621889448162458626e-06
-8.516066621250367291e-06
-8.410821954766706932e-06
-8.308959897258539113e-06
-8.207515061217800209e-06
-8.106484888508705584e-06
-8.008774767067132372e-06
-7.911489271580946991e-06
-7.816601885528516163e-06
-7.720780249646885498e-06
-7.627944709512439402e-06
-7.537944503551966097e-06
-7.446939032876734092e-06
-7.358367877388679677e-06
-7.269908305817835304e-06
-7.184244916239983552e-06
-7.097089263698614887e-06
-7.012832083621346554e-06
-6.931841408834512666e-06
-6.847859959813258594e-06
-6.767545793693785622e-06
-6.687145303680775213e-06
-6.610368981935050134e-06
-6.530468025936759929e-06
-6.453870975199412318e-06
-6.381000397589495161e-06
-6.304858568731945765e-06
-6.232054474422711620e-06
-6.159534611387600944e-06
-6.087297318387118567e-06
-6.018113169654269261e-06
-5.949091664322669337e-06
-5.878150514897914808e-06
-5.812122460119046627e-06
-5.743780825736765531e-06
-5.679000367357068776e-06
-5.614048677620148634e-06
-5.549275180503960599e-06
-5.486597888347239546e-06
-5.423561596999646335e-06
-5.362534985053131909e-06
-5.301734434718956237e-06
-5.240667914936939498e-06
-5.182415285441014476e-06
-5.122820473336103882e-06
-5.065860772312517533e-06
-5.009693795765381635e-06
-4.953279988582450676e-06
-4.897059545454912791e-06
-4.843856822953365841e-06
-4.788060101923768154e-06
-4.735532422456114429e-06
-4.682930864140150736e-06
-4.630558759102470849e-06
-4.578163490404320982e-06
-4.528992774727085044e-06
-4.480088199274617997e-06
-4.430986262709065621e-06
-4.381811184909071374e-06
-4.333411814294026060e-06
-4.284959905857823494e-06
-4.239300327743059049e-06
-4.191198079842822468e-06
-4.145876680222745615e-06
-4.100720600331655487e-06
-4.057703947000936973e-06
-4.013491656831829553e-06
-3.968827248009971027e-06
-3.926894477677695624e-06
-3.885094949656331601e-06
-3.843531696173166057e-06
-3.801996330684742500e-06
-3.760687744842551994e-06
-3.719282330561231932e-06
-3.681116922175212129e-06
-3.640166983195819703e-06
-3.601854226833043304e-06
-3.563686920361970062e-06
-3.525719013387652478e-06
-3.488080362249137615e-06
-3.453215366953709838e-06
-3.415317611194367144e-06
-3.379754650219069665e-06
-3.343195805162528631e-06
-3.308848473765377653e-06
-3.274077921400625384e-06
-3.239605140551160827e-06
