4.377691816319321916e+00
3.957675716398773691e+00
3.533459858082265814e+00
3.106627951416223610e+00
2.678811893966427604e+00
2.251679167374598833e+00
1.826918572491269543e+00
1.406227107082130168e+00
9.912964984607084418e-01
5.837999852300002068e-01
1.853786280191904723e-01
-2.023717495142567380e-01
-5.779134114799906463e-01
-9.397806909870554115e-01
-1.286592561333793849e+00
-1.617065964954666590e+00
-1.930028877169273738e+00
-2.224433535830887543e+00
-2.499407180180962751e+00
-2.754111145248459014e+00
-2.987989155102159788e+00
-3.200620681329515271e+00
-3.391774649692615107e+00
-3.561422171935936021e+00
-3.709749980564863048e+00
-3.837172854810399159e+00
-3.944346924877331517e+00
-4.032182588862715633e+00
-4.101857147053738828e+00
-4.154828235089495614e+00
-4.192846235477386330e+00
-4.217967559787704879e+00
-4.232567279641227920e+00
-4.239352069103570209e+00
-4.241373242345969352e+00
-4.241630099985729707e+00
-4.240755549067279695e+00
-4.238394287135013982e+00
-4.234203349775650160e+00
-4.227855217817881872e+00
-4.219096607255641729e+00
-4.207797536461526988e+00
-4.193858477598372048e+00
-4.177199140502966479e+00
-4.157757938861112557e+00
-4.135491256008033467e+00
-4.110372870172243509e+00
-4.082393351067274523e+00
-4.051559294163426195e+00
-4.017892652598117564e+00
-3.981430083653678675e+00
-3.942222060310252907e+00
-3.900332344819465114e+00
-3.855837005551753904e+00
-3.808816940449673005e+00
-3.759384189077151994e+00
-3.707640922513020687e+00
-3.653705168267781467e+00
-3.597703412246812782e+00
-3.539769885035799923e+00
-3.480045744269773422e+00
-3.418678289960570549e+00
-3.355820186326192278e+00
-3.291628700986539258e+00
-3.226264920721978235e+00
-3.159893071602011716e+00
-3.092679704944853558e+00
-3.024792990592825248e+00
-2.956402129418105318e+00
-2.887676500627774701e+00
-2.818785122830204326e+00
-2.749895995586001618e+00
-2.681175443170771722e+00
-2.612787560707547918e+00
-2.544893718456745280e+00
-2.477651857115158229e+00
-2.411216174552167857e+00
-2.345736477438752132e+00
-2.281357910750704043e+00
-2.218220324170260938e+00
-2.156458136708550910e+00
-2.096199749644451327e+00
-2.037567370651295118e+00
-1.980676689360639564e+00
-1.925636536644890651e+00
-1.872548776542250604e+00
-1.821508019750955443e+00
-1.772601488015588034e+00
-1.725908803722900231e+00
-1.681501996074045380e+00
-1.639439453792638668e+00
-1.599789640229778431e+00
-1.562594940841013580e+00
-1.527896104668550858e+00
-1.495725965799689750e+00
-1.466109590307818067e+00
-1.439064210321997273e+00
-1.414599412144884383e+00
-1.392717118846966029e+00
-1.373411712411618524e+00
-1.356670223355968652e+00
-1.342472331401311614e+00
-1.330790593717767534e+00
-1.321590537714705027e+00
-1.314830842034922842e+00
-1.310463386227724181e+00
-1.308433592066475359e+00
-1.308680359270081972e+00
-1.311136388925777441e+00
-1.315728226594874428e+00
-1.322376496760324649e+00
-1.330995915226125481e+00
-1.341495534869260764e+00
-1.353778794527604079e+00
-1.367743660706058462e+00
-1.383282776809580783e+00
-1.400283424406737032e+00
-1.418627680564085169e+00
-1.438192472598337046e+00
-1.458849562998911331e+00
-1.480465636398387241e+00
-1.502902238077619357e+00
-1.526015855616281502e+00
-1.549657724224636990e+00
-1.573673973748803245e+00
-1.597908834819231627e+00
-1.622190814372666656e+00
-1.646353308084308908e+00
-1.670220587973079818e+00
-1.693611200362183045e+00
-1.716337702034797852e+00
-1.738228304719553030e+00
-1.759219768788618854e+00
-1.779287496707173677e+00
-1.798410532238648774e+00
-1.816571703995854214e+00
-1.833757423641862561e+00
-1.849957740025663044e+00
-1.865166154116554287e+00
-1.879379573178355356e+00
-1.892598166548536298e+00
-1.904825296911941690e+00
-1.916067234577206069e+00
-1.926333233461717587e+00
-1.935635194199765818e+00
-1.943987535178175907e+00
-1.951407053762430399e+00
-1.957912736292737987e+00
-1.963525555712348769e+00
-1.968268261167070321e+00
-1.972165245673676459e+00
-1.975242260861338472e+00
-1.977526303282724829e+00
-1.979045370860530006e+00
-1.979828234544642074e+00
-1.979904335237758328e+00
-1.979303462215449061e+00
-1.978055649113722669e+00
-1.976190956680305089e+00
-1.973739289441277966e+00
-1.970730178879476657e+00
-1.967192123281219285e+00
-1.963154448208300984e+00
-1.958644138215735353e+00
-1.953687627254774295e+00
-1.948310157389892661e+00
-1.942535608440654649e+00
-1.936386415067902211e+00
-1.929883370218336891e+00
-1.923045496659355313e+00
-1.915889930208985792e+00
-1.908431762555969025e+00
-1.900683992879219630e+00
-1.892657350505206004e+00
-1.884360113603398057e+00
-1.875798139293070932e+00
-1.866974581488101581e+00
-1.857889960290330933e+00
-1.848546998577442313e+00
-1.838954909344224564e+00
-1.829123427155739279e+00
-1.819062091681879823e+00
-1.808780341127900204e+00
-1.798287349577805561e+00
-1.787592229627014584e+00
-1.776703834136725391e+00
-1.765630826698366462e+00
-1.754381785157144158e+00
-1.742965015431720222e+00
-1.731388712512111461e+00
-1.719660829852370787e+00
-1.707789186690159333e+00
-1.695781287736885634e+00
-1.683644698624472191e+00
-1.671386542339062364e+00
-1.659013916094895791e+00
-1.646533742891552521e+00
-1.633950854344708770e+00
-1.621275323719022499e+00
-1.608511746277695220e+00
-1.595666262981176642e+00
-1.582744888912438253e+00
-1.569753376737256234e+00
-1.556697337865722064e+00
-1.543582314037254433e+00
-1.530413535384078205e+00
-1.517196201364930719e+00
-1.503935189548548212e+00
-1.490635351235990003e+00
-1.477301420235547891e+00
-1.463937735118392647e+00
-1.450548727312783504e+00
-1.437138628206138913e+00
-1.423711407831177000e+00
-1.410271030837270789e+00
-1.396821178887367676e+00
-1.383365585803426834e+00
-1.369907684943519222e+00
-1.356450933178683593e+00
-1.342998393722920403e+00
-1.329553339599879314e+00
-1.316118637057305252e+00
-1.302697235641656182e+00
-1.289291832288804507e+00
-1.275905058491027644e+00
-1.262539547460690859e+00
-1.249197612838977900e+00
-1.235881597705991153e+00
-1.222593658850740228e+00
-1.209336099605993420e+00
-1.196110732847464497e+00
-1.182919635809672299e+00
-1.169762651381271557e+00
-1.156645386681344645e+00
-1.143567584512905189e+00
-1.130530825625113867e+00
-1.117536643398258978e+00
-1.104586395019584222e+00
-1.091681592948016810e+00
-1.078823349039426782e+00
-1.066013000973213165e+00
-1.053251651645689790e+00
-1.040540395140027607e+00
-1.027880315125280664e+00
-1.015272222791429479e+00
-1.002717204270869633e+00
-9.902159933074040632e-01
-9.777695444554842519e-01
-9.653783999156887452e-01
-9.530434665857079324e-01
-9.407652693798221888e-01
-9.285445266955841825e-01
-9.163816660858200569e-01
-9.042773986521625007e-01
-8.922321701733482158e-01
-8.802464142642051348e-01
-8.683204800484229935e-01
-8.564548633778216180e-01
-8.446500077723343436e-01
-8.329061025227493253e-01
-8.212234789082052400e-01
-8.096024490873294788e-01
-7.980431988149435663e-01
-7.865462109921245171e-01
-7.751114058878898483e-01
-7.637391711152399232e-01
-7.524295209808831153e-01
-7.411826700347806662e-01
-7.299972949818105405e-01
-7.188765107921234465e-01
-7.078190970539846028e-01
-6.968248621140163968e-01
-6.858940936949710077e-01
-6.750268458512741487e-01
-6.642230728255736905e-01
-6.534831503211683268e-01
-6.428068724982680671e-01
-6.321941451236056109e-01
-6.216455993545031422e-01
-6.111606949236538799e-01
-6.007397877446635226e-01
-5.903827759955113663e-01
-5.800900818583764051e-01
-5.698611074880640670e-01
-5.596962036614557823e-01
-5.495961586952085032e-01
-5.395599537410873392e-01
-5.295875951803945547e-01
-5.196801924252377747e-01
-5.098375825180372356e-01
-5.000589187752805254e-01
-4.903445192842587064e-01
-4.806954229628088715e-01
-4.711123852907363463e-01
-4.615928790812976468e-01
-4.521376447294206402e-01
-4.427482358870672985e-01
-4.334270768177995725e-01
-4.241700896113844710e-01
-4.149761168962641800e-01
-4.058473397458248200e-01
-3.967869731729676275e-01
-3.877985742232692989e-01
-3.788730092962247498e-01
-3.700066271354089387e-01
-3.612039627792700269e-01
-3.524718037115248670e-01
-3.438174258190511701e-01
-3.352482627739971632e-01
-3.266693289905324149e-01
-3.180016496554752270e-01
-3.093559793897824872e-01
-3.008278459283083017e-01
-2.924962896519294198e-01
-2.844269599616279787e-01
-2.766725881885278016e-01
-2.692891931354371993e-01
-2.624615414805930858e-01
-2.559781916575334382e-01
-2.495614548545418976e-01
-2.429930454946161444e-01
-2.361072051460981758e-01
-2.287835679100168051e-01
-2.209410237109087072e-01
-2.125333455110962888e-01
-2.035428020481296341e-01
-1.939761193756742164e-01
-1.838334387862880503e-01
-1.731518959513203559e-01
-1.621573410408425620e-01
-1.510499265695343651e-01
-1.399931331583158245e-01
-1.291215088863635618e-01
-1.185404308902878318e-01
-1.083317789440200046e-01
-9.855830173340007772e-02
-8.926521808284243464e-02
-8.048356268560202809e-02
-7.223230918104268927e-02
-6.451947085722765929e-02
-5.734803615744422933e-02
-5.071046188672245075e-02
-4.459702207456204409e-02
-3.899241841440261036e-02
-3.387739687232697861e-02
-2.923263588612617578e-02
-2.503652154237072727e-02
-2.126607041887923141e-02
-1.789816394714775771e-02
-1.490886833552104197e-02
-1.227379463642111999e-02
-9.970771149530065214e-03
-7.976039538626925052e-03
-6.266971627355532627e-03
-4.821072221842609418e-03
-3.615958504407993084e-03
-2.628874575791288141e-03
-1.839885231031507815e-03
-1.225488508791471249e-03
-7.658696854565403460e-04
-4.367156459025307424e-04
-2.186747555986517358e-04
-8.914123729515727103e-05
-2.388562592373699042e-05
-2.236901623767978287e-06
0.000000000000000000e+00
0.000000000000000000e+00
0.000000000000000000e+00
0.000000000000000000e+00
0.000000000000000000e+00
0.000000000000000000e+00
0.000000000000000000e+00
0.000000000000000000e+00
0.000000000000000000e+00
0.000000000000000000e+00
0.000000000000000000e+00
0.000000000000000000e+00
0.000000000000000000e+00
0.000000000000000000e+00
0.000000000000000000e+00
0.000000000000000000e+00
0.000000000000000000e+00
0.000000000000000000e+00
0.000000000000000000e+00
0.000000000000000000e+00
0.000000000000000000e+00
0.000000000000000000e+00
0.000000000000000000e+00
0.000000000000000000e+00
0.000000000000000000e+00
0.000000000000000000e+00
0.000000000000000000e+00
0.000000000000000000e+00
0.000000000000000000e+00
0.000000000000000000e+00
0.000000000000000000e+00
0.000000000000000000e+00
0.000000000000000000e+00
0.000000000000000000e+00
0.000000000000000000e+00
0.000000000000000000e+00
0.000000000000000000e+00
0.000000000000000000e+00
0.000000000000000000e+00
0.000000000000000000e+00
0.000000000000000000e+00
0.000000000000000000e+00
0.000000000000000000e+00
0.000000000000000000e+00
0.000000000000000000e+00
0.000000000000000000e+00
0.000000000000000000e+00
0.000000000000000000e+00
0.000000000000000000e+00
0.000000000000000000e+00
0.000000000000000000e+00
0.000000000000000000e+00
0.000000000000000000e+00
0.000000000000000000e+00
0.000000000000000000e+00
0.000000000000000000e+00
0.000000000000000000e+00
0.000000000000000000e+00
0.000000000000000000e+00
0.000000000000000000e+00
0.000000000000000000e+00
0.000000000000000000e+00
0.000000000000000000e+00
0.000000000000000000e+00
0.000000000000000000e+00
0.000000000000000000e+00
0.000000000000000000e+00
0.000000000000000000e+00
0.000000000000000000e+00
0.000000000000000000e+00
0.000000000000000000e+00
0.000000000000000000e+00
0.000000000000000000e+00
0.000000000000000000e+00
0.000000000000000000e+00
0.000000000000000000e+00
0.000000000000000000e+00
0.000000000000000000e+00
0.000000000000000000e+00
0.000000000000000000e+00
0.000000000000000000e+00
0.000000000000000000e+00
0.000000000000000000e+00
0.000000000000000000e+00
0.000000000000000000e+00
0.000000000000000000e+00
0.000000000000000000e+00
0.000000000000000000e+00
0.000000000000000000e+00
0.000000000000000000e+00
0.000000000000000000e+00
0.000000000000000000e+00
0.000000000000000000e+00
0.000000000000000000e+00
0.000000000000000000e+00
0.000000000000000000e+00
0.000000000000000000e+00
0.000000000000000000e+00
0.000000000000000000e+00
0.000000000000000000e+00
0.000000000000000000e+00
0.000000000000000000e+00
0.000000000000000000e+00
0.000000000000000000e+00
0.000000000000000000e+00
0.000000000000000000e+00
0.000000000000000000e+00
0.000000000000000000e+00
0.000000000000000000e+00
0.000000000000000000e+00
0.000000000000000000e+00
0.000000000000000000e+00
0.000000000000000000e+00
0.000000000000000000e+00
0.000000000000000000e+00
0.000000000000000000e+00
0.000000000000000000e+00
0.000000000000000000e+00
0.000000000000000000e+00
0.000000000000000000e+00
0.000000000000000000e+00
0.000000000000000000e+00
0.000000000000000000e+00
0.000000000000000000e+00
0.000000000000000000e+00
0.000000000000000000e+00
0.000000000000000000e+00
0.000000000000000000e+00
0.000000000000000000e+00
0.000000000000000000e+00
0.000000000000000000e+00
0.000000000000000000e+00
0.000000000000000000e+00
0.000000000000000000e+00
0.000000000000000000e+00
