3.045636008665155146e+02
2.576110889723371429e+02
2.184030951388516257e+02
1.855657449914718029e+02
1.580120320931463880e+02
1.348267146080726491e+02
1.152828707350535637e+02
9.876419122742085221e+01
8.477627913452381847e+01
7.290939502376545533e+01
6.281646373105675707e+01
5.421954926039518341e+01
4.687912453868377582e+01
4.060284162050322720e+01
3.522390277481909493e+01
3.060802446666025745e+01
2.663805603751045226e+01
2.321868373393308715e+01
2.026930185294978415e+01
1.771989939459042773e+01
1.551381320445649692e+01
1.360089128235699896e+01
1.194047248489858504e+01
1.049636808999624016e+01
9.239192433076430788e+00
8.142649813859678787e+00
7.185358807406468706e+00
6.348084305550068862e+00
5.614998156603897783e+00
4.972447714350193060e+00
4.408255020655436063e+00
3.912491836202466988e+00
3.476110859990080737e+00
3.091730434906086789e+00
2.752590194261852030e+00
2.453170912528225944e+00
2.188392983232257283e+00
1.954052919331560112e+00
1.746476862727216472e+00
1.562323424855300624e+00
1.398862002464983600e+00
1.253549203987194938e+00
1.124306200592959160e+00
1.009187614181730419e+00
9.066033129939278234e-01
8.150583624810290306e-01
7.333308860679738084e-01
6.602669145124178129e-01
5.949081464612501202e-01
5.364057184435447878e-01
4.839706669756868029e-01
4.369585079846683984e-01
3.947537607266894399e-01
3.568538502500228082e-01
3.227767239709142810e-01
2.921289437268668188e-01
2.645315114780578125e-01
2.396694426517199106e-01
2.172611353808201473e-01
1.970405556450202933e-01
1.787908973008605074e-01
1.623011078264333940e-01
1.473993099299310272e-01
1.339175011823766637e-01
1.217189671547290186e-01
1.106695357522959194e-01
1.006601101364113099e-01
9.158319681160098646e-02
8.334952921608496101e-02
7.587853188388959946e-02
6.909268196613052582e-02
6.292908060016987049e-02
5.732515547735323597e-02
5.223018374912295064e-02
4.759351875118661424e-02
4.337414228118099957e-02
3.953094942752086172e-02
3.602985515370586700e-02
3.283988624371782239e-02
2.993084214307388871e-02
2.727831887211590658e-02
2.485764942990276866e-02
2.264891857679389442e-02
2.063193090134906107e-02
1.879039488560306156e-02
1.710773810809057202e-02
1.557023932008137074e-02
1.416535745201562974e-02
1.288072254686357249e-02
1.170637404675780452e-02
1.063210652476804380e-02
9.649707232441906424e-03
8.750739674080484573e-03
7.928417981115340116e-03
7.175754605638138064e-03
6.487131234219337649e-03
5.856749798980390165e-03
5.279813240643540205e-03
4.751910779717810965e-03
4.268645689912994520e-03
3.826483795263121296e-03
3.421761398435005201e-03
3.051532938744399952e-03
2.712740830364655450e-03
2.402925768985042943e-03
2.119532291714675779e-03
1.860442436057083366e-03
1.623700905037140773e-03
1.407350191943211029e-03
1.209812314296755285e-03
1.029445899985662527e-03
8.649259021079864053e-04
7.148744556163819704e-04
5.781772202266791550e-04
4.536763237178533296e-04
3.404332548358425981e-04
2.374740880933465519e-04
1.439853012719535764e-04
5.921294132378908008e-05
-1.759546372310145606e-05
-8.705455859405897159e-05
-1.497984767480258004e-04
-2.063473314262247974e-04
-2.572358262407275554e-04
-3.029046284029664345e-04
-3.438047959757068047e-04
-3.803186363490589908e-04
-4.128012442717482488e-04
-4.416022638222091737e-04
-4.670143554362989080e-04
-4.893326007550536511e-04
-5.088059458333373019e-04
-5.256833991105985078e-04
-5.401769412525188113e-04
-5.524966408285604405e-04
-5.628255001690117641e-04
-5.713336926742284541e-04
-5.781838270572389011e-04
-5.835183369915741781e-04
-5.874741724902063020e-04
-5.901730163808937548e-04
-5.917300784118300358e-04
-5.922494013268322140e-04
-5.918277653001293229e-04
-5.905542015324156176e-04
-5.885098608114932390e-04
-5.857702301968993001e-04
-5.824054712383661776e-04
-5.784776198348776360e-04
-5.740471781509102036e-04
-5.691658197759346923e-04
-5.638854464063883893e-04
-5.582489393061854707e-04
-5.523008500158092934e-04
-5.460766007599010758e-04
-5.396128333805825031e-04
-5.329435126801139889e-04
-5.260949425170889605e-04
-5.190976116077144998e-04
-5.119728879837474834e-04
-5.047469921775553196e-04
-4.974371128698789040e-04
-4.900658103444716779e-04
-4.826467380895412950e-04
-4.751993154381981195e-04
-4.677342094142471511e-04
-4.602662990996925782e-04
-4.528092624588879369e-04
-4.453701413850858219e-04
-4.379623075891000972e-04
-4.305908592094135332e-04
-4.232673210166479545e-04
-4.159951609863715358e-04
-4.087843151486961831e-04
-4.016368885948699147e-04
-3.945597117427999522e-04
-3.875589697661822658e-04
-3.806351396803184630e-04
-3.737950875169408597e-04
-3.670384351292602923e-04
-3.603711078321885004e-04
-3.537920247219287855e-04
-3.473063006619340684e-04
-3.409122816244390653e-04
-3.346128404402191284e-04
-3.284104910898235459e-04
-3.223029210846119078e-04
-3.162936759480019871e-04
-3.103801150103742911e-04
-3.045653021094460434e-04
-2.988463413152309795e-04
-2.932258812357014751e-04
-2.877008323225302877e-04
-2.822734852436014708e-04
-2.769406088234614141e-04
-2.717029036202303670e-04
-2.665608852852276623e-04
-2.615111899509418272e-04
-2.565554149724795551e-04
-2.516901512746109451e-04
-2.469167835084446123e-04
-2.422318853390872581e-04
-2.376366581887895488e-04
-2.331276816393719194e-04
-2.287049178254291410e-04
-2.243682158434164812e-04
-2.201141988614074439e-04
-2.159437140378777775e-04
-2.118534318584748360e-04
-2.078440910850785776e-04
-2.039124208717037483e-04
-2.000590667799222665e-04
-1.962808256575453831e-04
-1.925782629787947718e-04
-1.889482503360686682e-04
-1.853904147532039342e-04
-1.819043169717324564e-04
-1.784869503372318671e-04
-1.751387262504598111e-04
-1.718567236623086414e-04
-1.686413071272865481e-04
-1.654896434471148721e-04
-1.624020570578392963e-04
-1.593758039394141022e-04
-1.564104494342262192e-04
-1.535055135649876707e-04
-1.506583869315596754e-04
-1.478693172779402926e-04
-1.451357846231796458e-04
-1.424580135665791858e-04
-1.398335727157290227e-04
-1.372626669358061166e-04
-1.347429522025493176e-04
-1.322740131386818889e-04
-1.298554018529616964e-04
-1.274849024191503663e-04
-1.251626822617506543e-04
-1.228866085307492035e-04
-1.206568374420859509e-04
-1.184713171580636308e-04
-1.163301943766176450e-04
-1.142314960780967711e-04
-1.121753608823512945e-04
-1.101598922990709625e-04
-1.081847393077519466e-04
-1.062495279529849243e-04
-1.043524721183798789e-04
-1.024936951827664782e-04
-1.006714816111863823e-04
-9.888595022955152397e-05
-9.713545367369992307e-05
-9.542010689516607677e-05
-9.373832829807010126e-05
-9.208982654012467877e-05
-9.047429237811844876e-05
-8.889023841761956111e-05
-8.733777221210767445e-05
-8.581546624614584890e-05
-8.432342580911356730e-05
-8.286028098040272539e-05
-8.142613508127669270e-05
-8.001967355298483797e-05
-7.864099799077605779e-05
-7.728884702085595654e-05
-7.596299653852856557e-05
-7.466320874866978481e-05
-7.338829810773943101e-05
-7.213836267188294222e-05
-7.091226490723128426e-05
-6.971010167472583034e-05
-6.853078149236373770e-05
-6.737440011134942987e-05
-6.623991020947623165e-05
-6.512713437562792258e-05
-6.403588397251959235e-05
-6.296517451683706181e-05
-6.191509923024200355e-05
-6.088471334714310986e-05
-5.987410913551983142e-05
-5.888237988477413307e-05
-5.790961692515136287e-05
-5.695495000213666694e-05
-5.601824041491278850e-05
-5.509934013099031702e-05
-5.419743072061070414e-05
-5.331260118773180627e-05
-5.244406583200009024e-05
-5.159191271922040803e-05
-5.075538749211689585e-05
-4.993457726809895011e-05
-4.912875770375189509e-05
-4.833801495534809377e-05
-4.756165341946614548e-05
-4.679957184690542371e-05
-4.605166144363794954e-05
-4.531726744598815304e-05
-4.459647354213816441e-05
-4.388865075392863271e-05
-4.319388175466313829e-05
-4.251156225723458609e-05
-4.184177390431505726e-05
-4.118393605252802553e-05
-4.053797124687573270e-05
-3.990379564116739195e-05
-3.928086219392314631e-05
-3.866924990634663240e-05
-3.806843295680697775e-05
-3.747848926648290131e-05
-3.689891333726453394e-05
-3.632978199864231778e-05
-3.577060921898386558e-05
-3.522147072573982084e-05
-3.468189913436027738e-05
-3.415183934079066259e-05
-3.363123098570071736e-05
-3.311963319831643797e-05
-3.261711891475136017e-05
-3.212326401719781756e-05
-3.163814031453104886e-05
-3.116133974211156152e-05
-3.069293297757836274e-05
-3.023252734056204393e-05
-2.978008162955386116e-05
-2.933555014502475694e-05
-2.889856209396395419e-05
-2.846918531742376136e-05
-2.804706286078362989e-05
-2.763226143059920018e-05
-2.722443733953339168e-05
-2.682365616159433850e-05
-2.642958693080935099e-05
-2.604219925462571036e-05
-2.566145887800002455e-05
-2.528705294645167343e-05
-2.491904421867575174e-05
-2.455713129960617239e-05
-2.420137583110667126e-05
-2.385148741115016328e-05
-2.350752657154230751e-05
-2.316921345737300793e-05
-2.283660749806135982e-05
-2.250943895941500420e-05
-2.218768739237280904e-05
-2.187132912949497072e-05
-2.156010885927097653e-05
-2.125408329397593081e-05
-2.095300625647059944e-05
-2.065693338966461450e-05
-2.036562728597552876e-05
-2.007914252989680901e-05
-1.979725013441183750e-05
-1.951993572252076927e-05
-1.924718213766728412e-05
-1.897877240264933793e-05
-1.871475850735749988e-05
-1.845493108722785262e-05
-1.819934111618556378e-05
-1.794778654322227280e-05
-1.770031733939547044e-05
-1.745673848099443777e-05
-1.721709894965093738e-05
-1.698121047493475149e-05
-1.674906419905990525e-05
-1.652064893374854525e-05
-1.629578605050728963e-05
-1.607452211802892192e-05
-1.585668462600628252e-05
-1.564231920286188326e-05
-1.543125922108447984e-05
-1.522354938331595611e-05
-1.501902871938311830e-05
-1.481769169623211326e-05
-1.461953075867320775e-05
-1.442439302075873908e-05
-1.423232093482709634e-05
-1.404316674917428724e-05
-1.385697204193814592e-05
-1.367359400156773526e-05
-1.349307334686774472e-05
-1.331527202042260248e-05
-1.314018699708826268e-05
-1.296781349376299827e-05
-1.279802025249805484e-05
-1.263084590878265286e-05
-1.246616352673929311e-05
-1.230401093451151845e-05
-1.214426535779546933e-05
-1.198696383214487043e-05
-1.183198759090732184e-05
-1.167937289172698166e-05
-1.152900482796501098e-05
-1.138088259460343466e-05
-1.123500390141119010e-05
-1.109125936823723106e-05
-1.094968337150092034e-05
-1.081017004766665023e-05
-1.067275304582028147e-05
-1.053732989129753473e-05
-1.040393352001920232e-05
-1.027246472358185440e-05
-1.014292398871888967e-05
-1.001531050572535915e-05
-9.889529746563431963e-06
-9.765612925215602413e-06
-9.643468494388127791e-06
-9.523127003293322583e-06
-9.404499779043150887e-06
-9.287616719532959910e-06
-9.172391924146786976e-06
-9.058854652738452672e-06
-8.946921678854375789e-06
-8.836594592189159496e-06
-8.727873881823634003e-06
-8.620680157125145960e-06
-8.515041139675463085e-06
-8.410879884215784709e-06
-8.308223519283062958e-06
-8.206997459658166348e-06
-8.107228253254734107e-06
-8.008843592866194560e-06
-7.911845677228641078e-06
-7.816235740620867806e-06
-7.721944746076926715e-06
-7.628997842958070220e-06
-7.537328080804664391e-06
-7.446960070259559923e-06
-7.357828875856718681e-06
-7.269958581038913810e-06
-7.183286196546715525e-06
-7.097814332387727577e-06
-7.013544751985556799e-06
-6.930417262211269396e-06
-6.848454677537446186e-06
-6.767598590262452714e-06
-6.687871326375276588e-06
-6.609216203492996663e-06
-6.531655069727287089e-06
-6.455132910158505686e-06
-6.379671105426377528e-06
-6.305216252379678580e-06
-6.231771263183027553e-06
-6.159338326457399438e-06
-6.087866356879200838e-06
-6.017375610597383132e-06
-5.947816483698787582e-06
-5.879208799716407569e-06
-5.811504387343997972e-06
-5.744722647017302256e-06
-5.678816793025838725e-06
-5.613789863383260079e-06
-5.549644258638383761e-06
-5.486335187152350042e-06
-5.423881031982662590e-06
-5.362238276931122591e-06
-5.301424913775829480e-06
-5.241398660473047704e-06
-5.182177126193415258e-06
-5.123719223252644224e-06
-5.066042186704168772e-06
-5.009106084860274271e-06
-4.952914003297684350e-06
-4.897468480349611286e-06
-4.842731249453506084e-06
-4.788718646324013476e-06
-4.735393470385357469e-06
-4.682771711558093766e-06
-4.630817201472350274e-06
-4.579545591959816069e-06
-4.528921714271242557e-06
-4.478948630192802508e-06
-4.429628917644395227e-06
-4.380928848769676278e-06
-4.332863262780110127e-06
-4.285399354905330484e-06
-4.238551651940151104e-06
-4.192288243445886078e-06
-4.146623350776694940e-06
-4.101525930072364851e-06
-4.056998979491565487e-06
-4.013045068691786163e-06
-3.969634403789373338e-06
-3.926780472033847998e-06
-3.884454280867376978e-06
-3.842669035319007938e-06
-3.801396519615530701e-06
-3.760649662869633044e-06
-3.720401002392116986e-06
-3.680663197541874910e-06
-3.641409515821894579e-06
-3.602642840383391256e-06
-3.564365684241198297e-06
-3.526552369001584111e-06
-3.489214905680785949e-06
-3.452328292188511519e-06
-3.415904290281836111e-06
-3.379918553881519356e-06
-3.344382601045219277e-06
-3.309272722093730297e-06
-3.274591686037370323e-06
-3.240341932985570464e-06
