4.377705689570971614e+00
2.234399320683509327e+00
1.536005935153483826e-01
-1.655954819605972350e+00
-3.023808282237830269e+00
-3.860425972250280502e+00
-4.200032466573453860e+00
-4.241512993705896406e+00
-4.215727570696676807e+00
-4.126690138902048943e+00
-3.965912106539798643e+00
-3.736671936462172550e+00
-3.450484509975429770e+00
-3.124684676798290095e+00
-2.779812857590084452e+00
-2.437276350913818668e+00
-2.117322884686587248e+00
-1.837267987279812775e+00
-1.610362737371431541e+00
-1.445120232594333309e+00
-1.345000116310253846e+00
-1.308593223615463375e+00
-1.329942991687138809e+00
-1.399037662289979389e+00
-1.502212432206780024e+00
-1.622431386751435722e+00
-1.739310135231597831e+00
-1.835269742077361821e+00
-1.906358643426884880e+00
-1.952588805151830531e+00
-1.975791968642715002e+00
-1.979048088275472406e+00
-1.966060256319583477e+00
-1.940527423969747423e+00
-1.905569278111821419e+00
-1.863244496155169294e+00
-1.814414109256603291e+00
-1.760084070707562232e+00
-1.701377477050216802e+00
-1.639300067952239148e+00
-1.574748759582268232e+00
-1.508495911918573240e+00
-1.441203764117539921e+00
-1.373442604189374139e+00
-1.305676563007297064e+00
-1.238299700673183734e+00
-1.171622650161024071e+00
-1.105892068744169121e+00
-1.041309879315872156e+00
-9.780218574235529649e-01
-9.161358132548428346e-01
-8.557377924047021578e-01
-7.968772152108508644e-01
-7.395962602181010981e-01
-6.839147933261247037e-01
-6.298439478221706800e-01
-5.773977136352769213e-01
-5.265793666468714385e-01
-4.773962562062642467e-01
-4.298663768611600822e-01
-3.840040173494527198e-01
-3.398250783881355819e-01
-2.965918182324437935e-01
-2.589011079108646252e-01
-2.242557082423643211e-01
-1.771933270233162494e-01
-1.220290478056290512e-01
-7.459403845115994414e-02
-4.035965478067852358e-02
-1.858015079404038566e-02
-6.541743857382078565e-03
-1.297082896722984028e-03
-2.754509511178681195e-05
0.000000000000000000e+00
0.000000000000000000e+00
0.000000000000000000e+00
0.000000000000000000e+00
0.000000000000000000e+00
0.000000000000000000e+00
0.000000000000000000e+00
0.000000000000000000e+00
0.000000000000000000e+00
0.000000000000000000e+00
0.000000000000000000e+00
0.000000000000000000e+00
0.000000000000000000e+00
0.000000000000000000e+00
0.000000000000000000e+00
0.000000000000000000e+00
0.000000000000000000e+00
0.000000000000000000e+00
0.000000000000000000e+00
0.000000000000000000e+00
0.000000000000000000e+00
0.000000000000000000e+00
0.000000000000000000e+00
0.000000000000000000e+00
0.000000000000000000e+00
0.000000000000000000e+00
0.000000000000000000e+00
