3.237113483975486474e+02
3.111467852287526057e+02
2.991742161532882278e+02
2.877548048932998199e+02
2.768633741969558741e+02
2.664657698940068258e+02
2.565402069156965581e+02
2.470565065150939574e+02
2.379934972023418140e+02
2.293311033037716697e+02
2.210442065005888992e+02
2.131173225043432922e+02
2.055281808572272269e+02
1.982632611314546409e+02
1.913026993845680863e+02
1.846346472784387061e+02
1.782414179855874181e+02
1.721111032346475156e+02
1.662323183985820378e+02
1.605901045229471151e+02
1.551758562808043962e+02
1.499761306936696030e+02
1.449833493162590230e+02
1.401854459846327075e+02
1.355757015370891452e+02
1.311432509644006643e+02
1.268821628255028600e+02
1.227826273066230982e+02
1.188384180114591828e+02
1.150435491819707181e+02
1.113895908790017586e+02
1.078721256801817958e+02
1.044835218633945857e+02
1.012198558854517927e+02
9.807419029851655523e+01
9.504302647972396301e+01
9.212006728609129880e+01
8.930150272715073356e+01
8.658364238182208794e+01
8.396101281139392825e+01
8.143097289857074372e+01
7.898851944042502282e+01
7.663129047659708704e+01
7.435471887842520289e+01
7.215668125271575661e+01
7.003299657681472468e+01
6.798176421105243605e+01
6.599915112534425532e+01
6.408297965215662373e+01
6.223113216028563954e+01
6.044023925290712640e+01
5.870883806856151210e+01
5.703383258382673660e+01
5.541390769693592944e+01
5.384621071680261650e+01
5.232955410515279482e+01
5.086131246675464723e+01
4.944006753515493813e+01
4.806443031269239441e+01
4.673207367968529269e+01
4.544207598268695847e+01
4.419228406055789549e+01
4.298186435346978129e+01
4.180882735771643155e+01
4.067241622123290057e+01
3.957078796713169311e+01
3.850325833018680299e+01
3.746811910091383879e+01
3.646450349493116505e+01
3.549156021887104373e+01
3.454776312454484355e+01
3.363257285935242180e+01
3.274457165725838337e+01
3.188327175306062600e+01
3.104735299765566481e+01
3.023636615333321132e+01
2.944910552142093252e+01
2.868494280443274747e+01
2.794327558401221978e+01
2.722328638437100068e+01
2.652388333629036055e+01
2.584443159873664086e+01
2.518810448341082875e+01
2.454071048914087072e+01
2.390044946675626747e+01
2.329315018587352171e+01
2.270935848106217847e+01
2.213914231390962328e+01
2.158580766388927330e+01
2.104876382567355719e+01
2.052684022398795705e+01
2.002012637911780502e+01
1.952787945229236399e+01
1.904990117897121138e+01
1.858555596349299321e+01
1.813466084050203975e+01
1.769659522287040332e+01
1.727108395237379668e+01
1.685784685885579748e+01
1.645630870675967117e+01
1.606630537957443039e+01
1.568728995089019840e+01
1.531910410562601932e+01
1.496122887916418343e+01
1.461351200733287037e+01
1.427546077721288675e+01
1.394684962428912023e+01
1.362745142373380070e+01
1.331681124976938335e+01
1.301479348397777613e+01
1.272096743618471493e+01
1.243520410287430700e+01
1.215709572742114197e+01
1.188652061654770975e+01
1.162309302034357472e+01
1.136669810851025098e+01
1.111697154037962321e+01
1.087374652766232863e+01
1.063685653301065770e+01
1.040596727906321917e+01
1.018098220196727510e+01
9.961585841320435009e+00
9.747688805972275716e+00
9.538994108431767316e+00
9.335419566760783994e+00
9.136685391687723978e+00
8.942669462144998249e+00
8.753250789120242459e+00
8.568174290396340709e+00
8.387375800711982521e+00
8.210616015644864873e+00
8.037837605207446501e+00
7.868816034678967064e+00
7.703501063015440131e+00
7.541682325763018113e+00
7.383277409330351482e+00
7.228205722485720131e+00
7.076277002989184162e+00
6.927457316508714769e+00
6.781568998678574545e+00
6.638584577336803072e+00
6.498338220380567520e+00
6.360808438529595321e+00
6.225840925797538894e+00
6.093420044809799485e+00
5.963402095830644178e+00
5.835745920541071108e+00
5.710411836959650600e+00
5.587271262330745891e+00
5.466322134128364318e+00
5.347445409098749991e+00
5.230643864714558333e+00
5.115807249853185468e+00
5.002943094829732651e+00
4.891949524761149526e+00
4.782811529962192054e+00
4.675515341656983459e+00
4.569970733996973955e+00
4.466195287726903551e+00
4.364105915889607168e+00
4.263723787644433827e+00
4.164972431295672628e+00
4.067876088422883285e+00
3.972364580307228277e+00
3.878464940681841444e+00
3.786112653768984426e+00
3.695314981127130416e+00
3.606079457307127090e+00
3.518349375183840166e+00
3.432157105773934624e+00
3.347450662927048182e+00
3.264263846786014334e+00
3.182548863872543432e+00
3.102340627998429134e+00
3.023595165172975108e+00
2.946329114768729607e+00
2.870558607170198062e+00
2.796244615242243103e+00
2.723422929412809612e+00
2.652057299446388683e+00
2.582183197537534891e+00
2.513766729282985501e+00
2.446842610358331171e+00
2.381378919953471840e+00
2.317393595042454013e+00
2.254903116549364483e+00
2.193877741464905107e+00
2.134348514387718776e+00
2.076286642563463847e+00
2.019720999570560060e+00
1.964623314844836877e+00
1.911019867338537237e+00
1.858882547095979332e+00
1.808234616347248025e+00
1.759047661834737930e+00
1.711329986744425380e+00
1.665087283150088249e+00
1.620289925136311648e+00
1.576951967240208363e+00
1.535042489997594073e+00
1.494571101946104541e+00
1.455505129554028887e+00
1.417849477427533866e+00
1.381569240071152560e+00
1.346655665905715837e+00
1.313096670649347653e+00
1.280853263506680273e+00
1.249916695238267206e+00
1.220244730538778022e+00
1.191822610294109630e+00
1.164604242368355358e+00
1.138568441212123972e+00
1.113664997790377420e+00
1.089865899901713675e+00
1.067116144967571234e+00
1.045375514120614469e+00
1.024599535878310208e+00
1.004725176270429454e+00
9.857062205108244601e-01
9.674737309809908758e-01
9.499736152663870170e-01
9.331302517755560855e-01
9.168813960131750873e-01
9.011458755987408198e-01
8.858456369344299697e-01
8.709038735179660540e-01
8.562537914075719625e-01
8.418489813664264965e-01
8.276581197472570040e-01
8.137060363874110136e-01
7.999827789720431737e-01
7.864879331730897372e-01
7.732124334860501769e-01
7.601557535832071943e-01
7.473172039459602400e-01
7.346869245685729855e-01
7.222675847368569269e-01
7.100495591330918677e-01
6.980354626172101673e-01
6.862159937281617772e-01
6.745936862883777918e-01
6.631595523822689797e-01
6.519160478812289217e-01
6.408544856425421044e-01
6.299745859144568749e-01
6.192759417210890183e-01
6.087502956457818692e-01
5.983999263519734768e-01
5.882168503889302347e-01
5.782032762642649315e-01
5.683514874474355771e-01
5.586636264848990896e-01
5.491322307901341793e-01
5.397570830706622802e-01
5.305378569041921955e-01
5.214674576517995819e-01
5.125478691500692241e-01
5.037722332058700569e-01
4.951424727597854569e-01
4.866519548266475814e-01
4.783025448927507028e-01
4.700878296567496673e-01
4.620096156520729358e-01
4.540617016365541270e-01
4.462439254547619361e-01
4.385560323367040381e-01
4.309921244165805798e-01
4.235538737643070317e-01
4.162355764152562143e-01
4.090388513184760599e-01
4.019581831401392580e-01
3.949951411770589171e-01
3.881443898952092186e-01
3.814057998268864380e-01
3.747791622395393318e-01
3.682594023466478905e-01
3.618479695354679393e-01
3.555399566581781690e-01
3.493367675074843248e-01
3.432336546217291118e-01
3.372319785594680708e-01
3.313271476809096505e-01
3.255190561050320674e-01
3.198075317120362415e-01
3.141882007996928405e-01
3.086623248887833681e-01
3.032256974595922139e-01
2.978794326497062883e-01
2.926196262124831637e-01
2.874475500390488159e-01
2.823578067736277619e-01
2.773552420440470456e-01
2.724341758733730412e-01
2.675617718177705773e-01
2.626527075780960008e-01
2.576441131426011610e-01
2.525625927796387171e-01
2.474145142786272344e-01
2.422070071228474564e-01
2.369464798705377961e-01
2.316429287675842719e-01
2.263009788096096986e-01
2.209292870774291762e-01
2.155362795296146272e-01
2.101262376378080221e-01
2.047086296426214314e-01
1.992874022316691862e-01
1.938716731139261407e-01
1.884650334513172931e-01
1.830762349605951633e-01
1.777085015075462737e-01
1.723701738391244520e-01
1.670641143062253919e-01
1.617969388775361284e-01
1.565750166484436989e-01
1.514006515858140611e-01
1.462810720647342577e-01
1.412182053182062524e-01
1.362187990999358389e-01
1.312844248969143313e-01
1.264213378888844885e-01
1.216307436438958806e-01
1.169172541953371336e-01
1.122851892369578913e-01
1.077352308297680472e-01
1.032723918948535158e-01
9.889702803115414664e-02
9.461364540881990470e-02
9.042227547758034667e-02
8.632693813723119058e-02
8.232735565548496282e-02
7.842610219598149246e-02
7.462546890487101181e-02
7.092475141125381688e-02
6.732676121861105867e-02
6.383053031936720967e-02
6.043841889246387433e-02
5.714920632867340894e-02
5.396480764667354463e-02
5.088378141399406418e-02
4.790761660066641253e-02
4.503465725405848136e-02
4.226532141008110949e-02
3.959977912871226469e-02
3.703609670966882816e-02
3.457479443886121023e-02
3.221378391653521162e-02
2.995323158736957342e-02
2.779090660947717076e-02
2.572665416457798476e-02
2.375812195986861872e-02
2.188439833048375777e-02
2.010438599759212935e-02
1.841558976137925782e-02
1.681714202749006251e-02
1.530647501407568153e-02
1.388248455677413423e-02
1.254254599705494425e-02
1.128533933156606293e-02
1.010820535959695669e-02
9.009634109197471249e-03
7.986944178142316164e-03
7.038236827974123089e-03
6.161502870842564851e-03
5.354059998818137128e-03
4.614032347073201458e-03
3.938756638361523219e-03
3.326250825385194433e-03
2.773883296226601399e-03
2.279589628418461633e-03
1.840782624976829412e-03
1.455247689355577837e-03
1.120720833943054766e-03
8.347037149705934791e-04
5.950177056853075920e-04
3.992358960710812765e-04
2.451658272058368027e-04
1.304751692513507954e-04
5.294830747988316376e-05
1.035138535623708996e-05
-1.031787436348847310e-06
4.073427354147799260e-07
5.171797577522291236e-08
-9.053414563254619743e-08
3.313423972659383957e-08
-1.966313538019381016e-09
-4.618404348368910092e-09
2.354710764976404285e-09
-4.176613718235855096e-10
-1.876061209017841046e-10
1.473880794088642652e-10
-3.539489863307648788e-11
-6.017625806379211104e-13
0.000000000000000000e+00
0.000000000000000000e+00
0.000000000000000000e+00
0.000000000000000000e+00
0.000000000000000000e+00
0.000000000000000000e+00
0.000000000000000000e+00
0.000000000000000000e+00
0.000000000000000000e+00
0.000000000000000000e+00
0.000000000000000000e+00
0.000000000000000000e+00
0.000000000000000000e+00
0.000000000000000000e+00
0.000000000000000000e+00
0.000000000000000000e+00
0.000000000000000000e+00
0.000000000000000000e+00
0.000000000000000000e+00
0.000000000000000000e+00
0.000000000000000000e+00
0.000000000000000000e+00
0.000000000000000000e+00
0.000000000000000000e+00
0.000000000000000000e+00
0.000000000000000000e+00
0.000000000000000000e+00
0.000000000000000000e+00
0.000000000000000000e+00
0.000000000000000000e+00
0.000000000000000000e+00
0.000000000000000000e+00
0.000000000000000000e+00
0.000000000000000000e+00
0.000000000000000000e+00
0.000000000000000000e+00
0.000000000000000000e+00
0.000000000000000000e+00
0.000000000000000000e+00
0.000000000000000000e+00
0.000000000000000000e+00
0.000000000000000000e+00
0.000000000000000000e+00
0.000000000000000000e+00
0.000000000000000000e+00
0.000000000000000000e+00
0.000000000000000000e+00
0.000000000000000000e+00
0.000000000000000000e+00
0.000000000000000000e+00
0.000000000000000000e+00
0.000000000000000000e+00
0.000000000000000000e+00
0.000000000000000000e+00
0.000000000000000000e+00
0.000000000000000000e+00
0.000000000000000000e+00
0.000000000000000000e+00
0.000000000000000000e+00
0.000000000000000000e+00
0.000000000000000000e+00
0.000000000000000000e+00
0.000000000000000000e+00
0.000000000000000000e+00
0.000000000000000000e+00
0.000000000000000000e+00
0.000000000000000000e+00
0.000000000000000000e+00
0.000000000000000000e+00
0.000000000000000000e+00
0.000000000000000000e+00
0.000000000000000000e+00
0.000000000000000000e+00
0.000000000000000000e+00
0.000000000000000000e+00
0.000000000000000000e+00
0.000000000000000000e+00
0.000000000000000000e+00
0.000000000000000000e+00
0.000000000000000000e+00
0.000000000000000000e+00
0.000000000000000000e+00
0.000000000000000000e+00
0.000000000000000000e+00
0.000000000000000000e+00
0.000000000000000000e+00
0.000000000000000000e+00
0.000000000000000000e+00
0.000000000000000000e+00
0.000000000000000000e+00
0.000000000000000000e+00
0.000000000000000000e+00
0.000000000000000000e+00
0.000000000000000000e+00
0.000000000000000000e+00
0.000000000000000000e+00
0.000000000000000000e+00
0.000000000000000000e+00
0.000000000000000000e+00
0.000000000000000000e+00
0.000000000000000000e+00
0.000000000000000000e+00
0.000000000000000000e+00
0.000000000000000000e+00
0.000000000000000000e+00
0.000000000000000000e+00
0.000000000000000000e+00
