2.705314845072313901e+01
2.626546283535039805e+01
2.550736827507707005e+01
2.477711622587554885e+01
2.407377223131582511e+01
2.339576683815048952e+01
2.274228144752868275e+01
2.211190331355509286e+01
2.150376615408851677e+01
2.091703733123922859e+01
2.035050432641456197e+01
1.980357321706437546e+01
1.927514551415698207e+01
1.876469690200010021e+01
1.827122857919445309e+01
1.779428231694920726e+01
1.733268785402593082e+01
1.688567683468608749e+01
1.645251394262998446e+01
1.603221217739503857e+01
1.562426872134309974e+01
1.522782886179029660e+01
1.484248815646131625e+01
1.446750442600283115e+01
1.410255585889553309e+01
1.374699613873327309e+01
1.340057274591105774e+01
1.306272108484778727e+01
1.273316620548597733e+01
1.241165428890362143e+01
1.209772125656624020e+01
1.179124164426887411e+01
1.149180608968467254e+01
1.119932524607316715e+01
1.091343623717211031e+01
1.063407913140292038e+01
1.036093044687929243e+01
1.009388868430624342e+01
9.832859228516451111e+00
9.577566494992275636e+00
9.328000482672930360e+00
9.083911274380438883e+00
8.845301291790299558e+00
8.611942098956943070e+00
8.383845137059555697e+00
8.160799876614111881e+00
7.942823894367831983e+00
7.729721532944582307e+00
7.521463253251107872e+00
7.318018205480691485e+00
7.119208382109025735e+00
6.925057004636869351e+00
6.735395324169846987e+00
6.550245948120855033e+00
6.369447795900712528e+00
6.193021711030507248e+00
6.020812998086895185e+00
5.852798889860245879e+00
5.688952978517134440e+00
5.529128315467487731e+00
5.373338032251802510e+00
5.221439448030238850e+00
5.073441862177490158e+00
4.929206359968089757e+00
4.788738246293172018e+00
4.651902022284300386e+00
4.518698974202534302e+00
4.388996793021312293e+00
4.262762088486049095e+00
4.139957855216605864e+00
4.020456357918149592e+00
3.904249415502225151e+00
3.791211443516026236e+00
3.681321941025558431e+00
3.574446920976988906e+00
3.470561171849664284e+00
3.369537087655171792e+00
3.271326078556271444e+00
3.175878447456824905e+00
3.083075770504932756e+00
2.992894240682898221e+00
2.905221247466289736e+00
2.820033609440964373e+00
2.737224290324416831e+00
2.656770761078955267e+00
2.578571326671190267e+00
2.502585637616346670e+00
2.428772594099471771e+00
2.357038090067012259e+00
2.287361306702471619e+00
2.219652924132486493e+00
2.153892826053586340e+00
2.089996267755716453e+00
2.027943839403770543e+00
1.967655166875228012e+00
1.909111546966217210e+00
1.852236778034574760e+00
1.796999419802684628e+00
1.743367573006482374e+00
1.691270937831445886e+00
1.640692557189044720e+00
1.591565837001028827e+00
1.543874503442795865e+00
1.497555492777322250e+00
1.452593202533023486e+00
1.408927930383456095e+00
1.366534418056361888e+00
1.325387102606293777e+00
1.285431021173252919e+00
1.246652186938955520e+00
1.208998603812212469e+00
1.172456902829887904e+00
1.136977907666042897e+00
1.102548849609444437e+00
1.069123231153749298e+00
1.036688865588409003e+00
1.005201799158316200e+00
9.746429754508108001e-01
9.449931542373661841e-01
9.162119569441264932e-01
8.882885694311798419e-01
8.611848442170779716e-01
8.348904826512391075e-01
8.093694528769674879e-01
7.846119525188146593e-01
7.605839551129932596e-01
7.372704655302264598e-01
7.146563673367102298e-01
6.927104466236480018e-01
6.714240586344373263e-01
6.507677410921928196e-01
6.307332796695342969e-01
6.112928705254341288e-01
5.924387116272581411e-01
5.741445688506694456e-01
5.563987193782226059e-01
5.391893604298807485e-01
5.224924555982504160e-01
5.063011569700606174e-01
4.905927945810442670e-01
4.753608727017131219e-01
4.605840134774645267e-01
4.462560572680498994e-01
4.323568477325693271e-01
4.188805457378117492e-01
4.058081494488179897e-01
3.931310428581088479e-01
3.808405620260225666e-01
3.689193187461787260e-01
3.573622104586517412e-01
3.461528505940407174e-01
3.352864067233550238e-01
3.247474382475121213e-01
3.145313696689240879e-01
3.046236536079254265e-01
2.950176234587389978e-01
2.857065811912894437e-01
2.766772264501234369e-01
2.679255717546764060e-01
2.594390899773405534e-01
2.512140084466124024e-01
2.432385296850583245e-01
2.355090849240316364e-01
2.280145651009964636e-01
2.207515949226665219e-01
2.137097147323522572e-01
2.068840735624268845e-01
2.002698018420805970e-01
1.938573455181659133e-01
1.876437704131278250e-01
1.816200833846835505e-01
1.757835108261669166e-01
1.701255884504092875e-01
1.646436947870288658e-01
1.593298641139220262e-01
1.541803674577539862e-01
1.491914638671378024e-01
1.443558823356005938e-01
1.396713474485896667e-01
1.351310181677455591e-01
1.307327447696658429e-01
1.264700913788052161e-01
1.223410272244782326e-01
1.183394981754157388e-01
1.144626438393710616e-01
1.107075962425290577e-01
1.070688328327982358e-01
1.035445929241660401e-01
1.001296827516462706e-01
9.682243955785015121e-02
9.361797924254375292e-02
9.051473164458426202e-02
8.750810428781280459e-02
8.459661455050250523e-02
8.177594456331310768e-02
7.904403063361033210e-02
7.639880489924293083e-02
7.383633161160862990e-02
7.135532657392416878e-02
6.895209021960702067e-02
6.662541018339300514e-02
6.437180922501575808e-02
6.219014284332664150e-02
6.007714306235123480e-02
5.803123243568469869e-02
5.605083110019128817e-02
5.413296212601525353e-02
5.227663467958643811e-02
5.047905163050218913e-02
4.873927771970403694e-02
4.705468500155259720e-02
4.542439069551776343e-02
4.384592603952640333e-02
4.231845780344151153e-02
4.083966698628088005e-02
3.940841949119280180e-02
3.802358014699916411e-02
3.668303812171343214e-02
3.538607227873600408e-02
3.413070031332439414e-02
3.291624159220300772e-02
3.174083469619488201e-02
3.060383722178737151e-02
2.950350143895457203e-02
2.843896250249147717e-02
2.740935516512110412e-02
2.641308965577728041e-02
2.544961000687303437e-02
2.451742393085987182e-02
2.361600667656337665e-02
2.274395761178812231e-02
2.190078144200737278e-02
2.108516370407675922e-02
2.029644540322348215e-02
1.953396756656466254e-02
1.879653540196949899e-02
1.808372018917508289e-02
1.739440095811998696e-02
1.672817302349020527e-02
1.608398479976213755e-02
1.546145427779952418e-02
1.485959508068681635e-02
1.427804659295349790e-02
1.371588371695846471e-02
1.317263416945620505e-02
1.264782598791001043e-02
1.214061913376585956e-02
1.165070132899461743e-02
1.117728497756568379e-02
1.072007524826754273e-02
1.027833381381776899e-02
9.851782301798849700e-03
9.439728668246476911e-03
9.041813524187066256e-03
8.657677930140592060e-03
8.286694057039223002e-03
7.928620716279302302e-03
7.582869651730519273e-03
7.249213095031866935e-03
6.927099954222362514e-03
6.616315121007084778e-03
6.316342402446137143e-03
6.026978633281439117e-03
5.747740389618633677e-03
5.478370453292745121e-03
5.218612125552284792e-03
4.968027420492140099e-03
4.726440155555143574e-03
4.493440329363478786e-03
4.268861498589798451e-03
4.052319930037529168e-03
3.843658368585600640e-03
3.642517735763677045e-03
3.448702473580860395e-03
3.262017555899668613e-03
3.082138072765555192e-03
2.908927530732843478e-03
2.742082052146385153e-03
2.581472638720536984e-03
2.426815146306137913e-03
2.277987648553013358e-03
2.134724514279722277e-03
1.996877107059576682e-03
1.864297310431321276e-03
1.736745134942443763e-03
1.614114637800425798e-03
1.496181603611649886e-03
1.382845861397637198e-03
1.273897988347843851e-03
1.169243260342145777e-03
1.068686125079373623e-03
9.721369988738719258e-04
8.794133337419046681e-04
7.904088696380293794e-04
7.050178327889576428e-04
6.230756723544108146e-04
5.445044276549849006e-04
4.691506097250199231e-04
3.969404570436556117e-04
3.277308469333889071e-04
2.614519817703867769e-04
1.979704519465668984e-04
1.372055256629139931e-04
7.907692163233694864e-05
2.346466209516053162e-05
-2.969208382269687078e-05
-8.050504477718722321e-05
-1.290318105315316948e-04
-1.753763845579149269e-04
-2.195932961885457455e-04
-2.617793155422507099e-04
-3.019860819243638502e-04
-3.403035937602757804e-04
-3.767895492961255530e-04
-4.115012437968116124e-04
-4.445193218626327823e-04
-4.758888808166803841e-04
-5.056848274250518201e-04
-5.339498926123812869e-04
-5.607536149886009407e-04
-5.861364900228745048e-04
-6.101630350322497171e-04
-6.328770839869811123e-04
-6.543221070070625407e-04
-6.745556930334213087e-04
-6.936132739293092908e-04
-7.115481935455280184e-04
-7.283940508061148957e-04
-7.442002218016696789e-04
-7.589985732174424652e-04
-7.728347734788189923e-04
-7.857421273614083931e-04
-7.977536135421199994e-04
-8.089097912883921404e-04
-8.192386005544862598e-04
-8.287774744996728943e-04
-8.375529305148928742e-04
-8.455994832512284684e-04
-8.529423050484363604e-04
-8.596131866450798823e-04
-8.656360284728388099e-04
-8.710400797464005725e-04
-8.758491540370548631e-04
-8.800867818821401720e-04
-8.837787171555795988e-04
-8.869459740047826299e-04
-8.896121721043018585e-04
-8.917972787835843794e-04
-8.935229247376290287e-04
-8.948080868607166194e-04
-8.956725428905644524e-04
-8.961343983373363511e-04
-8.962115078900318452e-04
-8.959211060523379622e-04
-8.952799199682252070e-04
-8.943036346219054205e-04
-8.930081603511420179e-04
-8.914077406709290880e-04
-8.895175126380820913e-04
-8.873503794297975516e-04
-8.849207459231801885e-04
-8.822402696000466700e-04
-8.793219130216440400e-04
-8.761784233781698969e-04
-8.728197537771026316e-04
-8.692586437407062803e-04
-8.655040114606137210e-04
-8.615679909708401493e-04
-8.574585404675009017e-04
-8.531872202885363698e-04
-8.487610986851543008e-04
-8.441900464986925711e-04
-8.394837450268154404e-04
-8.346480489835999541e-04
-8.296932122494146038e-04
-8.246243553502340855e-04
-8.194512565583068377e-04
-8.141783574761063706e-04
-8.088149854070187175e-04
-8.033649546469514300e-04
-7.978357903224379127e-04
-7.922348511110554985e-04
-7.865650996757022912e-04
-7.808348349966909296e-04
-7.750465069785917498e-04
-7.692080397286703980e-04
-7.633214109493949209e-04
-7.573941890115311370e-04
-7.514279172460546505e-04
-7.454298263836714889e-04
-7.394010606611694375e-04
-7.333470326582928155e-04
-7.272730132813279291e-04
-7.211796090576479178e-04
-7.150732794693945554e-04
-7.089543100061964156e-04
-7.028288784773780405e-04
-6.966969768807606492e-04
-6.905642889630863798e-04
-6.844083423657000911e-04
-6.781734890214390250e-04
-6.718052565184179804e-04
-6.652499005842675605e-04
-6.584653650812063736e-04
-6.514081154171198935e-04
-6.440464242280504814e-04
-6.363462250040097636e-04
-6.282855268811290235e-04
-6.198390091118762511e-04
-6.109938064954306561e-04
-6.017326397535473432e-04
-5.920486975186845966e-04
-5.819393857781511364e-04
-5.713982036165602242e-04
-5.604323183240671148e-04
-5.490415801309501184e-04
-5.372400171323773576e-04
-5.250331793226956350e-04
-5.124412776238365533e-04
-4.994749225461126048e-04
-4.861564882542284013e-04
-4.725110079774200514e-04
-4.585555078488418946e-04
-4.443226183806964539e-04
-4.298328722692756898e-04
-4.151226285424764492e-04
-4.002153190335019711e-04
-3.851503120314915844e-04
-3.699533371308060870e-04
-3.546622626076651602e-04
-3.393158721314528574e-04
-3.239422243760023390e-04
-3.085850298610284185e-04
-2.932731592487396654e-04
-2.780507784284913259e-04
-2.629469793449152899e-04
-2.480056484832790465e-04
-2.332555084425559362e-04
-2.187394316539873417e-04
-2.044851795181573293e-04
-1.905304713182555626e-04
-1.769117305561307277e-04
-1.636541611255965098e-04
-1.507948988027343808e-04
-1.383566928057095447e-04
-1.263731136969162663e-04
-1.148638497747297781e-04
-1.038581888078545445e-04
-9.337214495745688571e-05
-8.342762595788964699e-05
-7.404351192452522711e-05
-6.522913740082535866e-05
-5.699999604076377109e-05
-4.936017644259684943e-05
-4.231844603856441779e-05
-3.587299998104285403e-05
-3.002520646448297634e-05
-2.476670706409068057e-05
-2.009081135957025414e-05
-1.598193330797912693e-05
-1.242386723580300800e-05
-9.395546989465756489e-06
-6.869247137523170339e-06
-4.815346905035282819e-06
-3.197138742335657547e-06
-1.974761991755742282e-06
-1.101793969831982885e-06
-5.275524100758125090e-07
-1.951465894821778579e-07
-4.249062495492584583e-08
-1.514473739421283305e-09
0.000000000000000000e+00
0.000000000000000000e+00
0.000000000000000000e+00
0.000000000000000000e+00
0.000000000000000000e+00
0.000000000000000000e+00
0.000000000000000000e+00
0.000000000000000000e+00
0.000000000000000000e+00
0.000000000000000000e+00
0.000000000000000000e+00
0.000000000000000000e+00
0.000000000000000000e+00
0.000000000000000000e+00
0.000000000000000000e+00
0.000000000000000000e+00
0.000000000000000000e+00
0.000000000000000000e+00
0.000000000000000000e+00
0.000000000000000000e+00
0.000000000000000000e+00
0.000000000000000000e+00
0.000000000000000000e+00
0.000000000000000000e+00
0.000000000000000000e+00
0.000000000000000000e+00
0.000000000000000000e+00
0.000000000000000000e+00
0.000000000000000000e+00
