4.884004746776122374e+01
3.550090956593756886e+01
2.540457170586088509e+01
1.770968081273704797e+01
1.181780766670406280e+01
7.296226375014775556e+00
3.825702183025793346e+00
1.167989296478808114e+00
-8.568072380277573785e-01
-2.386734397991720158e+00
-3.528530543844656364e+00
-4.365431433299375996e+00
-4.963197499513782418e+00
-5.373914935525441194e+00
-5.639290171095838744e+00
-5.792807506906640924e+00
-5.861449578008065764e+00
-5.867033231790688141e+00
-5.827155409595238922e+00
-5.755962546041953232e+00
-5.651651084692526972e+00
-5.433889172916663846e+00
-5.132568715342950227e+00
-4.852143917236829473e+00
-4.644591797831456148e+00
-4.475537295332426169e+00
-4.334056416563980996e+00
-4.228435590046665915e+00
-4.152283835575687476e+00
-4.094019018201809246e+00
-4.046941955630941834e+00
-4.007146149703885385e+00
-3.971864067665518583e+00
-3.938943456126752007e+00
-3.906045809752682452e+00
-3.869802894665271165e+00
-3.826091974833539577e+00
-3.774264553181143622e+00
-3.714961124196199727e+00
-3.648850054897396333e+00
-3.576608229633608804e+00
-3.498881434582236771e+00
-3.416281610897117016e+00
-3.329394961221857407e+00
-3.238751457506752640e+00
-3.144859671133712897e+00
-3.048178885548641137e+00
-2.949134423186283271e+00
-2.848137427366020269e+00
-2.745558023278736215e+00
-2.641743583021133546e+00
-2.537037869260269307e+00
-2.431747706476693249e+00
-2.326186547703925633e+00
-2.220641417845218069e+00
-2.115390905251671949e+00
-2.010722903929120786e+00
-1.906903222673704379e+00
-1.804201724998350409e+00
-1.702901886893343208e+00
-1.603268115388918780e+00
-1.505548775964324459e+00
-1.408106149741305657e+00
-1.322511917849895635e+00
-1.242718135315366679e+00
-1.130497445122581768e+00
-9.966592908403435480e-01
-8.805229043192454030e-01
-7.956932557130672601e-01
-7.402862961417102650e-01
-7.075238514315150828e-01
-6.901062457440567677e-01
-6.811125420243935302e-01
-6.738829873471812171e-01
-6.654560817470462908e-01
-6.557650821710729883e-01
-6.448412692022890136e-01
-6.327458959319538501e-01
-6.195701346978355062e-01
-6.054266761984743450e-01
-5.904275455282487206e-01
-5.746770856401093308e-01
-5.582897775584375610e-01
-5.413904953213710680e-01
-5.241066033442507432e-01
-5.065671693297105760e-01
-4.889025500659850976e-01
-4.712353328761244575e-01
-4.536841540997397781e-01
-4.363543893409141949e-01
-4.193379663598414964e-01
-4.027125394765921351e-01
-3.865335298364209193e-01
-3.708335973822948217e-01
-3.556215155147709472e-01
-3.408734801889276578e-01
-3.265375921387489999e-01
-3.125254005544064739e-01
-2.987106027222125593e-01
-2.850492261327248200e-01
