4.869674938009636207e+03
3.851103782951159246e+03
3.070376745369715081e+03
2.465470673905990679e+03
1.992358698438205465e+03
1.619297651225989966e+03
1.322949407820201031e+03
1.085976995075287505e+03
8.953716569467326281e+02
7.412159904814924403e+02
6.159061867810694366e+02
5.135767967199507211e+02
4.296371679338547551e+02
3.605024569023630079e+02
3.033326917840845454e+02
2.558758419583463990e+02
2.163422411730032877e+02
1.832918530852605841e+02
1.555667844228796923e+02
1.322352679634786341e+02
1.125371126627383092e+02
9.585739120972935723e+01
8.169122481078049702e+01
6.962514610377989754e+01
5.932080105924626423e+01
5.049749164366187415e+01
4.292314557156513644e+01
3.640617629257878463e+01
3.078583643330826902e+01
2.592901762444835967e+01
2.172351986835065674e+01
1.807521807583606588e+01
1.490535463909475489e+01
1.214694433866578827e+01
9.743331431404838483e+00
7.646752131621822102e+00
5.816149600071305770e+00
4.216850255738048503e+00
2.818948006824310681e+00
1.596825341546248112e+00
5.286296139301018826e-01
-4.046335469303992127e-01
-1.219350167705927745e+00
-1.929592415463916133e+00
-2.547709720896681240e+00
-3.084318088841911276e+00
-3.548755674026483398e+00
-3.949168881703154277e+00
-4.292636430969984040e+00
-4.585426196689703637e+00
-4.833044810560117810e+00
-5.040316010444002792e+00
-5.211548411220674026e+00
-5.350528414219652085e+00
-5.460648672956646799e+00
-5.544933479300199863e+00
-5.606080746847329266e+00
-5.646528967976574442e+00
-5.668477827755055820e+00
-5.673920865626557841e+00
-5.664679516919753688e+00
-5.642425305368576005e+00
-5.608700943373842840e+00
-5.564936585891189225e+00
-5.512474412892536257e+00
-5.451748842651413796e+00
-5.382084396506137125e+00
-5.304165697155457160e+00
-5.219802163344133383e+00
-5.131350930216514783e+00
-5.041077949470878394e+00
-4.950561287902390362e+00
-4.860095058089251907e+00
-4.768052463980441580e+00
-4.670604213765090051e+00
-4.566105967255525755e+00
-4.455720252999290310e+00
-4.340618748361769086e+00
-4.221930783013052135e+00
-4.100700904011811865e+00
-3.977737459755730676e+00
-3.853584589559849061e+00
-3.728704513979068658e+00
-3.603507583341596376e+00
-3.478320062803935464e+00
-3.353407516921947717e+00
-3.228998126703527927e+00
-3.105245456165679041e+00
-2.982282134437511889e+00
-2.860181514148428583e+00
-2.738982835836806462e+00
-2.618713156080124893e+00
-2.499357782810964768e+00
-2.380883531454750290e+00
-2.263258847685448494e+00
-2.146415794339289196e+00
-2.030317953396453934e+00
-1.914922580097831784e+00
-1.800129983141613987e+00
-1.685984003468460557e+00
