8.026059866166636348e+07
8.026059866166636348e+07
8.026059866166636348e+07
8.030245025871995091e+07
8.030245025871995091e+07
8.030245025871995091e+07
8.034421520247915387e+07
8.034421520247915387e+07
8.038589349293100834e+07
8.038589349293100834e+07
8.042748513007634878e+07
8.046899011391261220e+07
8.051040844444608688e+07
8.055174012167344987e+07
8.063414351620827615e+07
8.067521523351775110e+07
8.079791046560898423e+07
8.087927402047432959e+07
8.100066945297680795e+07
8.112128500572609901e+07
8.128089259644261003e+07
8.147845238545526564e+07
8.167384584181994200e+07
8.190545843036192656e+07
8.220942262995354831e+07
8.254475337659162283e+07
8.290911103101605177e+07
8.333490197994454205e+07
8.381588718535090983e+07
8.437710750294983387e+07
8.500530497693581879e+07
8.571338900019516051e+07
8.645032272523839772e+07
8.724192493783773482e+07
8.808671863240198791e+07
8.888159027428123355e+07
8.961630697459566593e+07
9.016686785257886350e+07
9.038812472142989933e+07
9.005633484588164091e+07
8.884836414878068864e+07
8.629081977081923187e+07
8.167209696502949297e+07
7.438920057395952940e+07
6.477239971906102449e+07
5.406960570710979402e+07
4.377021629620139301e+07
3.594404556809923798e+07
3.040136727609476820e+07
2.591443000668270886e+07
2.185978207827344537e+07
1.841126696968746930e+07
1.548531432557821646e+07
1.300275893873481825e+07
1.089751273453875072e+07
9.110444999109162018e+06
7.597285863653968088e+06
6.316411338821765967e+06
5.233370902162766084e+06
4.319206732871070504e+06
3.549129562545465771e+06
2.901738160846060608e+06
2.359346310463558882e+06
1.906511256651688600e+06
1.530053125220925082e+06
1.218696830448809080e+06
9.626162939184452407e+05
7.533459392110372428e+05
5.835333099631286459e+05
4.468194209003173746e+05
3.376994116378601175e+05
2.514961987413764291e+05
1.841992574831126549e+05
1.324095288039469742e+05
9.323325118520017713e+04
6.419149565845774487e+04
4.315208657399229560e+04
2.828725186575592670e+04
1.805605246162417097e+04
1.119907700976753404e+04
6.726797415696415555e+03
3.893653740608768658e+03
2.158217939785335147e+03
1.137673091149169522e+03
5.664269016220614503e+02
2.643035799785681093e+02
1.138592549267641232e+02
4.326540346232649625e+01
1.204281908833623760e+01
-7.300057726323592178e-01
-5.077467073432432976e+00
-5.576543997571389966e+00
-4.415831273578505467e+00
-2.457668130769077308e+00
-1.707181223478329568e-01
0.000000000000000000e+00
0.000000000000000000e+00
0.000000000000000000e+00
0.000000000000000000e+00
0.000000000000000000e+00
