1.461623824882476401e+04
1.461623824882476401e+04
1.461623824882476401e+04
1.462385485962767416e+04
1.462385485962767416e+04
1.462385485962767416e+04
1.463145570032031537e+04
1.463145570032031537e+04
1.463904077090033024e+04
1.463904077090033024e+04
1.464661007136787339e+04
1.465416360172247005e+04
1.466170136196527346e+04
1.466922335209567427e+04
1.468422002201898977e+04
1.469169470181226825e+04
1.471402412051760075e+04
1.472883154909279438e+04
1.475092441611263348e+04
1.477287535212119292e+04
1.480192248522619593e+04
1.483787657407923507e+04
1.487343641012311673e+04
1.491558779966762813e+04
1.497090652610120196e+04
1.503193367974298781e+04
1.509824346755904662e+04
1.517573355810603971e+04
1.526326850329357512e+04
1.536540551212717946e+04
1.547973175741482009e+04
1.560859663243077921e+04
1.574271189445977689e+04
1.588677633005033749e+04
1.604052114035576233e+04
1.618518059859717141e+04
1.631889241764243525e+04
1.641908956669613326e+04
1.645935640060918013e+04
1.639897378231690527e+04
1.617913425587140227e+04
1.571368463701485416e+04
1.487311934912878132e+04
1.354769876727650990e+04
1.179752887380787070e+04
9.849718162898698210e+03
7.975323471619425618e+03
6.551032118573657499e+03
5.542315667721423779e+03
4.725734558897795978e+03
3.987826280854102151e+03
3.360228787431009096e+03
2.827733060426219254e+03
2.375931784793567658e+03
1.992797577079797293e+03
1.667569239902002209e+03
1.392190131863150100e+03
1.159085163535273978e+03
9.619847851420788629e+02
7.956191232799113777e+02
6.554770204034016388e+02
5.376640278780034805e+02
4.389619591064107453e+02
3.565611594337368047e+02
2.880641364489865737e+02
2.314205046315080381e+02
1.848441702270471296e+02
1.467972987081792553e+02
1.159452213634485389e+02
9.113418836669609391e+01
7.136472640087752950e+01
5.578390465350020833e+01
4.365046243256973213e+01
3.431535968904537981e+01
2.718965095844023239e+01
2.171886365246532336e+01
1.739381573098700073e+01
1.388914341574705880e+01
1.146872880528906613e+01
9.717184079927184470e+00
6.955073629274761693e+00
2.336800845284648265e+00
-2.565838523626083223e+00
-4.241431664408024105e+00
-3.868746772999848815e+00
-2.501735592662917895e+00
-1.350080939471604236e+00
-1.734040728867779269e+00
-1.939273947157335254e+00
-1.482801299088204683e+00
-8.437924047281852857e-01
-2.671355511867827270e-01
0.000000000000000000e+00
0.000000000000000000e+00
0.000000000000000000e+00
0.000000000000000000e+00
0.000000000000000000e+00
0.000000000000000000e+00
0.000000000000000000e+00
0.000000000000000000e+00
