2.958035017009102376e+04
2.958035017009102376e+04
2.958035017009102376e+04
2.959563911148281113e+04
2.959563911148281113e+04
2.959563911148281113e+04
2.961089639728123802e+04
2.961089639728123802e+04
2.962612202748152413e+04
2.962612202748152413e+04
2.964131600208398595e+04
2.965647832108767034e+04
2.967160898449490196e+04
2.968670799230444027e+04
2.971681104112990579e+04
2.973181508214656424e+04
2.977663727161026327e+04
2.980636045326495514e+04
2.985070780876449135e+04
2.989477026388555169e+04
2.995307702568051536e+04
3.002524822697803393e+04
3.009662803833527505e+04
3.018123917724265993e+04
3.029228131565310468e+04
3.041478206814766236e+04
3.054788673359074892e+04
3.070343379323790941e+04
3.087914404406110043e+04
3.108416524151893464e+04
3.131365407917689663e+04
3.157232652882805269e+04
3.184153815573069005e+04
3.213072090347086851e+04
3.243933520238736310e+04
3.272971231582542168e+04
3.299811403426319157e+04
3.319924119751991384e+04
3.328006925509593566e+04
3.315886202945877449e+04
3.271757437261660016e+04
3.178326961806984400e+04
3.009598914923643679e+04
2.743549876672877144e+04
2.392250528302840394e+04
2.001275255676496818e+04
1.625014466609284318e+04
1.339056707293958607e+04
1.136469387563636883e+04
9.724106839943679006e+03
8.241080080744257430e+03
6.979050242157404682e+03
5.907451125981589939e+03
4.997315768330679020e+03
4.224450626645051670e+03
3.567192155798896692e+03
3.009317741052681868e+03
2.535562460047777222e+03
2.133288078942716311e+03
1.791873821431770239e+03
1.502235620447471774e+03
1.256543167303490236e+03
1.048357794156279169e+03
8.720892934136634267e+02
7.230127778034897119e+02
5.971416190417990038e+02
4.910530999824607079e+02
4.018532248540024625e+02
3.270709774754676573e+02
2.645985078050600805e+02
2.126187929701596886e+02
1.695876594977112859e+02
1.341595418247513010e+02
1.051730246719418318e+02
8.162106145924688860e+01
6.263109181424673011e+01
4.745081865679198785e+01
3.543510641810297557e+01
2.602868312054515698e+01
1.865923577155365720e+01
1.274466267195681901e+01
7.886145019470085948e+00
4.038272322464579567e+00
1.489739309274605406e+00
3.371115071582043154e-01
4.484512025458779749e-02
3.643097866844234069e-03
-5.052312723587520623e-04
-4.562561094365834291e-04
-2.094895044405194521e-04
-8.421739704680096528e-05
-3.246382627470696436e-05
-1.232903840261678335e-05
-4.658679877373950356e-06
-1.754455250577060654e-06
0.000000000000000000e+00
0.000000000000000000e+00
0.000000000000000000e+00
0.000000000000000000e+00
0.000000000000000000e+00
