6.514799462218725967e+04
6.514799462218725967e+04
6.514799462218725967e+04
6.518340615946080652e+04
6.518340615946080652e+04
6.518340615946080652e+04
6.521874437751603546e+04
6.521874437751603546e+04
6.525400927634243999e+04
6.525400927634243999e+04
6.528920085594070406e+04
6.532431911630871764e+04
6.535936405745162483e+04
6.539433567936668260e+04
6.546405896551210026e+04
6.549881062974405359e+04
6.560262570707255509e+04
6.567146916248717753e+04
6.577418445140065160e+04
6.587623986726519070e+04
6.601128728589745879e+04
6.617844687656538736e+04
6.634377348654159869e+04
6.653974588399971253e+04
6.679693653719479335e+04
6.708066710112277360e+04
6.738895795663641184e+04
6.774922884520085063e+04
6.815620078242389718e+04
6.863106137541888165e+04
6.916259278235257079e+04
6.976171791846481210e+04
7.038525340834227973e+04
7.105504508246450860e+04
7.176984321459601051e+04
7.244240122317816713e+04
7.306406084061578440e+04
7.352990225211731740e+04
7.371711245197519020e+04
7.343637789498786151e+04
7.241428788181960408e+04
7.025029452267746092e+04
6.634229372122909990e+04
6.016991727471836930e+04
5.200091624016306014e+04
4.291973494185868185e+04
3.422744240105550853e+04
2.772731554741830769e+04
2.325694019230810591e+04
1.974077762938825617e+04
1.662450578709909314e+04
1.405640754582845511e+04
1.193525552514503397e+04
1.009832146141242993e+04
8.515711016649234807e+03
7.198743251211141796e+03
6.082697756475831738e+03
5.123926129910702002e+03
4.322070383876263804e+03
3.635594473003632174e+03
3.054171720230706796e+03
2.561781471531209718e+03
2.143757740748581000e+03
1.789482685247287691e+03
1.489740581162360968e+03
1.235934018136748819e+03
1.021644394601988097e+03
8.409865627989194081e+02
6.889637737041241508e+02
5.614581970373250215e+02
4.548253037059783992e+02
3.660397114778657510e+02
2.924484325469703663e+02
2.317858175587157348e+02
1.820827826376620067e+02
1.416325483154034544e+02
1.089611963395638981e+02
8.279359623028088322e+01
6.203334767886047274e+01
4.574569875689099518e+01
3.313611564556669009e+01
2.352915950927419075e+01
1.634487093505135391e+01
1.088950401397375956e+01
6.602442603176061908e+00
3.507560462821518676e+00
1.618795128462950483e+00
6.345804007827492432e-01
2.033013340386899126e-01
4.944955426514532904e-02
7.225355228951634706e-03
-4.852076460948540277e-04
-7.701556048881789485e-04
-1.509529286717109788e-06
0.000000000000000000e+00
0.000000000000000000e+00
0.000000000000000000e+00
0.000000000000000000e+00
0.000000000000000000e+00
0.000000000000000000e+00
