3.237186238923986821e+02
2.661740162532421436e+02
2.204149449716875324e+02
1.839113488796145077e+02
1.543471361744336434e+02
1.303065348854439947e+02
1.105474448862455716e+02
9.422601906572491259e+01
8.064988761242919679e+01
6.928965369150243703e+01
5.974726216656142697e+01
5.167586093792595392e+01
4.484108496136762056e+01
3.900708228696753821e+01
3.403378660308902681e+01
2.975702416932349692e+01
2.608769323942303942e+01
2.289209046691296479e+01
2.016029186235468273e+01
1.779904052534561743e+01
1.576147148449805080e+01
1.399778676874316652e+01
1.246791843712938608e+01
1.113583428609281611e+01
9.968879019332966607e+00
8.941853661749826543e+00
8.029487157397904085e+00
7.215070855833135788e+00
6.480166433995828257e+00
5.814642594999273939e+00
5.206228776285657389e+00
4.649124449656357072e+00
4.136551331923017827e+00
3.665747221676750378e+00
3.233792013709460456e+00
2.839892081403799562e+00
2.483462056153213027e+00
2.164462104008894716e+00
1.883263547031324370e+00
1.639275582386942487e+00
1.432481387063401668e+00
1.260456253608586819e+00
1.121376654498896341e+00
1.009875350219253676e+00
9.205775958825087590e-01
8.444704638450505341e-01
7.751279055558869535e-01
7.113030744317102583e-01
6.526302998849654591e-01
5.986377839382046595e-01
5.489694668269530231e-01
5.032767395247546016e-01
4.612180367703319073e-01
4.225405158806108674e-01
3.869204169030387441e-01
3.541789847088712140e-01
3.240120748518404148e-01
2.962979987873204379e-01
2.707577999570681127e-01
2.454077492459253440e-01
2.186422464881516425e-01
1.913602924031961861e-01
1.644058931554624459e-01
1.384957831613919110e-01
1.142101815197646975e-01
9.199293840041977699e-02
7.217040429788824929e-02
5.489867615385461697e-02
4.028847170736252203e-02
2.824694196773533741e-02
1.872223091091421154e-02
1.144652969283002121e-02
6.255814671956496688e-03
2.804744027122077661e-03
8.485529326872136248e-04
5.561933788236960238e-05
0.000000000000000000e+00
0.000000000000000000e+00
0.000000000000000000e+00
0.000000000000000000e+00
0.000000000000000000e+00
0.000000000000000000e+00
0.000000000000000000e+00
0.000000000000000000e+00
0.000000000000000000e+00
0.000000000000000000e+00
0.000000000000000000e+00
0.000000000000000000e+00
0.000000000000000000e+00
0.000000000000000000e+00
0.000000000000000000e+00
0.000000000000000000e+00
0.000000000000000000e+00
0.000000000000000000e+00
0.000000000000000000e+00
0.000000000000000000e+00
0.000000000000000000e+00
0.000000000000000000e+00
0.000000000000000000e+00
0.000000000000000000e+00
