4.900175793001608326e+01
3.568198585209336215e+01
2.560551212598634407e+01
1.793057853392548751e+01
1.205891692362133583e+01
7.556385355364692913e+00
4.103840277415702786e+00
1.462471463642820879e+00
-5.481740211958836539e-01
-2.066545181747967419e+00
-3.199650113001435869e+00
-4.031271535193942768e+00
-4.627367666532952839e+00
-5.040407557443492337e+00
-5.312281483745273647e+00
-5.476672241184633805e+00
-5.560695166042981086e+00
-5.586218211905436881e+00
-5.570830447754762993e+00
-5.528583088473272511e+00
-5.457737942047882207e+00
-5.277762641719195180e+00
-5.017462563486239979e+00
-4.780845949280398521e+00
-4.619664911143702923e+00
-4.499118675209501816e+00
-4.407163490733281286e+00
-4.351201138996394491e+00
-4.323825211926573431e+00
-4.313565481364060261e+00
-4.313329679368806957e+00
-4.317885195222660677e+00
-4.323376504484757632e+00
-4.326801222115929768e+00
-4.325186947116675285e+00
-4.314728290450652537e+00
-4.291041795712022378e+00
-4.253363057955520610e+00
-4.202393251523480089e+00
-4.138993122585170603e+00
-4.064148021868552618e+00
-3.978918178432074626e+00
-3.884428442233871070e+00
-3.781828683226569066e+00
-3.672293923934582871e+00
-3.557003504405970240e+00
-3.437116713663351142e+00
-3.313783955732074737e+00
-3.188107872385957275e+00
-3.061158593690031626e+00
-2.933933951387948547e+00
-2.807375398893806384e+00
-2.682326810734518396e+00
-2.559550422843819728e+00
-2.439685203202449415e+00
-2.323261498862262187e+00
-2.210662212820318828e+00
-2.102128936611510568e+00
-1.997746728805169791e+00
-1.897411956738475958e+00
-1.800848445650546692e+00
-1.707527607123677349e+00
-1.614792511348979165e+00
-1.534086323416096631e+00
-1.457181221205312571e+00
-1.346243428860168123e+00
-1.212943674792188009e+00
-1.096047483011573620e+00
-1.008709258349486104e+00
-9.490397408443322913e-01
-9.104742847786321258e-01
-8.859294703159343864e-01
-8.686945259989893309e-01
-8.523083618590638899e-01
-8.339486630474985951e-01
-8.137067673342985863e-01
-7.917712167652168898e-01
-7.683580453687672840e-01
-7.437025934356790158e-01
-7.180603131788237947e-01
-6.916730376630689792e-01
-6.647712441002537886e-01
-6.375834589433575506e-01
-6.103395003094852500e-01
-5.832599423030501162e-01
-5.565581292510856093e-01
-5.304338381065369923e-01
-5.050672051771327720e-01
-4.806199247561311894e-01
-4.572258059457569024e-01
-4.349924230356769783e-01
-4.139916511037130542e-01
-3.942613440368272215e-01
-3.757965065345431621e-01
-3.585496683187539557e-01
-3.424223958157504022e-01
-3.272666530278115493e-01
-3.128785952761431455e-01
-2.989888340181459103e-01
-2.853246146435956532e-01
