4.870824971597806325e+03
3.852070407793376944e+03
3.071177827730886293e+03
2.466123250602204280e+03
1.992926511048144675e+03
1.619765379571440917e+03
1.323344333833381143e+03
1.086315917489197318e+03
8.956594060576285301e+02
7.414570433586460467e+02
6.161176195508994624e+02
5.137549971878912629e+02
4.297937405050825532e+02
3.606351518467432129e+02
3.034469688688413385e+02
2.559753651379983808e+02
2.164272708290995126e+02
1.833655572572568815e+02
1.556313280493486104e+02
1.322914283074018442e+02
1.125864507872548756e+02
9.590048093731901702e+01
8.172856013496527794e+01
6.965843009788318341e+01
5.934975637712219765e+01
5.052296472422997198e+01
4.294573623791534800e+01
3.642610847411927466e+01
3.080355518200224907e+01
2.594456228686011912e+01
2.173728714026152531e+01
1.808749291465721143e+01
1.491624300479277565e+01
1.215653528045277909e+01
9.751957705638044871e+00
7.654355673688410633e+00
5.822983630090844187e+00
4.222871068226128344e+00
2.824285656530898692e+00
1.601574889323044815e+00
5.328272499363002623e-01
-4.009568130779310735e-01
-1.216080193627573358e+00
-1.926747340037847422e+00
-2.545217563765112878e+00
-3.082158765615679918e+00
-3.546910791177406708e+00
-3.947579707067404797e+00
-4.291308735386285989e+00
-4.584327744340531474e+00
-4.832151920384026411e+00
-5.039616713042957663e+00
-5.211023699339360604e+00
-5.350167560907992836e+00
-5.460441441052165779e+00
-5.544860933647751011e+00
-5.606137527216780825e+00
-5.646703961112199188e+00
-5.668759137628725853e+00
-5.674300840555789094e+00
-5.665150260799292958e+00
-5.642977555152850933e+00
-5.609326710452841702e+00
-5.565629243879746113e+00
-5.513226141775353639e+00
-5.452564662831956177e+00
-5.382972668881794931e+00
-5.305112385195520197e+00
-5.220797808273755614e+00
-5.132369827122052364e+00
-5.042105769186159492e+00
-4.951591410182884623e+00
-4.861127124596717586e+00
-4.769113587265601417e+00
-4.671732281515392771e+00
-4.567295457581814766e+00
-4.456958484899917750e+00
-4.341905621695786088e+00
-4.223247927946419011e+00
-4.102049617118180613e+00
-3.979103148253850364e+00
-3.854966146200163202e+00
-3.730100184335626068e+00
-3.604912060077855251e+00
-3.479726569284806281e+00
-3.354819216865383869e+00
-3.230410561410717918e+00
-3.106659695773949625e+00
-2.983693944712574098e+00
-2.861586766819461669e+00
-2.740390966472065593e+00
-2.620113791647209034e+00
-2.500753713385341470e+00
-2.382277422974337533e+00
-2.264649384448616409e+00
-2.147806434786539764e+00
-2.031702560054062356e+00
-1.916301306429146534e+00
-1.801515015128420938e+00
-1.687351041028758880e+00
