3.045636008665155146e+02
1.339689600413261132e+02
6.207016593726534381e+01
3.009433526650657242e+01
1.518570305205772186e+01
7.938700064020359548e+00
4.282229189113682999e+00
2.374923379563765646e+00
1.350015508545920673e+00
7.842752209265618779e-01
4.643591365534539550e-01
2.795059339601040915e-01
1.705856087178358738e-01
1.052888871844358670e-01
6.553445603161726918e-02
4.100179912142094124e-02
2.568834517944256629e-02
1.603717659492791270e-02
9.908953510445361185e-03
5.998275133330649433e-03
3.496647882541142893e-03
1.898240470460047045e-03
8.824712775424016194e-04
2.444245454684309789e-04
-1.479866154952329217e-04
-3.806586284933864846e-04
-5.097208033002735951e-04
-5.720224267463413278e-04
-5.918553429683937744e-04
-5.852353268162614752e-04
-5.627181376653534297e-04
-5.312292714742025256e-04
-4.952837159998120737e-04
-4.577802938446492130e-04
-4.205422086528334954e-04
-3.846822425024845789e-04
-3.508316232430650286e-04
-3.193165989162782153e-04
-2.902562588676302607e-04
-2.636418825659739762e-04
-2.393899064326089382e-04
-2.173672283267394541e-04
-1.974175379638069079e-04
-1.793780784558373427e-04
-1.630821906116415912e-04
-1.483720826421801764e-04
-1.350963372239315002e-04
-1.231143707434604413e-04
-1.122985964270514927e-04
-1.025309691516098037e-04
-9.370462356993410123e-05
-8.572434167182137741e-05
-7.850290082655171447e-05
-7.196343777714336843e-05
-6.603608624481600614e-05
-6.065840602709277393e-05
-5.577531144688455193e-05
-5.133681910475009614e-05
-4.729831617320944676e-05
-4.362049110226466170e-05
-4.026748253262142321e-05
-3.720787037645532772e-05
-3.441307467054415925e-05
-3.185754037829351392e-05
-2.951872787403156306e-05
-2.737607302292818559e-05
-2.541114815522669141e-05
-2.360767846862458385e-05
-2.195068466758509323e-05
-2.042701297230247153e-05
-1.902458869021742932e-05
-1.773254472555590728e-05
-1.654125881527053187e-05
-1.544186273486449203e-05
-1.442635327453515983e-05
-1.348763299862965962e-05
-1.261913386108249077e-05
-1.181491220315420538e-05
-1.106968930174055595e-05
-1.037852739125032510e-05
-9.737073482413206881e-06
-9.141271521317236254e-06
-8.587434685356546313e-06
-8.072281492844375782e-06
-7.592741751710479906e-06
-7.146017614445544844e-06
-6.729616077522527526e-06
-6.341176788264518678e-06
-5.978615408767134673e-06
-5.639968614990810933e-06
-5.323439999192863127e-06
-5.027426480810309678e-06
-4.750412024386354460e-06
-4.491006307589050404e-06
-4.247967774847636054e-06
-4.020106846325925054e-06
-3.806372559603871998e-06
-3.605764503407550689e-06
-3.417361926720724501e-06
-3.240341932985570464e-06
