4.387248318818921078e+00
2.243436398940938936e+00
1.618770596247962601e-01
-1.648782490779617582e+00
-3.017910757198539962e+00
-3.856050044379624619e+00
-4.197022630347999161e+00
-4.239333814840228420e+00
-4.214155463380298450e+00
-4.125691710574443505e+00
-3.965429536119234655e+00
-3.736608917068695579e+00
-3.450769199191850767e+00
-3.125196246607633288e+00
-2.780462406400261433e+00
-2.437978860549304461e+00
-2.117980653629012444e+00
-1.837823340370587255e+00
-1.610769411355612135e+00
-1.445340572747396468e+00
-1.345021606559639871e+00
-1.308416970382331179e+00
-1.329590980642921139e+00
-1.398541914985649726e+00
-1.501631133880215296e+00
-1.621830971303130031e+00
-1.738775176971657732e+00
-1.834847492409947822e+00
-1.906056901489594724e+00
-1.952409342535108339e+00
-1.975724281430140561e+00
-1.979077938532550984e+00
-1.966171046389858734e+00
-1.940701879698322196e+00
-1.905796935950312410e+00
-1.863515371380489061e+00
-1.814728088378932958e+00
-1.760431070823329058e+00
-1.701753152373270073e+00
-1.639700357242981354e+00
-1.575167494824810666e+00
-1.508926817340072501e+00
-1.441648142090958595e+00
-1.373891948121119588e+00
-1.306131247257900085e+00
-1.238755855202942069e+00
-1.172076262082611064e+00
-1.106346550213031188e+00
-1.041758711069526111e+00
-9.784656638534656725e-01
-9.165750013338593849e-01
-8.561702685598813201e-01
-7.973034837460445390e-01
-7.400146675858546574e-01
-6.843234187902479393e-01
-6.302464653784409787e-01
-5.777896733374709992e-01
-5.269607447078923368e-01
-4.777708585198563451e-01
-4.302293439553089849e-01
-3.843592434198379038e-01
-3.401710446761017637e-01
-2.969058303379015218e-01
-2.594250039866082824e-01
-2.245440828337034733e-01
-1.771055567636170835e-01
-1.218761019812302504e-01
-7.452685062836428287e-02
-4.036919570304970534e-02
-1.861792548646650988e-02
-6.576261970631549006e-03
-1.314436975982055797e-03
-2.957939615306349782e-05
0.000000000000000000e+00
0.000000000000000000e+00
0.000000000000000000e+00
0.000000000000000000e+00
0.000000000000000000e+00
0.000000000000000000e+00
0.000000000000000000e+00
0.000000000000000000e+00
0.000000000000000000e+00
0.000000000000000000e+00
0.000000000000000000e+00
0.000000000000000000e+00
0.000000000000000000e+00
0.000000000000000000e+00
0.000000000000000000e+00
0.000000000000000000e+00
0.000000000000000000e+00
0.000000000000000000e+00
0.000000000000000000e+00
0.000000000000000000e+00
0.000000000000000000e+00
0.000000000000000000e+00
0.000000000000000000e+00
0.000000000000000000e+00
0.000000000000000000e+00
0.000000000000000000e+00
0.000000000000000000e+00
