2.705314845072313901e+01
2.336883257013126070e+01
2.030562283376639954e+01
1.773751501992283153e+01
1.555938279931372215e+01
1.367629380300703978e+01
1.202279995781447397e+01
1.055615894691874068e+01
9.248508474059761397e+00
8.080980154278321947e+00
7.040210707482650321e+00
6.115962385766311016e+00
5.299189771166249230e+00
4.581483972502718771e+00
3.954336244691950775e+00
3.408983236767201053e+00
2.935935631732215167e+00
2.526159937915268383e+00
2.171634467970172011e+00
1.865303689325016334e+00
1.600879279998847604e+00
1.372881116792866951e+00
1.176464615742212061e+00
1.007394555562787453e+00
8.619960532986232771e-01
7.370437027640222016e-01
6.297350131549023233e-01
5.376510948620205621e-01
4.586763371564602232e-01
3.909944728555310722e-01
3.330238487905117784e-01
2.833993601466160417e-01
2.409495417223626035e-01
2.046574298457549124e-01
1.736476390882311371e-01
1.471706938063070402e-01
1.245765028889857379e-01
1.053105735321511888e-01
8.889333496088978881e-02
7.491330448979897916e-02
6.301916468946312799e-02
5.290759342878321309e-02
4.431872389903083326e-02
3.703097460960384085e-02
3.085305436806253312e-02
2.562237151208446653e-02
2.119890501511142306e-02
1.746296057768530197e-02
1.431267417665679949e-02
1.166045644202072344e-02
9.431533431221821029e-03
7.562343141949563231e-03
5.998251712661901297e-03
4.692956375386173398e-03
3.606758485498854933e-03
2.705854182071416696e-03
1.961571040879451795e-03
1.349379277584167617e-03
8.484312862405845885e-04
4.410729114963775972e-04
1.122266688775800384e-04
-1.508359093756766372e-04
-3.589515036795397937e-04
-5.212905532148742922e-04
-6.455902926198623997e-04
-7.384110856912662725e-04
-8.052843518895746316e-04
-8.508624898790450707e-04
-8.790696533358738005e-04
-8.931943596801651414e-04
-8.959964416352537899e-04
-8.897814393513106199e-04
-8.764731487214190864e-04
-8.576705436015741747e-04
-8.346976191207104495e-04
-8.086506905423291062e-04
-7.804278776170446704e-04
-7.507628656898911700e-04
-7.202559825791410384e-04
-6.893850571349998974e-04
-6.568511874606313989e-04
-6.174676282366735281e-04
-5.680098515398787195e-04
-5.078981285522721342e-04
-4.386448211613203888e-04
-3.633216241117628127e-04
-2.860343918950915255e-04
-2.113587707417400479e-04
-1.438306066526736087e-04
-8.738084711454914154e-05
-4.480929763759624126e-05
-1.724879281155416728e-05
-3.613042272771901120e-06
-6.656083826216138652e-08
0.000000000000000000e+00
0.000000000000000000e+00
0.000000000000000000e+00
0.000000000000000000e+00
0.000000000000000000e+00
0.000000000000000000e+00
