9.095179629232724255e+04
8.537855122338654473e+04
7.880714534240958164e+04
7.263284000694658607e+04
6.696009785232644936e+04
6.166576264088100288e+04
5.675252021821293602e+04
5.218545593098305108e+04
4.794306913662899751e+04
4.400601131237823574e+04
4.035208114483612007e+04
3.696248793812509393e+04
3.382403964635576267e+04
3.092058216610688760e+04
2.823017216495593675e+04
2.574424806660795002e+04
2.344768504123868115e+04
2.132602568442908523e+04
1.937118503720380613e+04
1.756989395265689745e+04
1.591204797132726890e+04
1.438848210801146888e+04
1.298924618274514796e+04
1.170568208035173120e+04
1.053054379311582670e+04
9.455109536887192007e+03
8.472714551875746110e+03
7.576809083727086545e+03
6.760813017361743732e+03
6.018861911261673413e+03
5.345014546812913977e+03
4.734571403925871891e+03
4.182347805938556121e+03
3.683902258870980404e+03
3.234968066909104436e+03
2.831521862626830625e+03
2.469949830321641002e+03
2.146763017070968999e+03
1.858763642478157863e+03
1.602992246109377675e+03
1.376590511086753850e+03
1.176965162330048770e+03
1.001649291567244745e+03
8.483174056884230367e+02
7.148040624384494777e+02
5.990771002426980658e+02
4.992387975785989056e+02
4.135323869225684916e+02
3.403151843971276662e+02
2.780812728780771295e+02
2.254529908715235820e+02
1.811806266082748778e+02
1.441396828742168736e+02
1.133245330152297186e+02
8.784160763607530953e+01
6.690987317313229710e+01
4.984484066376934663e+01
3.605526252254603037e+01
2.502700799243672236e+01
1.632025733435232695e+01
9.556226606007065527e+00
4.409310937255295215e+00
5.993454742988255646e-01
-2.115675269144073667e+00
-3.945875934086963355e+00
-5.075508550918121031e+00
-5.667377500575017990e+00
-5.866705623945864367e+00
-5.803200825140112151e+00
-5.505184690122248981e+00
-4.793671118756000382e+00
-4.340096360658042940e+00
-4.101993182460565990e+00
-3.973358225554519230e+00
-3.858113824796101099e+00
-3.658531406228774596e+00
-3.356779462408086889e+00
-2.969427879523093061e+00
-2.515930874140364093e+00
-2.018752293990209612e+00
-1.506852183417395796e+00
-9.448953253420482312e-01
-6.794607625187486510e-01
-6.128929462038663623e-01
-5.035046912700211763e-01
-3.809661817211014156e-01
-2.709212652955703682e-01
-1.306947289280232793e-01
-1.144123034866903303e-02
0.000000000000000000e+00
0.000000000000000000e+00
0.000000000000000000e+00
0.000000000000000000e+00
0.000000000000000000e+00
0.000000000000000000e+00
0.000000000000000000e+00
0.000000000000000000e+00
0.000000000000000000e+00
0.000000000000000000e+00
0.000000000000000000e+00
