1.939497097952875774e+05
1.781220250863869151e+05
1.599613895843155915e+05
1.390917862447888474e+05
1.151830032624024898e+05
8.772233395631765597e+04
5.629082664649662911e+04
2.026104994319225079e+04
-2.101126480001522577e+04
-6.823851026733286562e+04
-1.222748076859782159e+05
-1.840643345716587501e+05
-2.545619560946763668e+05
-3.348786153456265456e+05
-4.264838306616385235e+05
-5.306021632201778702e+05
-6.488070971443983726e+05
-7.828667597600695444e+05
-9.342867990099730669e+05
-1.105014803150592372e+06
-1.296864570970900124e+06
-1.511529273149002343e+06
-1.750731273551409598e+06
-2.015828563486057101e+06
-2.307454241850358434e+06
-2.625945494942377321e+06
-2.970148743568695616e+06
-3.337376885258452967e+06
-3.722979175455380697e+06
-4.119338978820775170e+06
-4.515407206189842895e+06
-4.894949107373962179e+06
-5.236482212426427752e+06
-5.511526748594161123e+06
-5.684201099276646972e+06
-5.711079320657519624e+06
-5.542565435257622972e+06
-5.127002127603691071e+06
-4.419532026105714962e+06
-3.399294393768948037e+06
-2.099509275413527153e+06
-6.609870153726605931e+05
5.925812388099811506e+05
1.357174532951470464e+06
1.536094488338567317e+06
1.133021899685300188e+06
3.463196839484054362e+05
-2.887014942017644644e+05
-3.911227563445526175e+05
-1.095315107929885708e+05
1.063968605025896832e+05
4.920342523895833438e+04
-2.885304965089610050e+04
3.982608658010565819e+02
4.532912621787706485e+03
-1.271381949193146056e+03
7.853492883519838870e+02
1.867870606112831524e+02
2.161384149541363797e+02
1.796078377385233296e+02
1.426780599163353145e+02
1.139629923525511970e+02
9.051809530567835793e+01
7.138680975820976471e+01
5.586894903173980254e+01
4.336868442837736382e+01
3.337612647311513570e+01
2.545304304663043027e+01
1.922184650770135761e+01
1.444904684324211530e+01
1.082939983672004836e+01
8.071118548367881118e+00
5.910765711927414401e+00
4.158109062897244357e+00
2.733388925037586681e+00
1.671147606295078081e+00
1.041706147841203300e+00
7.238083779977428911e-01
4.945192811304928715e-01
3.262423250005810904e-01
1.917261164693427056e-01
6.465080359349177630e-02
5.271941704078670840e-03
0.000000000000000000e+00
0.000000000000000000e+00
0.000000000000000000e+00
0.000000000000000000e+00
0.000000000000000000e+00
0.000000000000000000e+00
0.000000000000000000e+00
0.000000000000000000e+00
0.000000000000000000e+00
0.000000000000000000e+00
0.000000000000000000e+00
0.000000000000000000e+00
0.000000000000000000e+00
0.000000000000000000e+00
0.000000000000000000e+00
0.000000000000000000e+00
0.000000000000000000e+00
