6.731859250248755328e+06
6.319439141897256486e+06
5.833155135337279178e+06
5.376256571082307026e+06
4.956473684242649004e+06
4.564692913414361887e+06
4.201113011172667146e+06
3.863150293370272964e+06
3.549213712511863559e+06
3.257871478071790189e+06
2.987480692901355214e+06
2.736650845644378569e+06
2.504405724858699832e+06
2.289549926889973693e+06
2.090459645270672627e+06
1.906501323159760563e+06
1.736555723075553775e+06
1.579552996899525402e+06
1.434894857240489684e+06
1.301599386837865924e+06
1.178918855072707171e+06
1.066175052137541119e+06
9.626316636641904479e+05
8.676479877170958789e+05
7.806878178129291628e+05
7.011057396805757890e+05
6.284085581030648900e+05
5.621115876005210448e+05
5.017278950318429852e+05
4.468235060402115923e+05
3.969587633268586942e+05
3.517858937183851958e+05
3.109212203775790404e+05
2.740360596036654897e+05
2.408146598275609140e+05
2.109592722031506710e+05
1.842024505779368628e+05
1.602859834661088826e+05
1.389732001477112353e+05
1.200450585599887854e+05
1.032899923822475830e+05
8.851603872940326983e+04
7.554057397971651517e+04
6.419142526710712264e+04
5.430824764385798335e+04
4.574054041503628105e+04
3.834773031289196661e+04
3.199965143040859039e+04
2.657455252737366027e+04
2.196077389116052291e+04
1.805611459912025748e+04
1.476780814756239852e+04
1.201231939811660413e+04
9.714875020564468286e+03
7.808959716436701456e+03
6.236362101528110543e+03
4.945995559566292286e+03
3.893676276450061778e+03
3.040939187477047653e+03
2.354875064488358021e+03
1.807180550544363768e+03
1.373629413113919554e+03
1.033565180367253561e+03
7.694374317325564334e+02
5.664259331895469813e+02
4.120678000691879106e+02
2.960045565586077032e+02
2.097069745278014068e+02
1.462549636832205522e+02
1.001089443226578624e+02
6.690460343821861500e+01
4.326539536077802950e+01
2.661855492457051753e+01
1.503629574075291053e+01
7.095339436998701288e+00
1.758893374693368372e+00
-1.719623253479309888e+00
-3.872644654428904154e+00
-5.077465706488934138e+00
-5.602139060821826888e+00
-5.642806123288099940e+00
-5.350599297203046056e+00
-4.838475738989938435e+00
-4.163984057736112909e+00
-3.331759438353267377e+00
-2.457666282536158597e+00
-1.567073025631181338e+00
-5.204313742678488008e-01
-5.349287571926606281e-06
0.000000000000000000e+00
0.000000000000000000e+00
0.000000000000000000e+00
0.000000000000000000e+00
0.000000000000000000e+00
0.000000000000000000e+00
0.000000000000000000e+00
0.000000000000000000e+00
0.000000000000000000e+00
0.000000000000000000e+00
0.000000000000000000e+00
