1.234691752904746409e+03
1.159636195991381555e+03
1.071138188992680170e+03
9.879881874799100387e+02
9.115930344917812818e+02
8.402941675840830840e+02
7.741277734449915897e+02
7.126236714966871659e+02
6.554923340247605665e+02
6.024732193216419773e+02
5.532673752622702068e+02
5.076217861215573635e+02
4.653588393394950344e+02
4.262610408989357325e+02
3.900329544392582193e+02
3.565593520455780663e+02
3.256366422032736523e+02
2.970702408391495624e+02
2.707513828468544830e+02
2.465015233640921508e+02
2.241847514205266236e+02
2.036778262510232196e+02
1.848469652753355774e+02
1.675758066755954587e+02
1.517670137623429412e+02
1.373034195699981410e+02
1.240955483971086721e+02
1.120554734501445893e+02
1.010948522595367081e+02
9.113492933296831211e+01
8.209586028461284002e+01
7.391435260771177695e+01
6.652043342831873929e+01
5.985383872830182383e+01
5.385628392426301758e+01
4.847225062538055340e+01
4.365103760857208215e+01
3.934276885974954041e+01
3.550040122814851173e+01
3.207881104509729653e+01
2.903278860967554209e+01
2.631916290229172262e+01
2.389510090568155221e+01
2.171884984400169571e+01
1.975125099974022191e+01
1.795779339782946238e+01
1.631294559182683912e+01
1.480760752945418091e+01
1.346066541948529682e+01
1.233742167627863928e+01
1.146874227491039377e+01
1.073503817451000764e+01
9.991891758377008159e+00
9.097358351737371507e+00
7.928791372958957417e+00
6.405358008463065467e+00
4.514066552825936718e+00
2.336854455746738335e+00
6.828020355258601626e-02
-1.988898812006454353e+00
-3.482115632849468234e+00
-4.167533985564492838e+00
-4.239628226975284520e+00
-4.150101982907843379e+00
-3.868744688519634156e+00
-3.376283754137565207e+00
-2.730241695485694287e+00
-2.061457759325691974e+00
-1.540206249150606777e+00
-1.312426346711469627e+00
-1.422165546482568876e+00
-1.734040886540677118e+00
-1.947142632915534577e+00
-1.966925054580615617e+00
-1.849852247823038143e+00
-1.648197258580168745e+00
-1.394487537970411362e+00
-1.119159144581593157e+00
-8.437928448345981547e-01
-5.813766488712673874e-01
-3.404094921369625326e-01
-1.008337435508700058e-01
-1.481610785879132299e-06
0.000000000000000000e+00
0.000000000000000000e+00
0.000000000000000000e+00
0.000000000000000000e+00
0.000000000000000000e+00
0.000000000000000000e+00
0.000000000000000000e+00
0.000000000000000000e+00
0.000000000000000000e+00
0.000000000000000000e+00
0.000000000000000000e+00
0.000000000000000000e+00
0.000000000000000000e+00
0.000000000000000000e+00
0.000000000000000000e+00
0.000000000000000000e+00
0.000000000000000000e+00
