7.448656909777939674e+22
3.226039474586998381e+22
1.397501711715547480e+22
6.046492539564236734e+21
2.619021025880084316e+21
1.132952956115824280e+21
4.907200735325535601e+20
2.124602572439160095e+20
9.196484875768481382e+19
3.981398056309890253e+19
1.723072116878420787e+19
7.453730935050692608e+18
3.226344723569092096e+18
1.397662926776013056e+18
6.047751829628346880e+17
2.618343637835647360e+17
1.133642137045638720e+17
4.904598744005165600e+16
2.123440785700986000e+16
9.191873960866144000e+15
3.978681843259163000e+15
1.722610850668707250e+15
7.457113121107312500e+14
3.227490009125715625e+14
1.397429142024502500e+14
6.048314096984657812e+13
2.617784559094811719e+13
1.133226057660724414e+13
4.905671275433128906e+12
2.123849182778207275e+12
9.191748330865181885e+11
3.979217588209270020e+11
1.722469289533019409e+11
7.456400143803256226e+10
3.227915098417179871e+10
1.397248524473929596e+10
6.048527842821928978e+09
2.618195084150763988e+09
1.133283614646468639e+09
4.905848013250218034e+08
2.123511913511303961e+08
9.192063966357958317e+07
3.979159809200194478e+07
1.722517259540586546e+07
7.456474896712927148e+06
3.227708979390523862e+06
1.397136367131647654e+06
6.047846574256995227e+05
2.617903514285104757e+05
1.133169695558567764e+05
4.904766082178421493e+04
2.122857211087141332e+04
9.187714865162490241e+03
3.976226084327550325e+03
1.720508076425913941e+03
7.443154597607704090e+02
3.218880523930835693e+02
1.391458208041328248e+02
6.010242193581807157e+01
2.593146478592142046e+01
1.116912370069512228e+01
4.798011100513337901e+00
2.052687389038997168e+00
8.725797866653659529e-01
3.672187486422853198e-01
1.520502405623913866e-01
6.127333563047444864e-02
2.353232170757189878e-02
8.218557084718773262e-03
2.262888597567425889e-03
1.276489169924977039e-04
-5.052316601149338263e-04
-5.874663085777650411e-04
-4.969219355065632691e-04
-3.747344191376756782e-04
-2.672387087027163497e-04
-1.847809676160216529e-04
-1.254503145446746084e-04
-8.421587033823447154e-05
-5.613476177277230495e-05
-3.724741606232910470e-05
-2.464245379072835457e-05
-1.627201101636926355e-05
-1.073138615028859029e-05
-7.071590156424771411e-06
-4.657402826089223442e-06
-3.066331435441627282e-06
-2.018339255800859067e-06
-1.328317255531163635e-06
-8.741125291978916182e-07
-5.751801490700787454e-07
-3.784614303818888423e-07
-2.490160633989443139e-07
-1.638419755787226956e-07
-1.077995905084169095e-07
-7.092604055298205376e-08
0.000000000000000000e+00
0.000000000000000000e+00
0.000000000000000000e+00
0.000000000000000000e+00
