-4.016067012668025680e+06
-4.588516637787711807e+06
-5.232699426388315856e+06
-5.956340464206375182e+06
-6.763583616984528489e+06
-7.662178930931613781e+06
-8.653412398611964658e+06
-9.740978610333753750e+06
-1.092335581006623060e+07
-1.219394232778973877e+07
-1.354096696282391436e+07
-1.494338198873015307e+07
-1.636648630168851465e+07
-1.776222595136947557e+07
-1.906757600368965045e+07
-2.019109461427240819e+07
-2.101915461731908843e+07
-2.140966420503741503e+07
-2.119328514581895992e+07
-2.018380947450971231e+07
-1.819722830647477508e+07
-1.509599283621923625e+07
-1.086392221293107234e+07
-5.747991681454490870e+06
-4.995872278174114763e+05
3.520415305451138876e+06
5.552145745215991512e+06
5.366325006903027184e+06
3.191639405749636237e+06
1.838259339010305994e+05
-1.444795983479128918e+06
-1.169398286662784871e+06
2.474364243045935291e+04
3.996483586021180963e+05
1.426459691862415639e+04
-9.158914731153989851e+04
2.743905286776941284e+04
-1.805086048301465325e+03
-3.748309167745553623e+02
2.312400865286136877e+02
3.153755641008220891e+02
1.414161951113643170e+02
1.559476127584853202e+02
1.416673564197031965e+02
1.267518041434017846e+02
1.132020629132065181e+02
1.008723357885289147e+02
8.967373289039599626e+01
7.952046792266087039e+01
7.033207072970901663e+01
6.203338214625801328e+01
5.455439003005781728e+01
4.782999504343253250e+01
4.179930124716485551e+01
3.640494378304118328e+01
3.159431386998863189e+01
2.731767630369086319e+01
2.352921744102878066e+01
2.018505954727666918e+01
1.724448691986393456e+01
1.464742808279982356e+01
1.231808536968530987e+01
1.020952579621118517e+01
8.303296755222122627e+00
6.602427796811168648e+00
5.120833030605084879e+00
3.871633634843255845e+00
2.854748840063066950e+00
2.050263924719482933e+00
1.431343424238005646e+00
9.690836724935631974e-01
6.345799253291386499e-01
4.005618261823838400e-01
2.426885083397755938e-01
1.403093421283757025e-01
7.674542268408049428e-02
3.916506212267695936e-02
1.817149074408395959e-02
7.225362504452176142e-03
2.013876779620739008e-03
-1.476676282450335048e-04
-8.265840951672374795e-04
-8.724493028252795768e-04
-7.054544106830634015e-04
-3.499140564861583048e-04
-1.509268208941318910e-06
0.000000000000000000e+00
0.000000000000000000e+00
0.000000000000000000e+00
0.000000000000000000e+00
0.000000000000000000e+00
0.000000000000000000e+00
0.000000000000000000e+00
0.000000000000000000e+00
0.000000000000000000e+00
0.000000000000000000e+00
0.000000000000000000e+00
0.000000000000000000e+00
0.000000000000000000e+00
0.000000000000000000e+00
