9.879802628349285243e+00
9.879802628349285243e+00
9.879802628349285243e+00
9.879802628349285243e+00
9.879802628349285243e+00
9.879802628349285243e+00
9.879802628349285243e+00
9.879802628349285243e+00
9.812805700094873629e+00
9.812805700094873629e+00
9.812805700094873629e+00
9.812805700094873629e+00
9.812805700094873629e+00
9.812805700094873629e+00
9.812805700094873629e+00
9.812805700094873629e+00
9.812805700094873629e+00
9.754763609110350231e+00
9.754763609110350231e+00
9.754763609110350231e+00
9.754763609110350231e+00
9.754763609110350231e+00
9.754763609110350231e+00
9.754763609110350231e+00
9.703560937271872078e+00
9.703560937271872078e+00
9.703560937271872078e+00
9.703560937271872078e+00
9.703560937271872078e+00
9.703560937271872078e+00
9.703560937271872078e+00
9.657753291934623618e+00
9.657753291934623618e+00
9.657753291934623618e+00
9.657753291934623618e+00
9.657753291934623618e+00
9.657753291934623618e+00
9.657753291934623618e+00
9.616310446613129059e+00
9.616310446613129059e+00
9.616310446613129059e+00
9.616310446613129059e+00
9.616310446613129059e+00
9.578471720172544224e+00
9.578471720172544224e+00
9.578471720172544224e+00
9.578471720172544224e+00
9.578471720172544224e+00
9.543659442973011053e+00
9.543659442973011053e+00
9.543659442973011053e+00
9.543659442973011053e+00
9.543659442973011053e+00
9.511424583270933653e+00
9.511424583270933653e+00
9.511424583270933653e+00
9.511424583270933653e+00
9.511424583270933653e+00
9.481411178171239129e+00
9.481411178171239129e+00
9.481411178171239129e+00
9.481411178171239129e+00
9.453332267455945015e+00
9.453332267455945015e+00
9.453332267455945015e+00
9.453332267455945015e+00
9.426953136224527796e+00
9.426953136224527796e+00
9.426953136224527796e+00
9.402079354595185734e+00
9.402079354595185734e+00
9.402079354595185734e+00
9.402079354595185734e+00
9.378548055444889897e+00
9.378548055444889897e+00
9.378548055444889897e+00
9.356221452035279995e+00
9.356221452035279995e+00
9.356221452035279995e+00
9.334981938867974449e+00
9.334981938867974449e+00
9.334981938867974449e+00
9.314728333282186412e+00
9.314728333282186412e+00
9.314728333282186412e+00
9.295372953187943210e+00
9.295372953187943210e+00
9.295372953187943210e+00
9.276839317192493439e+00
9.276839317192493439e+00
9.259060314526818658e+00
9.259060314526818658e+00
9.259060314526818658e+00
9.241976734117764991e+00
9.241976734117764991e+00
9.225536071413063866e+00
9.225536071413063866e+00
9.209691552305820039e+00
9.209691552305820039e+00
9.194401328416361707e+00
9.194401328416361707e+00
9.194401328416361707e+00
9.179627808852997006e+00
9.179627808852997006e+00
9.165337101584567492e+00
9.165337101584567492e+00
9.151498543532722962e+00
9.151498543532722962e+00
9.138084302994911923e+00
9.125069041435867945e+00
9.125069041435867945e+00
9.112429624317094579e+00
9.112429624317094579e+00
9.100144872672025542e+00
9.100144872672025542e+00
9.088195348725724543e+00
9.076563170109549716e+00
9.076563170109549716e+00
9.065231848212507160e+00
9.065231848212507160e+00
9.054186147001463070e+00
9.043411959276649981e+00
9.043411959276649981e+00
9.032896197840756258e+00
9.022626699475418732e+00
9.022626699475418732e+00
9.012592139958011117e+00
9.002781958629661574e+00
8.993186291254616549e+00
8.993186291254616549e+00
8.983795910100802473e+00
8.974602170329173845e+00
8.965596961911163731e+00
8.965596961911163731e+00
8.956772666404015482e+00
8.948122118006660131e+00
8.939638568397329621e+00
8.931315654920604530e+00
8.923147371748186174e+00
8.923147371748186174e+00
8.915128043685930592e+00
8.907252302341014172e+00
8.899515064398547892e+00
8.891911511787471412e+00
8.884437073541940677e+00
8.877087409187183198e+00
8.869858393498629923e+00
8.862746102500299372e+00
8.855746800583474965e+00
8.848856928639778019e+00
8.842073093114281690e+00
8.835392055894363494e+00
8.828810724958881195e+00
8.822326145720083446e+00
8.815935492997571288e+00
8.809636063569728393e+00
8.797300630468008364e+00
8.791259770242467297e+00
8.785300408631266933e+00
8.779420357504289285e+00
8.773617515682124335e+00
8.762235463000850544e+00
8.756652445059881273e+00
8.751139014545563199e+00
8.745693442372987292e+00
8.734999271879665628e+00
8.729747521481330708e+00
8.724557319638341468e+00
8.714355851913703432e+00
8.709341853749918982e+00
8.699480842745876075e+00
8.694631364778951266e+00
8.685088601914110029e+00
8.680393085318996782e+00
8.671148466307453617e+00
8.666597337055947037e+00
8.657632604190713010e+00
8.653217154276653389e+00
8.644515676995942144e+00
8.635981181937808060e+00
8.631774550151940062e+00
8.623478710992804608e+00
8.615334608165873931e+00
8.607336722710588361e+00
8.603390968255135718e+00
8.595602701904073939e+00
8.587948104265889171e+00
8.580422604365869788e+00
8.573021861720372172e+00
8.565741751095947265e+00
8.558578348507726474e+00
8.551527918338102552e+00
8.544586901469795492e+00
8.537751904338978903e+00
8.531019688824112990e+00
8.524387162895138204e+00
8.517851371955380557e+00
8.508222917089602433e+00
8.501916868298614816e+00
8.495698184899259431e+00
8.489564439329503998e+00
8.480518013303361968e+00
8.474586633272707559e+00
8.465833665241600414e+00
8.460091505884998142e+00
8.451613237332724182e+00
8.446048393929331155e+00
8.437827808818120445e+00
8.429754311615637263e+00
8.424451080977771511e+00
8.416611154995983668e+00
8.408904869494261192e+00
8.401327653473217083e+00
8.396345728915292739e+00
8.388974090006621864e+00
8.381720417261716349e+00
8.374580913615693234e+00
8.367551962352951733e+00
8.358346061927582227e+00
8.351561931795989935e+00
8.344877462794372036e+00
8.338289700301118046e+00
8.331795819101934342e+00
8.323278692806750811e+00
8.316993553196152078e+00
8.308745658503847054e+00
8.302655938281345627e+00
8.294660361179463592e+00
8.286801973737878413e+00
8.280995344311362416e+00
8.273365744376418363e+00
8.265860833010496123e+00
8.258476484905949988e+00
8.251208776003617018e+00
8.244053970611476601e+00
8.237008509537728784e+00
8.230068999143913544e+00
8.223232201233756200e+00
8.214825945850437350e+00
8.208209154118277340e+00
8.201685515847760399e+00
8.193657902407792903e+00
8.185766696456049374e+00
8.179548766848526498e+00
8.171891368782809195e+00
8.164357764433901821e+00
8.156943869742702802e+00
8.149645799236088450e+00
8.142459853356541544e+00
8.135382506786449142e+00
8.128410397674800336e+00
8.121540317683873411e+00
8.113426595627604598e+00
8.106770384925141570e+00
8.098905048497792691e+00
8.092449261478881439e+00
8.084816935182747244e+00
8.077305726014513354e+00
8.069911677084382617e+00
8.062631021942934240e+00
8.055460172551976328e+00
8.048395708190428266e+00
8.040283946196229437e+00
8.033438983022321622e+00
8.025575014369728422e+00
8.018935669226955554e+00
8.011304063260546116e+00
8.003791679948491833e+00
7.996394649921158226e+00
7.989109288685253496e+00
7.981932085028937252e+00
7.974859690321898675e+00
7.966901197905270848e+00
7.960042815731591226e+00
7.952321118376688425e+00
7.944719690607882967e+00
7.937234607715502932e+00
7.929862133355054077e+00
7.922598707680290175e+00
7.915440936396315408e+00
7.907510706706852410e+00
7.899705709379118979e+00
7.892869689259457644e+00
7.885290022133604637e+00
7.877824079071656271e+00
7.870468242318070295e+00
7.862420038298177261e+00
7.855285515708491317e+00
7.847475288532435478e+00
7.839784296305905897e+00
7.832208652224444734e+00
7.824744655394093584e+00
7.817388779155663769e+00
7.810137660311410990e+00
7.802278597960891737e+00
7.794538340356305106e+00
7.786913014087835094e+00
7.779398930771913356e+00
7.771992575444083506e+00
7.764031843448059966e+00
7.756840084366073640e+00
7.749106024437519835e+00
7.741484647195033375e+00
7.733351154261540294e+00
7.725953194525335022e+00
7.718053899156661402e+00
7.710270533565134699e+00
7.702599344554642791e+00
7.695036756291515623e+00
7.687009976116732979e+00
7.679662227961960852e+00
7.671859449409015319e+00
7.664167335099572043e+00
7.656044597069135982e+00
7.648570717805995400e+00
7.640674292253322619e+00
7.632889351814081458e+00
7.624704283318849640e+00
7.617138635229287580e+00
7.609179931494928439e+00
7.600845623480173785e+00
7.593112469284259980e+00
7.585009954527731857e+00
7.577021057624917511e+00
7.569142087390024365e+00
7.561369525770143873e+00
7.553252009655661681e+00
7.545246231529135983e+00
7.537348573812110430e+00
7.529125645893262941e+00
7.521015478363459295e+00
7.513014389261196690e+00
7.504706175380407629e+00
7.496511036429776453e+00
7.488425257856259343e+00
7.480049017824939916e+00
7.471785540853128182e+00
7.463631107857184865e+00
7.455582173951753155e+00
7.447259429440014955e+00
7.438674189675881010e+00
7.430569331771066821e+00
7.422204343876487087e+00
7.413589756825999189e+00
7.405439832227798114e+00
7.396694638902425289e+00
7.388406725911051076e+00
7.379881678189822658e+00
7.371463380408115107e+00
7.362817795932866005e+00
7.354280064836043351e+00
7.345524245457836443e+00
7.336876987362899172e+00
7.328020200338245971e+00
7.319582901372661432e+00
7.310629592273216737e+00
7.301785296428235483e+00
7.293046251665422197e+00
7.284112800254144204e+00
7.275284355640003753e+00
7.266268107401131715e+00
7.257356320942542460e+00
7.248262782398747994e+00
7.239272879880656930e+00
7.230106743601961483e+00
7.221043155843808847e+00
7.211808337835207361e+00
7.202407596319194916e+00
7.193110170690445671e+00
7.183912297733725083e+00
7.174293100140396895e+00
7.165032954958416411e+00
7.155360392860651508e+00
7.145788690113618280e+00
7.136314020414022963e+00
7.126687078877921522e+00
7.116911503665813932e+00
7.106990709078235824e+00
7.097166328485251086e+00
7.087198287434808286e+00
7.077323445677603075e+00
7.067306098035323281e+00
7.057148763588348750e+00
7.046853734598403918e+00
7.036648854444007561e+00
7.026306301590865111e+00
7.015827812386376650e+00
7.005214890661415339e+00
6.994687252145749490e+00
6.984024073705578317e+00
6.973226296102346566e+00
6.962294619418348596e+00
6.951441546293162688e+00
6.940241712451293843e+00
6.929117829641814552e+00
6.917857712172540197e+00
6.906460962224298505e+00
6.894926915526506050e+00
6.883254634110537395e+00
6.871442898343143035e+00
6.859692286526222205e+00
6.847595847329811747e+00
6.835354580647922340e+00
6.823165459767610130e+00
6.810626121291362800e+00
6.798131671986138436e+00
6.785282031010165582e+00
6.772271993804040768e+00
6.759097277838328033e+00
6.745949240108838119e+00
6.732430310156659381e+00
6.718731271919612169e+00
6.704650437047901868e+00
6.690572153667377009e+00
6.676097842469411070e+00
6.661610683254878928e+00
6.646710276805759321e+00
6.631582583933620434e+00
6.616019768244465027e+00
6.600206234731222033e+00
6.584129137197406223e+00
6.567774516140483243e+00
6.550925991056757880e+00
6.533765429423445070e+00
6.516274213502372348e+00
6.498225983480635293e+00
6.479800388819050738e+00
6.460761852921149462e+00
6.441287864641985550e+00
6.421132146971822330e+00
6.400477969436988879e+00
6.379076840766555456e+00
6.357116163422846356e+00
6.334335957707998510e+00
6.310691678217436262e+00
6.286373228530214519e+00
6.261099073883650057e+00
6.235061003580311123e+00
6.207706429237481949e+00
6.179470718817862362e+00
6.150033062116749605e+00
6.119586648091233982e+00
6.087505282403485651e+00
6.054246406119152546e+00
6.019134724765515365e+00
5.982637690733130675e+00
5.944336352656269362e+00
5.903756854099175833e+00
5.861378121303562949e+00
5.816697917476325586e+00
5.769137859793502798e+00
5.719176795351696541e+00
5.665783661098696911e+00
5.609000985081904034e+00
5.548449749427723177e+00
5.483215531462281689e+00
5.413181848657445450e+00
5.337703005746910812e+00
5.255994691011006914e+00
5.165868401479989380e+00
5.067795829453883627e+00
4.958912996286066743e+00
4.836944490867376878e+00
4.699706128854151288e+00
4.542228278027801380e+00
4.359492376294384464e+00
4.141198015838967628e+00
3.871727476930275635e+00
3.522182569155840159e+00
3.029106111795299761e+00
2.206039803139498545e+00
-8.817631347229688554e-01
-inf
-inf
-inf
-inf
-inf
-inf
-inf
-inf
-inf
-inf
-inf
-inf
-inf
-inf
-inf
-inf
-inf
-inf
-inf
-inf
-inf
-inf
-inf
-inf
-inf
-inf
-inf
-inf
-inf
-inf
-inf
-inf
-inf
-inf
-inf
-inf
-inf
-inf
-inf
-inf
-inf
-inf
-inf
-inf
-inf
-inf
-inf
-inf
-inf
-inf
-inf
-inf
-inf
-inf
-inf
-inf
-inf
-inf
-inf
-inf
-inf
-inf
-inf
-inf
-inf
-inf
-inf
-inf
-inf
-inf
-inf
-inf
-inf
-inf
-inf
-inf
-inf
-inf
-inf
-inf
-inf
-inf
-inf
-inf
-inf
-inf
-inf
-inf
-inf
-inf
-inf
-inf
-inf
-inf
-inf
-inf
-inf
-inf
-inf
-inf
-inf
-inf
-inf
-inf
-inf
-inf
-inf
-inf
-inf
-inf
-inf
-inf
-inf
-inf
-inf
-inf
-inf
-inf
-inf
-inf
-inf
-inf
-inf
-inf
-inf
-inf
-inf
-inf
-inf
-inf
-inf
-inf
-inf
-inf
-inf
-inf
-inf
-inf
-inf
-inf
-inf
-inf
-inf
-inf
-inf
-inf
-inf
-inf
-inf
-inf
-inf
-inf
-inf
-inf
-inf
-inf
-inf
-inf
-inf
-inf
-inf
-inf
-inf
-inf
-inf
-inf
-inf
-inf
-inf
-inf
-inf
-inf
-inf
-inf
-inf
-inf
-inf
-inf
-inf
-inf
-inf
-inf
-inf
-inf
-inf
-inf
-inf
-inf
-inf
-inf
-inf
-inf
-inf
-inf
-inf
-inf
-inf
-inf
-inf
-inf
-inf
-inf
-inf
-inf
-inf
-inf
-inf
-inf
-inf
-inf
-inf
-inf
-inf
-inf
-inf
-inf
-inf
-inf
-inf
-inf
-inf
-inf
-inf
-inf
-inf
-inf
-inf
-inf
-inf
-inf
-inf
-inf
-inf
-inf
-inf
-inf
-inf
-inf
-inf
-inf
-inf
-inf
-inf
-inf
-inf
-inf
-inf
-inf
-inf
-inf
-inf
-inf
-inf
-inf
-inf
-inf
-inf
-inf
-inf
-inf
-inf
-inf
-inf
-inf
-inf
-inf
-inf
-inf
-inf
-inf
-inf
-inf
-inf
-inf
-inf
-inf
-inf
-inf
-inf
-inf
-inf
-inf
-inf
-inf
-inf
-inf
-inf
-inf
-inf
-inf
-inf
-inf
-inf
-inf
-inf
-inf
-inf
-inf
-inf
-inf
-inf
-inf
-inf
-inf
-inf
-inf
-inf
-inf
-inf
-inf
-inf
-inf
-inf
-inf
-inf
-inf
-inf
-inf
-inf
-inf
-inf
-inf
-inf
-inf
-inf
-inf
-inf
-inf
-inf
-inf
-inf
-inf
-inf
-inf
-inf
-inf
-inf
-inf
-inf
-inf
-inf
-inf
-inf
-inf
-inf
-inf
-inf
-inf
-inf
-inf
-inf
-inf
-inf
-inf
-inf
-inf
-inf
-inf
-inf
-inf
-inf
-inf
-inf
-inf
-inf
-inf
-inf
-inf
-inf
-inf
-inf
-inf
-inf
-inf
-inf
-inf
-inf
-inf
-inf
-inf
-inf
-inf
-inf
-inf
-inf
-inf
-inf
-inf
-inf
-inf
-inf
-inf
-inf
-inf
-inf
-inf
-inf
-inf
-inf
-inf
-inf
-inf
-inf
-inf
-inf
-inf
-inf
-inf
-inf
-inf
-inf
-inf
-inf
-inf
-inf
-inf
-inf
-inf
-inf
-inf
-inf
-inf
-inf
-inf
-inf
-inf
-inf
-inf
-inf
-inf
-inf
-inf
-inf
-inf
-inf
-inf
-inf
-inf
-inf
-inf
-inf
-inf
-inf
-inf
-inf
-inf
-inf
-inf
-inf
-inf
-inf
-inf
-inf
-inf
-inf
-inf
-inf
-inf
-inf
-inf
-inf
-inf
-inf
-inf
-inf
-inf
-inf
-inf
-inf
-inf
-inf
-inf
-inf
-inf
-inf
-inf
-inf
-inf
-inf
-inf
-inf
-inf
-inf
-inf
-inf
-inf
-inf
-inf
-inf
-inf
-inf
-inf
-inf
-inf
-inf
-inf
-inf
-inf
-inf
-inf
-inf
-inf
-inf
-inf
-inf
-inf
-inf
-inf
-inf
-inf
-inf
-inf
-inf
-inf
-inf
-inf
-inf
-inf
-inf
-inf
-inf
-inf
-inf
-inf
-inf
-inf
-inf
-inf
