Loss: 9.089042 TIS: 7.610276 OIS: 7.707581 Interstitial_Binding: -0.136345 0.092475 -0.137952 -0.049108 Vacancy_Binding: 0.105014 0.169361 0.215543 0.228393 0.877269 1.171442 Di-Vacancy_Binding: 0.923780 0.495563 0.232823 Rvol: 0.090499 0.069417 0.163676
Loss: 9.588860 TIS: 7.671415 OIS: 7.769217 Interstitial_Binding: -0.131549 0.102345 -0.127727 -0.033412 Vacancy_Binding: 0.112849 0.181300 0.230335 0.245651 0.896016 1.195897 Di-Vacancy_Binding: 0.941821 0.509408 0.248921 Rvol: 0.092707 0.071974 0.166095
Loss: 331.573922 TIS: 11.291276 OIS: 11.158878 Interstitial_Binding: 1.386257 2.010747 4.271074 3.764944 Vacancy_Binding: 3.786003 2.731393 2.416541 2.437707 4.639403 4.539679 Di-Vacancy_Binding: 4.594092 4.183955 3.838383 Rvol: 0.227482 0.486064 0.163850
Loss: 16.911301 TIS: 8.153876 OIS: 8.485581 Interstitial_Binding: -0.355094 -0.041330 -0.435605 0.141870 Vacancy_Binding: 0.648609 0.083158 0.282305 0.261895 1.001548 1.187786 Di-Vacancy_Binding: 1.462754 1.042447 0.734737 Rvol: 0.031940 0.094621 0.163741
Loss: 8.743111 TIS: 7.645140 OIS: 7.775770 Interstitial_Binding: -0.153889 0.057563 -0.164902 -0.082286 Vacancy_Binding: 0.139877 0.141855 0.213772 0.216497 0.842505 1.205866 Di-Vacancy_Binding: 0.958054 0.530850 0.261025 Rvol: 0.082383 0.069629 0.163683
Loss: 467.343589 TIS: 18.325182 OIS: 18.069903 Interstitial_Binding: 0.169757 0.738294 1.109461 0.989171 Vacancy_Binding: -3.324526 0.930341 0.195834 1.185236 2.291521 2.751461 Di-Vacancy_Binding: -1.201699 -2.212049 0.906480 Rvol: 0.625214 0.466928 0.430404
Loss: 116.323511 TIS: 12.137926 OIS: 12.629309 Interstitial_Binding: -0.288227 -0.045124 1.100023 0.852082 Vacancy_Binding: 2.141727 0.389796 0.131020 -0.292282 1.331205 1.737788 Di-Vacancy_Binding: 2.358072 2.203812 1.830064 Rvol: 0.386086 0.394845 -0.021194
Loss: 20.030656 TIS: 8.594727 OIS: 8.947479 Interstitial_Binding: -0.184117 -0.063772 -0.204190 -0.211427 Vacancy_Binding: 0.653589 0.061411 0.188220 0.130521 0.537732 0.633561 Di-Vacancy_Binding: 1.156535 1.098769 0.570328 Rvol: 0.132608 0.098585 0.164898
Loss: 354.921435 TIS: -4.433587 OIS: -4.517644 Interstitial_Binding: 0.306199 -0.416123 -0.726012 -0.734976 Vacancy_Binding: 0.051643 -0.276723 -0.421875 -0.532256 0.643056 0.147376 Di-Vacancy_Binding: 0.348856 -0.095952 -1.128796 Rvol: -0.399936 -0.326247 0.000582
Loss: 58.652550 TIS: 7.408493 OIS: 7.416701 Interstitial_Binding: 0.722608 0.631203 1.171405 2.341271 Vacancy_Binding: 2.367931 1.235340 1.533703 0.926175 2.882758 2.530578 Di-Vacancy_Binding: 3.051294 2.656380 2.115305 Rvol: 0.045965 0.239287 0.129604
Loss: 8.633067 TIS: 7.632804 OIS: 7.763360 Interstitial_Binding: -0.155065 0.055122 -0.167312 -0.086248 Vacancy_Binding: 0.136996 0.138696 0.209970 0.212160 0.837574 1.198815 Di-Vacancy_Binding: 0.952919 0.526676 0.256618 Rvol: 0.081963 0.069095 0.163147
Loss: 98.279202 TIS: 12.428606 OIS: 12.473141 Interstitial_Binding: -0.022607 0.267615 0.254179 0.102121 Vacancy_Binding: -1.582060 0.175480 0.262965 0.426558 1.413986 1.320628 Di-Vacancy_Binding: -0.070831 -0.734953 0.457038 Rvol: 0.312209 0.214205 0.323999
Loss: 9.196214 TIS: 7.567774 OIS: 7.641678 Interstitial_Binding: -0.124241 0.105256 -0.129138 -0.057652 Vacancy_Binding: 0.022589 0.155196 0.176624 0.193269 0.850776 1.082646 Di-Vacancy_Binding: 0.820589 0.400592 0.158770 Rvol: 0.102619 0.070920 0.158624
Loss: 52.940314 TIS: 10.527677 OIS: 10.800090 Interstitial_Binding: -0.261576 0.024026 0.100593 0.608200 Vacancy_Binding: 1.062992 0.181768 0.226695 0.141586 0.890394 1.247848 Di-Vacancy_Binding: 1.416644 1.294311 1.268292 Rvol: 0.239836 0.245105 0.070747
Loss: 7.725333 TIS: 4.757328 OIS: 4.832409 Interstitial_Binding: -0.178532 -0.086065 -0.385022 -0.384072 Vacancy_Binding: -0.067019 -0.019686 -0.038326 -0.082071 0.585810 0.744103 Di-Vacancy_Binding: 0.635143 0.223299 -0.274258 Rvol: -0.032796 -0.043421 0.132408
Loss: 8.247224 TIS: 4.709652 OIS: 4.758165 Interstitial_Binding: -0.166796 -0.073344 -0.380995 -0.366363 Vacancy_Binding: -0.154241 -0.010167 -0.034446 -0.068601 0.697337 0.785779 Di-Vacancy_Binding: 0.603859 0.132847 -0.319198 Rvol: -0.035344 -0.045108 0.134524
Loss: 14.505452 TIS: 5.314738 OIS: 5.325026 Interstitial_Binding: -0.190521 -0.118843 -0.428015 -0.488271 Vacancy_Binding: -1.355067 -0.172687 -0.352718 -0.170017 0.550423 0.378018 Di-Vacancy_Binding: -0.335099 -0.838144 -0.397069 Rvol: 0.015201 -0.068189 0.212909
Loss: 7.641560 TIS: 4.760987 OIS: 4.840707 Interstitial_Binding: -0.181395 -0.090069 -0.388259 -0.387921 Vacancy_Binding: -0.061222 -0.023060 -0.038229 -0.083604 0.580032 0.746800 Di-Vacancy_Binding: 0.640752 0.229065 -0.269872 Rvol: -0.033576 -0.043271 0.132380
Loss: 24.304374 TIS: 3.426949 OIS: 3.477380 Interstitial_Binding: 0.132897 -0.066074 -0.347261 -0.083944 Vacancy_Binding: 0.564986 0.293939 0.286796 0.227719 1.130495 1.206273 Di-Vacancy_Binding: 1.331332 0.872591 0.113992 Rvol: -0.111884 -0.055882 0.144232
Loss: 3.619217 TIS: 5.485284 OIS: 5.591109 Interstitial_Binding: -0.275895 -0.186836 -0.418447 -0.492086 Vacancy_Binding: 0.040974 -0.172359 -0.190968 -0.268848 0.329958 0.548654 Di-Vacancy_Binding: 0.497465 0.213144 -0.127447 Rvol: 0.010656 -0.003066 0.079070
Loss: 10.946421 TIS: 4.786520 OIS: 4.924188 Interstitial_Binding: -0.312598 -0.018107 -0.442190 -0.132825 Vacancy_Binding: 1.196614 0.085461 -0.017568 -0.187011 0.495592 0.901116 Di-Vacancy_Binding: 1.327478 1.147299 0.735307 Rvol: -0.022879 0.034241 0.001053
Loss: 6.724908 TIS: 5.982171 OIS: 6.061193 Interstitial_Binding: -0.291937 -0.241115 -0.456271 -0.592319 Vacancy_Binding: -0.578973 -0.335005 -0.391938 -0.424935 0.247463 0.333526 Di-Vacancy_Binding: -0.032961 -0.357186 -0.571155 Rvol: 0.046133 -0.002762 0.099305
Loss: 3.320888 TIS: 5.490582 OIS: 5.611478 Interstitial_Binding: -0.284163 -0.198222 -0.428127 -0.496741 Vacancy_Binding: 0.079376 -0.174601 -0.180234 -0.262208 0.327080 0.563696 Di-Vacancy_Binding: 0.539077 0.253890 -0.097112 Rvol: 0.005218 -0.003563 0.079818
Loss: 6.718515 TIS: 5.099890 OIS: 5.237139 Interstitial_Binding: -0.295827 -0.137970 -0.425841 -0.346929 Vacancy_Binding: 0.702998 -0.034740 -0.066676 -0.190081 0.436384 0.818899 Di-Vacancy_Binding: 0.994954 0.776153 0.374089 Rvol: -0.019254 0.013371 0.040968
Loss: 3.350597 TIS: 5.482508 OIS: 5.603291 Interstitial_Binding: -0.283952 -0.197979 -0.428444 -0.496892 Vacancy_Binding: 0.078098 -0.174369 -0.179949 -0.261788 0.327661 0.563947 Di-Vacancy_Binding: 0.538973 0.253146 -0.099051 Rvol: 0.004761 -0.003989 0.080058
Loss: 4.184108 TIS: 5.297428 OIS: 5.417616 Interstitial_Binding: -0.273320 -0.181212 -0.430514 -0.482688 Vacancy_Binding: 0.075978 -0.150142 -0.150507 -0.228529 0.365143 0.611243 Di-Vacancy_Binding: 0.575642 0.270129 -0.119946 Rvol: -0.007026 -0.013105 0.088422
Loss: 2.181381 TIS: 6.047356 OIS: 6.188613 Interstitial_Binding: -0.278103 -0.184474 -0.393639 -0.450723 Vacancy_Binding: 0.146247 -0.148320 -0.137123 -0.216773 0.345020 0.620227 Di-Vacancy_Binding: 0.610185 0.341711 0.014537 Rvol: 0.027955 0.018506 0.085599
Loss: 3.818168 TIS: 7.051994 OIS: 7.197516 Interstitial_Binding: -0.263208 -0.135844 -0.313612 -0.336255 Vacancy_Binding: 0.168274 -0.092786 -0.061021 -0.119541 0.485594 0.811428 Di-Vacancy_Binding: 0.710144 0.374770 0.176824 Rvol: 0.068288 0.058859 0.094763
Loss: 2.569858 TIS: 5.783038 OIS: 5.916827 Interstitial_Binding: -0.278163 -0.187203 -0.411517 -0.473468 Vacancy_Binding: 0.077209 -0.158197 -0.148288 -0.223965 0.351511 0.607569 Di-Vacancy_Binding: 0.572590 0.280323 -0.066253 Rvol: 0.014389 0.004694 0.090259
Loss: 2.604471 TIS: 6.122459 OIS: 6.266884 Interstitial_Binding: -0.243275 -0.121504 -0.347349 -0.361422 Vacancy_Binding: 0.234874 -0.052859 -0.033822 -0.099904 0.451373 0.759122 Di-Vacancy_Binding: 0.761953 0.477722 0.095030 Rvol: 0.026379 0.020430 0.103688
Loss: 3.412469 TIS: 6.375207 OIS: 6.518433 Interstitial_Binding: -0.285306 -0.212124 -0.407850 -0.504227 Vacancy_Binding: -0.096197 -0.223848 -0.215004 -0.281636 0.276008 0.480632 Di-Vacancy_Binding: 0.402987 0.124468 -0.153650 Rvol: 0.047519 0.021174 0.095121
Loss: 2.202538 TIS: 6.091420 OIS: 6.235007 Interstitial_Binding: -0.280755 -0.186395 -0.390093 -0.445569 Vacancy_Binding: 0.191122 -0.144420 -0.134394 -0.218120 0.341127 0.629672 Di-Vacancy_Binding: 0.634422 0.376347 0.066400 Rvol: 0.030449 0.022675 0.080750
Loss: 3.332416 TIS: 5.834401 OIS: 5.990117 Interstitial_Binding: -0.282414 -0.174911 -0.383576 -0.403349 Vacancy_Binding: 0.438672 -0.081755 -0.077004 -0.173583 0.384087 0.752779 Di-Vacancy_Binding: 0.836299 0.594618 0.234087 Rvol: 0.013329 0.022436 0.070764
Loss: 2.195275 TIS: 6.332424 OIS: 6.476586 Interstitial_Binding: -0.273598 -0.170848 -0.371354 -0.417901 Vacancy_Binding: 0.162771 -0.131048 -0.111543 -0.186942 0.382481 0.679390 Di-Vacancy_Binding: 0.647147 0.362202 0.067264 Rvol: 0.039174 0.030069 0.088207
Loss: 2.169847 TIS: 6.080928 OIS: 6.221977 Interstitial_Binding: -0.274320 -0.177882 -0.387411 -0.441085 Vacancy_Binding: 0.152009 -0.139899 -0.128040 -0.206300 0.354476 0.630922 Di-Vacancy_Binding: 0.620838 0.351911 0.022803 Rvol: 0.029517 0.019788 0.087120
Loss: 2.304813 TIS: 6.032903 OIS: 6.173465 Interstitial_Binding: -0.268538 -0.167072 -0.382529 -0.427754 Vacancy_Binding: 0.166786 -0.122946 -0.108706 -0.185083 0.376506 0.661993 Di-Vacancy_Binding: 0.650183 0.374389 0.030601 Rvol: 0.025810 0.017501 0.090447
Loss: 2.338439 TIS: 5.938294 OIS: 6.067612 Interstitial_Binding: -0.272331 -0.175374 -0.391225 -0.447341 Vacancy_Binding: 0.124727 -0.143049 -0.140165 -0.217527 0.357120 0.614441 Di-Vacancy_Binding: 0.592509 0.317728 -0.012101 Rvol: 0.025548 0.014732 0.085295
Loss: 2.446596 TIS: 6.188818 OIS: 6.329665 Interstitial_Binding: -0.275333 -0.183866 -0.389500 -0.455944 Vacancy_Binding: 0.083196 -0.159265 -0.147410 -0.221504 0.338501 0.588355 Di-Vacancy_Binding: 0.563005 0.292145 -0.022004 Rvol: 0.035781 0.020929 0.090069
Loss: 2.184214 TIS: 6.102850 OIS: 6.245449 Interstitial_Binding: -0.274532 -0.177339 -0.385098 -0.437289 Vacancy_Binding: 0.171116 -0.136516 -0.124372 -0.203918 0.354651 0.637322 Di-Vacancy_Binding: 0.633755 0.368700 0.039930 Rvol: 0.030481 0.021458 0.086079
Loss: 2.411249 TIS: 6.010088 OIS: 6.153395 Interstitial_Binding: -0.274539 -0.174097 -0.385459 -0.430080 Vacancy_Binding: 0.217450 -0.123581 -0.110782 -0.193113 0.367468 0.670087 Di-Vacancy_Binding: 0.674997 0.409431 0.079530 Rvol: 0.024763 0.019583 0.084353
Loss: 2.217183 TIS: 6.006909 OIS: 6.146996 Interstitial_Binding: -0.275387 -0.181149 -0.392947 -0.449280 Vacancy_Binding: 0.147257 -0.144261 -0.134633 -0.213906 0.345363 0.616026 Di-Vacancy_Binding: 0.612347 0.344733 0.008881 Rvol: 0.026640 0.016738 0.086351
Loss: 2.195434 TIS: 6.028294 OIS: 6.163785 Interstitial_Binding: -0.272869 -0.175151 -0.387389 -0.440860 Vacancy_Binding: 0.142879 -0.139001 -0.130836 -0.208463 0.359808 0.629678 Di-Vacancy_Binding: 0.612311 0.339876 0.011777 Rvol: 0.028115 0.018156 0.086397
Loss: 2.184049 TIS: 6.068164 OIS: 6.208634 Interstitial_Binding: -0.273452 -0.177014 -0.388096 -0.441829 Vacancy_Binding: 0.141518 -0.140180 -0.127984 -0.205190 0.356274 0.629706 Di-Vacancy_Binding: 0.616051 0.344239 0.013218 Rvol: 0.028791 0.018657 0.088256
Loss: 2.241053 TIS: 6.064601 OIS: 6.205535 Interstitial_Binding: -0.271497 -0.172016 -0.383966 -0.432624 Vacancy_Binding: 0.165684 -0.130018 -0.116904 -0.194541 0.366919 0.650465 Di-Vacancy_Binding: 0.640066 0.368380 0.032875 Rvol: 0.028009 0.019258 0.088279
Loss: 2.275804 TIS: 6.151272 OIS: 6.292156 Interstitial_Binding: -0.274537 -0.179923 -0.387006 -0.447913 Vacancy_Binding: 0.119137 -0.148338 -0.136043 -0.211998 0.349111 0.613644 Di-Vacancy_Binding: 0.594218 0.323766 0.004171 Rvol: 0.033308 0.021091 0.088663
Loss: 2.184061 TIS: 6.078502 OIS: 6.219521 Interstitial_Binding: -0.273614 -0.176455 -0.386536 -0.439055 Vacancy_Binding: 0.154671 -0.137613 -0.125422 -0.203470 0.357462 0.635413 Di-Vacancy_Binding: 0.625049 0.355395 0.024893 Rvol: 0.029230 0.019689 0.087442
Loss: 2.170154 TIS: 6.084717 OIS: 6.225757 Interstitial_Binding: -0.273851 -0.177037 -0.386622 -0.439815 Vacancy_Binding: 0.153132 -0.138751 -0.126802 -0.204914 0.355725 0.632481 Di-Vacancy_Binding: 0.622498 0.353541 0.024118 Rvol: 0.029685 0.019946 0.087290
Loss: 2.218458 TIS: 6.073094 OIS: 6.214748 Interstitial_Binding: -0.274310 -0.176646 -0.386283 -0.437509 Vacancy_Binding: 0.168550 -0.135534 -0.123199 -0.202361 0.358598 0.642290 Di-Vacancy_Binding: 0.634861 0.366622 0.035691 Rvol: 0.028744 0.020105 0.086473
Loss: 2.162873 TIS: 6.090369 OIS: 6.232099 Interstitial_Binding: -0.274492 -0.178253 -0.387359 -0.441182 Vacancy_Binding: 0.151971 -0.140266 -0.127915 -0.206157 0.353741 0.630577 Di-Vacancy_Binding: 0.621011 0.352429 0.023577 Rvol: 0.029840 0.020055 0.087274
Loss: 2.199782 TIS: 6.125341 OIS: 6.266952 Interstitial_Binding: -0.274598 -0.179263 -0.387160 -0.443141 Vacancy_Binding: 0.135504 -0.144491 -0.131932 -0.209025 0.351067 0.621861 Di-Vacancy_Binding: 0.607655 0.338290 0.014241 Rvol: 0.031732 0.020744 0.088035
Loss: 2.169013 TIS: 6.073295 OIS: 6.214826 Interstitial_Binding: -0.274790 -0.179159 -0.388773 -0.443357 Vacancy_Binding: 0.150243 -0.141548 -0.129723 -0.208190 0.351270 0.626473 Di-Vacancy_Binding: 0.618433 0.350191 0.019801 Rvol: 0.029185 0.019324 0.087113
Loss: 2.164132 TIS: 6.093430 OIS: 6.235348 Interstitial_Binding: -0.274588 -0.178283 -0.387095 -0.440784 Vacancy_Binding: 0.154583 -0.139944 -0.127598 -0.206047 0.353595 0.631256 Di-Vacancy_Binding: 0.622572 0.354587 0.025934 Rvol: 0.029988 0.020304 0.087084
Loss: 2.164273 TIS: 6.092132 OIS: 6.234046 Interstitial_Binding: -0.274390 -0.178059 -0.387119 -0.440754 Vacancy_Binding: 0.153204 -0.139831 -0.127361 -0.205634 0.353951 0.631233 Di-Vacancy_Binding: 0.622184 0.353790 0.024671 Rvol: 0.029892 0.020145 0.087307
Loss: 2.162829 TIS: 6.090404 OIS: 6.232182 Interstitial_Binding: -0.274653 -0.178497 -0.387484 -0.441409 Vacancy_Binding: 0.152471 -0.140497 -0.128189 -0.206541 0.353330 0.630311 Di-Vacancy_Binding: 0.620988 0.352618 0.023962 Rvol: 0.029854 0.020102 0.087157
Loss: 2.188154 TIS: 6.086303 OIS: 6.228513 Interstitial_Binding: -0.274542 -0.177750 -0.386898 -0.439503 Vacancy_Binding: 0.160623 -0.138101 -0.125397 -0.204128 0.355590 0.636314 Di-Vacancy_Binding: 0.628402 0.360240 0.030228 Rvol: 0.029403 0.020189 0.086975
Loss: 2.152663 TIS: 6.098544 OIS: 6.240282 Interstitial_Binding: -0.274681 -0.178782 -0.387499 -0.442009 Vacancy_Binding: 0.148073 -0.141631 -0.129281 -0.207336 0.352563 0.627915 Di-Vacancy_Binding: 0.617423 0.348834 0.021318 Rvol: 0.030302 0.020241 0.087362
Loss: 2.166431 TIS: 6.107774 OIS: 6.249529 Interstitial_Binding: -0.274698 -0.179009 -0.387424 -0.442434 Vacancy_Binding: 0.144013 -0.142630 -0.130168 -0.207922 0.351990 0.625947 Di-Vacancy_Binding: 0.614260 0.345436 0.019092 Rvol: 0.030777 0.020424 0.087580
Loss: 2.152065 TIS: 6.097584 OIS: 6.239325 Interstitial_Binding: -0.274798 -0.178990 -0.387694 -0.442320 Vacancy_Binding: 0.147817 -0.141910 -0.129582 -0.207675 0.352259 0.627548 Di-Vacancy_Binding: 0.617030 0.348450 0.021009 Rvol: 0.030259 0.020203 0.087319
Loss: 2.165834 TIS: 6.106548 OIS: 6.248307 Interstitial_Binding: -0.274840 -0.179261 -0.387661 -0.442808 Vacancy_Binding: 0.143729 -0.142962 -0.130528 -0.208330 0.351623 0.625517 Di-Vacancy_Binding: 0.613804 0.344991 0.018731 Rvol: 0.030722 0.020375 0.087526
Loss: 2.148280 TIS: 6.098959 OIS: 6.240886 Interstitial_Binding: -0.274836 -0.179010 -0.387635 -0.442162 Vacancy_Binding: 0.148752 -0.141749 -0.129289 -0.207434 0.352300 0.628069 Di-Vacancy_Binding: 0.617861 0.349401 0.021876 Rvol: 0.030274 0.020270 0.087315
Loss: 2.156082 TIS: 6.095962 OIS: 6.237960 Interstitial_Binding: -0.274930 -0.178987 -0.387629 -0.441866 Vacancy_Binding: 0.151514 -0.141247 -0.128791 -0.207153 0.352610 0.629491 Di-Vacancy_Binding: 0.619893 0.351647 0.023810 Rvol: 0.030091 0.020282 0.087134
Loss: 2.149649 TIS: 6.097544 OIS: 6.239413 Interstitial_Binding: -0.274877 -0.179108 -0.387775 -0.442391 Vacancy_Binding: 0.148337 -0.141929 -0.129527 -0.207676 0.352111 0.627676 Di-Vacancy_Binding: 0.617420 0.348930 0.021380 Rvol: 0.030224 0.020206 0.087300
Loss: 2.155800 TIS: 6.092533 OIS: 6.234420 Interstitial_Binding: -0.275000 -0.179510 -0.388302 -0.443269 Vacancy_Binding: 0.147539 -0.142514 -0.130269 -0.208500 0.350943 0.625798 Di-Vacancy_Binding: 0.616284 0.348029 0.019923 Rvol: 0.030045 0.019968 0.087263
Loss: 2.148403 TIS: 6.100516 OIS: 6.242535 Interstitial_Binding: -0.274889 -0.179036 -0.387510 -0.441980 Vacancy_Binding: 0.150031 -0.141607 -0.129151 -0.207400 0.352206 0.628368 Di-Vacancy_Binding: 0.618605 0.350449 0.023035 Rvol: 0.030352 0.020397 0.087218
Loss: 2.152853 TIS: 6.109935 OIS: 6.252078 Interstitial_Binding: -0.274812 -0.179008 -0.387261 -0.441922 Vacancy_Binding: 0.146946 -0.142076 -0.129320 -0.207247 0.352373 0.627820 Di-Vacancy_Binding: 0.616788 0.348208 0.021696 Rvol: 0.030752 0.020595 0.087508
Loss: 2.153168 TIS: 6.097399 OIS: 6.239374 Interstitial_Binding: -0.274767 -0.178799 -0.387514 -0.441762 Vacancy_Binding: 0.150265 -0.141214 -0.128697 -0.206900 0.352806 0.629228 Di-Vacancy_Binding: 0.619309 0.350856 0.022943 Rvol: 0.030158 0.020257 0.087298
Loss: 2.149878 TIS: 6.101716 OIS: 6.243686 Interstitial_Binding: -0.274840 -0.179038 -0.387565 -0.442161 Vacancy_Binding: 0.148127 -0.141898 -0.129377 -0.207463 0.352248 0.627854 Di-Vacancy_Binding: 0.617414 0.348926 0.021689 Rvol: 0.030402 0.020349 0.087362
Loss: 2.149707 TIS: 6.098620 OIS: 6.240541 Interstitial_Binding: -0.274846 -0.179060 -0.387698 -0.442286 Vacancy_Binding: 0.148444 -0.141857 -0.129414 -0.207551 0.352149 0.627757 Di-Vacancy_Binding: 0.617573 0.349119 0.021562 Rvol: 0.030268 0.020244 0.087324
Loss: 2.149395 TIS: 6.098203 OIS: 6.240150 Interstitial_Binding: -0.274871 -0.179043 -0.387668 -0.442165 Vacancy_Binding: 0.149256 -0.141701 -0.129248 -0.207443 0.352274 0.628228 Di-Vacancy_Binding: 0.618185 0.349789 0.022192 Rvol: 0.030234 0.020267 0.087273
Loss: 2.148045 TIS: 6.098671 OIS: 6.240599 Interstitial_Binding: -0.274864 -0.179056 -0.387681 -0.442230 Vacancy_Binding: 0.148721 -0.141806 -0.129351 -0.207506 0.352237 0.628004 Di-Vacancy_Binding: 0.617795 0.349337 0.021821 Rvol: 0.030261 0.020260 0.087304
Loss: 2.150641 TIS: 6.098610 OIS: 6.240574 Interstitial_Binding: -0.274821 -0.178913 -0.387556 -0.441925 Vacancy_Binding: 0.149652 -0.141469 -0.128962 -0.207145 0.352606 0.628811 Di-Vacancy_Binding: 0.618699 0.350240 0.022598 Rvol: 0.030228 0.020289 0.087295
Loss: 2.148331 TIS: 6.098726 OIS: 6.240617 Interstitial_Binding: -0.274836 -0.179005 -0.387643 -0.442175 Vacancy_Binding: 0.148635 -0.141767 -0.129326 -0.207464 0.352333 0.628062 Di-Vacancy_Binding: 0.617762 0.349266 0.021779 Rvol: 0.030269 0.020264 0.087311
Loss: 2.149286 TIS: 6.098175 OIS: 6.240072 Interstitial_Binding: -0.274929 -0.179200 -0.387811 -0.442485 Vacancy_Binding: 0.148264 -0.142060 -0.129653 -0.207819 0.351952 0.627501 Di-Vacancy_Binding: 0.617249 0.348808 0.021386 Rvol: 0.030257 0.020233 0.087278
Loss: 2.148574 TIS: 6.098421 OIS: 6.240354 Interstitial_Binding: -0.274870 -0.179057 -0.387684 -0.442216 Vacancy_Binding: 0.148913 -0.141774 -0.129321 -0.207492 0.352246 0.628084 Di-Vacancy_Binding: 0.617931 0.349493 0.021947 Rvol: 0.030247 0.020260 0.087291
Loss: 2.148393 TIS: 6.098586 OIS: 6.240508 Interstitial_Binding: -0.274859 -0.179055 -0.387691 -0.442246 Vacancy_Binding: 0.148613 -0.141819 -0.129362 -0.207508 0.352241 0.627975 Di-Vacancy_Binding: 0.617732 0.349251 0.021727 Rvol: 0.030256 0.020251 0.087313
Loss: 2.148694 TIS: 6.098327 OIS: 6.240235 Interstitial_Binding: -0.274865 -0.179069 -0.387715 -0.442285 Vacancy_Binding: 0.148516 -0.141851 -0.129404 -0.207548 0.352219 0.627915 Di-Vacancy_Binding: 0.617644 0.349147 0.021623 Rvol: 0.030247 0.020239 0.087312
Loss: 2.148339 TIS: 6.099230 OIS: 6.241164 Interstitial_Binding: -0.274863 -0.179060 -0.387665 -0.442227 Vacancy_Binding: 0.148597 -0.141834 -0.129368 -0.207512 0.352230 0.627964 Di-Vacancy_Binding: 0.617704 0.349241 0.021786 Rvol: 0.030287 0.020277 0.087313
Loss: 2.148908 TIS: 6.098846 OIS: 6.240796 Interstitial_Binding: -0.274857 -0.179014 -0.387628 -0.442112 Vacancy_Binding: 0.149149 -0.141684 -0.129209 -0.207383 0.352352 0.628308 Di-Vacancy_Binding: 0.618166 0.349733 0.022194 Rvol: 0.030258 0.020285 0.087291
Loss: 2.148497 TIS: 6.098366 OIS: 6.240280 Interstitial_Binding: -0.274889 -0.179113 -0.387734 -0.442334 Vacancy_Binding: 0.148581 -0.141902 -0.129472 -0.207637 0.352110 0.627790 Di-Vacancy_Binding: 0.617595 0.349157 0.021664 Rvol: 0.030257 0.020248 0.087290
