13.077252 -0.608375 1.140829 8.854142 0.002563 -0.228522 -0.308110 
14.077252 -0.608375 1.140829 8.854142 0.002563 -0.228522 -0.308110 
13.077252 0.391625 1.140829 8.854142 0.002563 -0.228522 -0.308110 
13.077252 -0.608375 2.140829 8.854142 0.002563 -0.228522 -0.308110 
13.077252 -0.608375 1.140829 9.854142 0.002563 -0.228522 -0.308110 
13.077252 -0.608375 1.140829 9.854142 1.002563 -0.228522 -0.308110 
13.077252 -0.608375 1.140829 9.854142 0.002563 0.771478 -0.308110 
13.077252 -0.608375 1.140829 9.854142 0.002563 -0.228522 0.691890 
13.076377 -1.173119 1.127130 9.854748 -0.800550 -0.416920 -0.327877 
13.077071 -0.138239 1.138004 9.854267 -0.163080 -0.267379 -0.312187 
12.827252 -0.608375 1.140829 9.854142 0.002835 -0.228522 -0.308110 
12.827285 -0.567294 1.132057 9.854530 0.486076 -0.349161 -0.320768 
12.827252 -0.608375 0.891487 9.854142 0.002835 -0.210392 -0.308110 
12.827125 -0.593491 1.177818 9.854283 0.050600 0.267571 -0.312696 
12.826648 -0.774976 1.138455 9.854466 -0.172694 -0.290292 -0.318694 
12.826656 -0.773742 1.138321 9.854466 -0.165685 -0.292147 -0.443478 
12.826138 -0.896057 1.131089 9.855003 -0.014071 -0.439802 -0.302262 
12.826648 -0.774568 1.138453 9.979466 -0.172838 -0.290326 -0.318698 
12.825720 -0.613734 1.131080 9.980013 -0.279422 -0.449021 -0.313013 
12.825258 -0.877138 1.162060 9.981979 -0.172392 -0.063752 -0.309872 
12.821257 -0.820024 1.194470 9.987475 -0.335359 0.112185 -0.284785 
12.824265 -0.973422 1.167498 9.984025 -0.094099 -0.065105 -0.296160 
12.825257 -0.874638 1.224266 9.981969 -0.173723 -0.069097 -0.309910 
12.823655 -0.832543 1.243849 9.984051 -0.259501 0.008544 -0.301157 
12.762854 -0.873857 1.224092 9.984918 -0.173654 -0.070770 -0.309877 
12.832408 -0.855895 1.222457 10.096671 -0.178770 -0.114125 -0.306807 
12.825368 -0.843614 1.224758 9.981908 -0.142910 -0.056836 -0.266971 
12.825681 -0.788514 1.228735 9.987559 -0.077232 -0.024568 -0.351743 
12.854125 -0.851926 1.251853 9.954278 -0.150388 -0.087145 -0.290169 
12.795194 -0.775285 1.191870 9.948906 -0.132439 -0.126348 -0.212811 
12.825027 -0.879421 1.232872 9.979688 -0.104007 -0.055886 -0.234738 
12.820549 -0.843502 1.222924 9.956120 -0.146058 -0.040381 -0.264897 
12.839589 -0.818464 1.244184 9.998345 -0.182786 -0.036891 -0.246090 
12.824936 -0.826143 1.226155 9.983632 -0.124952 -0.049137 -0.283837 
12.833154 -0.837220 1.216387 9.978603 -0.140401 -0.061007 -0.260811 
12.810752 -0.825501 1.216973 9.972610 -0.141671 -0.078001 -0.257533 
12.830514 -0.844445 1.192480 9.980400 -0.147849 -0.061680 -0.277743 
12.831885 -0.845431 1.215425 9.978461 -0.128204 -0.060646 -0.255783 
12.830418 -0.835306 1.214045 9.982355 -0.141085 -0.056769 -0.257363 
12.840475 -0.830105 1.222628 9.979390 -0.150217 -0.059610 -0.262248 
12.833196 -0.841711 1.215567 9.978252 -0.145020 -0.062976 -0.256956 
12.831766 -0.838852 1.205018 9.979342 -0.143137 -0.061031 -0.270924 
12.833473 -0.836798 1.216867 9.984737 -0.139675 -0.065722 -0.261199 
12.821925 -0.830673 1.216446 9.973282 -0.141233 -0.067765 -0.260103 
12.833105 -0.840241 1.215641 9.977926 -0.133350 -0.059993 -0.260437 
12.830317 -0.835639 1.216384 9.977243 -0.140441 -0.062689 -0.260623 
12.834165 -0.836379 1.215378 9.978200 -0.140147 -0.061515 -0.260048 
12.834705 -0.835053 1.217900 9.978647 -0.142249 -0.060098 -0.262087 
12.833331 -0.837083 1.217772 9.978501 -0.139778 -0.060978 -0.259607 
12.833310 -0.838605 1.217318 9.978170 -0.136267 -0.060431 -0.259566 
12.833384 -0.838275 1.217693 9.978294 -0.140801 -0.061448 -0.258570 
12.833062 -0.836952 1.217523 9.978286 -0.139903 -0.060186 -0.259270 
12.832917 -0.836724 1.217491 9.980247 -0.139739 -0.061083 -0.258995 
12.834086 -0.837299 1.217873 9.978815 -0.139893 -0.060532 -0.259735 
12.834284 -0.835965 1.218989 9.978720 -0.140726 -0.060656 -0.259908 
12.834088 -0.837726 1.217764 9.978808 -0.139025 -0.060471 -0.259686 
12.834122 -0.838036 1.217807 9.978784 -0.138102 -0.060416 -0.259654 
12.833836 -0.837933 1.218019 9.978908 -0.139091 -0.060344 -0.259878 
12.833815 -0.838284 1.218115 9.978906 -0.138189 -0.060262 -0.259887 
12.833950 -0.837786 1.218409 9.978892 -0.139075 -0.060303 -0.259656 
12.834591 -0.837643 1.218627 9.979155 -0.139535 -0.059969 -0.259942 
12.834055 -0.837942 1.218474 9.978460 -0.139141 -0.060311 -0.259747 
12.834014 -0.838395 1.218392 9.979078 -0.139429 -0.060473 -0.259031 
12.833838 -0.837733 1.218284 9.978794 -0.139136 -0.059895 -0.259491 
12.833817 -0.837644 1.218766 9.978861 -0.138202 -0.060183 -0.259553 
12.833682 -0.837488 1.218507 9.978801 -0.139263 -0.060455 -0.259619 
12.833956 -0.837794 1.218478 9.978897 -0.138847 -0.060255 -0.259637 
12.833909 -0.837852 1.218401 9.978887 -0.139072 -0.060344 -0.259571 
12.834119 -0.837794 1.218465 9.978993 -0.139178 -0.060223 -0.259680 
12.833880 -0.837831 1.218472 9.978914 -0.139096 -0.060276 -0.259704 
12.833802 -0.837627 1.218535 9.978878 -0.139158 -0.060308 -0.259746 
12.833888 -0.837808 1.218373 9.978916 -0.139081 -0.060293 -0.259766 
12.833803 -0.838013 1.218491 9.978972 -0.139114 -0.060177 -0.259786 
12.833962 -0.837824 1.218481 9.978951 -0.139131 -0.060254 -0.259710 
12.833876 -0.837834 1.218483 9.978946 -0.139088 -0.060310 -0.259710 
12.833913 -0.837862 1.218499 9.978849 -0.139097 -0.060316 -0.259743 
12.833895 -0.837833 1.218478 9.978916 -0.139051 -0.060262 -0.259705 
12.833831 -0.837759 1.218494 9.978896 -0.139119 -0.060244 -0.259712 
12.833843 -0.837905 1.218457 9.978930 -0.139116 -0.060230 -0.259717 
