-0.444994 2.845171 0.172305 0.079690 -0.386371 -0.564885 
0.555006 2.845171 0.172305 0.079690 -0.386371 -0.564885 
-0.444994 3.845171 0.172305 0.079690 -0.386371 -0.564885 
-0.444994 2.845171 1.172305 0.079690 -0.386371 -0.564885 
-0.444994 2.845171 0.172305 1.079690 -0.386371 -0.564885 
-0.444994 2.845171 0.172305 0.079690 0.613629 -0.564885 
-0.444994 2.845171 0.172305 0.079690 -0.386371 0.435115 
-1.046270 2.830048 0.171412 -0.687566 -0.607317 -0.592057 
-0.745632 2.837609 0.171859 -0.303938 -0.496844 -0.578471 
-0.232027 2.842693 0.172159 -0.046040 -0.422577 -0.569338 
-0.444994 2.720195 0.172305 0.082153 -0.386371 -0.564885 
-0.608152 2.721275 0.172109 0.265141 -0.434931 -0.570857 
-0.444994 2.720195 0.047306 0.082153 -0.385866 -0.564885 
-0.507727 2.719132 0.048240 0.077490 -0.143924 -0.567181 
-0.458959 2.719844 0.047285 0.064334 -0.390997 -0.687710 
-0.628513 2.715889 0.047053 -0.106661 -0.441936 -0.644103 
-0.300231 2.697571 0.046016 -0.079936 -0.488975 -0.767675 
-0.542212 2.720598 0.047132 0.153345 -0.417904 -0.694515 
-0.494973 2.719086 0.047735 0.063524 -0.271374 -0.691815 
-0.432522 2.710690 0.046755 0.040912 -0.425660 -0.724767 
-0.413783 2.698592 0.046263 0.010436 -0.419523 -0.774184 
-0.386236 2.690743 0.004064 -0.003315 -0.451757 -0.765411 
-0.392871 2.703932 0.046131 0.031425 -0.413241 -0.779725 
-0.421695 2.757038 0.059830 0.000595 -0.422345 -0.785969 
-0.404850 2.756941 0.074550 -0.013567 -0.416887 -0.770293 
-0.438578 2.742092 0.113064 0.017913 -0.428821 -0.800874 
-0.448047 2.742181 0.113506 0.018364 -0.399048 -0.801071 
-0.484961 2.733418 0.111032 -0.010835 -0.456665 -0.809461 
-0.523149 2.730097 0.108072 -0.014047 -0.495039 -0.840207 
-0.509769 2.724204 0.111605 -0.032404 -0.490672 -0.860063 
-0.550046 2.741837 0.101352 0.022172 -0.504000 -0.800111 
-0.551075 2.770736 0.110898 0.015325 -0.504462 -0.801582 
-0.569360 2.725523 0.120427 0.000069 -0.524465 -0.755435 
-0.537590 2.747722 0.079929 0.015016 -0.519495 -0.794068 
-0.587591 2.746987 0.067468 0.013589 -0.468743 -0.797819 
-0.603219 2.750930 0.063492 0.073618 -0.465327 -0.801772 
-0.631837 2.738175 0.063947 0.069613 -0.484360 -0.852230 
-0.625687 2.717422 0.069605 0.080431 -0.446232 -0.895066 
-0.681206 2.713431 0.085143 0.072140 -0.498219 -0.837773 
-0.625462 2.741592 0.037791 0.072955 -0.496904 -0.860690 
-0.640531 2.746316 0.058632 0.066028 -0.476540 -0.852070 
-0.635973 2.770662 0.071486 0.068518 -0.484217 -0.863590 
-0.635166 2.742571 0.063042 0.053077 -0.480059 -0.853394 
-0.648841 2.760223 0.038484 0.054784 -0.463812 -0.856510 
-0.663093 2.759650 0.038311 0.057184 -0.469697 -0.856002 
-0.647918 2.763077 0.037627 0.053966 -0.466050 -0.849756 
-0.646867 2.760869 0.038151 0.064960 -0.452406 -0.854047 
-0.646318 2.755079 0.033215 0.065126 -0.452818 -0.852418 
-0.640239 2.760176 0.026666 0.072746 -0.459426 -0.858466 
-0.648258 2.758476 0.028266 0.061923 -0.449712 -0.853575 
-0.649202 2.755790 0.030500 0.051106 -0.439169 -0.851879 
-0.664515 2.754838 0.030385 0.052072 -0.437260 -0.849839 
-0.676526 2.756979 0.024904 0.048653 -0.430237 -0.851900 
-0.681081 2.742885 0.024403 0.049295 -0.429408 -0.847065 
-0.679792 2.744210 0.023936 0.053963 -0.424645 -0.843471 
-0.681286 2.749165 0.021958 0.051193 -0.426100 -0.829201 
-0.681032 2.749110 0.027926 0.047676 -0.422540 -0.828647 
-0.685914 2.751768 0.032874 0.060165 -0.417738 -0.825531 
-0.673336 2.747751 0.020970 0.047602 -0.411157 -0.826389 
-0.675353 2.741174 0.019652 0.045937 -0.409987 -0.823592 
-0.680421 2.740076 0.016401 0.042398 -0.406669 -0.823365 
-0.683548 2.735983 0.013495 0.038724 -0.403881 -0.821180 
-0.680153 2.742288 0.015901 0.041619 -0.407058 -0.820318 
-0.679578 2.744204 0.013830 0.041254 -0.402293 -0.827391 
-0.679853 2.744393 0.017029 0.040613 -0.400235 -0.826880 
-0.683356 2.744980 0.016447 0.046809 -0.397465 -0.825463 
-0.689989 2.747555 0.018489 0.046918 -0.399004 -0.827426 
-0.696192 2.749743 0.021371 0.049496 -0.398612 -0.829062 
-0.695536 2.748783 0.020841 0.055700 -0.394514 -0.827034 
-0.697527 2.746740 0.020636 0.048665 -0.397320 -0.830311 
-0.701348 2.748171 0.018359 0.044376 -0.396260 -0.825873 
-0.700904 2.750210 0.016791 0.043864 -0.394266 -0.827924 
-0.703199 2.750364 0.011676 0.044417 -0.399183 -0.830181 
-0.701330 2.750723 0.021204 0.038071 -0.393529 -0.830572 
-0.701278 2.749803 0.016083 0.045840 -0.391339 -0.826515 
-0.701882 2.749533 0.016998 0.045856 -0.387647 -0.825920 
-0.703386 2.749132 0.015171 0.047466 -0.385073 -0.825390 
-0.704751 2.749918 0.015734 0.047584 -0.385219 -0.826381 
-0.704296 2.750963 0.015206 0.045275 -0.383037 -0.828275 
-0.703572 2.754291 0.015999 0.045363 -0.381448 -0.827568 
-0.703357 2.750780 0.015530 0.046468 -0.382797 -0.829421 
-0.706242 2.750401 0.015873 0.042342 -0.381723 -0.827660 
-0.707752 2.751444 0.013532 0.039852 -0.382174 -0.827753 
-0.706916 2.750464 0.015082 0.043270 -0.380431 -0.827210 
-0.706556 2.753169 0.016654 0.043059 -0.379071 -0.825353 
-0.705130 2.752624 0.015994 0.042455 -0.378467 -0.824788 
-0.708017 2.751435 0.017560 0.043601 -0.378905 -0.822357 
-0.708994 2.750443 0.019196 0.043689 -0.375701 -0.822964 
-0.709395 2.750400 0.019763 0.046602 -0.373412 -0.821939 
-0.710003 2.750894 0.017786 0.043268 -0.375092 -0.822726 
-0.711691 2.750796 0.018455 0.039851 -0.374729 -0.822346 
-0.712880 2.747702 0.017154 0.039607 -0.375182 -0.823866 
-0.710458 2.750064 0.017911 0.039321 -0.374118 -0.821449 
-0.709226 2.751512 0.017089 0.037765 -0.372638 -0.823970 
-0.712298 2.750791 0.017656 0.038722 -0.371765 -0.819129 
-0.713921 2.752050 0.016570 0.037446 -0.370847 -0.816410 
-0.714788 2.751623 0.018837 0.037045 -0.368132 -0.815124 
-0.715424 2.751784 0.018973 0.038942 -0.365024 -0.813879 
-0.717605 2.749546 0.018419 0.038627 -0.362769 -0.813868 
-0.717680 2.750759 0.018028 0.037247 -0.359650 -0.815281 
-0.720885 2.751988 0.019265 0.038113 -0.358921 -0.816098 
-0.722431 2.751453 0.019981 0.038157 -0.355568 -0.815189 
-0.724388 2.752218 0.017493 0.038389 -0.353791 -0.813991 
-0.725544 2.751388 0.016876 0.040101 -0.350817 -0.815028 
-0.725198 2.751002 0.017146 0.037332 -0.354113 -0.814574 
-0.727000 2.751525 0.017811 0.034439 -0.353301 -0.813070 
-0.729189 2.753709 0.017379 0.034026 -0.354547 -0.815016 
-0.728081 2.751045 0.018479 0.035386 -0.353993 -0.812299 
-0.727886 2.749281 0.016406 0.034015 -0.354292 -0.809881 
-0.727689 2.750093 0.019905 0.034557 -0.353854 -0.812421 
-0.728533 2.750564 0.018259 0.035496 -0.353426 -0.812668 
-0.728678 2.750934 0.018476 0.035952 -0.351758 -0.811881 
-0.729441 2.751341 0.018521 0.036129 -0.350077 -0.811426 
-0.729290 2.751197 0.018461 0.037156 -0.348473 -0.811053 
-0.729749 2.752680 0.018827 0.037625 -0.348686 -0.810051 
-0.729334 2.751022 0.017692 0.037040 -0.348567 -0.810500 
-0.729414 2.750388 0.018542 0.035953 -0.348024 -0.809401 
-0.728472 2.751256 0.018176 0.034790 -0.347199 -0.809484 
-0.729282 2.751370 0.017997 0.034520 -0.346881 -0.809764 
-0.730137 2.751046 0.018019 0.033282 -0.345808 -0.809221 
-0.730321 2.751633 0.017282 0.032081 -0.344619 -0.809414 
-0.730808 2.751721 0.017408 0.030545 -0.345712 -0.809461 
-0.730550 2.752253 0.017160 0.032253 -0.344754 -0.808740 
-0.730861 2.752880 0.018475 0.032576 -0.343535 -0.808810 
-0.731560 2.752440 0.018029 0.033319 -0.342093 -0.808260 
-0.730274 2.752164 0.018307 0.033075 -0.341285 -0.807122 
-0.729772 2.752566 0.017964 0.033595 -0.341153 -0.807491 
-0.731647 2.751968 0.018817 0.032598 -0.340310 -0.806450 
-0.732149 2.752007 0.019784 0.031564 -0.339511 -0.805492 
-0.733154 2.751300 0.020851 0.032175 -0.339285 -0.804629 
-0.733347 2.750072 0.021269 0.031571 -0.338321 -0.805524 
-0.734461 2.749444 0.020675 0.030716 -0.337701 -0.804681 
-0.736077 2.749757 0.021186 0.029852 -0.337615 -0.804983 
-0.736208 2.750177 0.021027 0.030266 -0.336871 -0.805083 
-0.736432 2.750228 0.020948 0.030405 -0.335057 -0.804415 
-0.737257 2.749826 0.020160 0.031248 -0.333778 -0.804341 
-0.736975 2.750418 0.019055 0.030370 -0.332636 -0.804637 
-0.737398 2.751566 0.018573 0.030721 -0.332389 -0.803258 
-0.737399 2.752103 0.019106 0.031166 -0.330645 -0.803223 
-0.738076 2.751270 0.019009 0.030239 -0.329791 -0.802192 
-0.737042 2.750380 0.018419 0.030416 -0.329135 -0.801123 
-0.738561 2.750966 0.018487 0.030772 -0.329670 -0.802427 
-0.739393 2.751304 0.019063 0.029105 -0.329029 -0.801734 
-0.740585 2.751655 0.019343 0.028302 -0.327819 -0.801450 
-0.741421 2.751238 0.019096 0.027224 -0.326902 -0.800513 
-0.741121 2.751705 0.020070 0.026659 -0.325525 -0.799927 
-0.741903 2.753080 0.020072 0.026050 -0.325133 -0.799040 
-0.741619 2.753469 0.019451 0.024755 -0.324336 -0.799981 
-0.741983 2.752994 0.020627 0.025476 -0.325674 -0.799134 
-0.742732 2.752945 0.020079 0.026950 -0.323690 -0.798574 
-0.742673 2.752825 0.019645 0.027618 -0.322449 -0.797301 
-0.742697 2.753903 0.020133 0.028902 -0.321676 -0.797707 
-0.743215 2.753435 0.019309 0.027471 -0.322706 -0.797006 
-0.744379 2.752490 0.018211 0.028033 -0.322581 -0.797182 
-0.744533 2.752748 0.017635 0.026869 -0.321275 -0.797757 
-0.745124 2.752561 0.018327 0.026691 -0.321090 -0.797597 
-0.746019 2.752233 0.018064 0.025691 -0.320160 -0.796612 
-0.747350 2.751998 0.017985 0.024342 -0.319799 -0.796782 
-0.746449 2.753047 0.017955 0.025978 -0.320118 -0.796509 
-0.746622 2.752984 0.018176 0.026696 -0.318359 -0.796159 
-0.745947 2.753862 0.019032 0.026037 -0.317544 -0.795289 
-0.746579 2.753576 0.019139 0.026794 -0.317078 -0.793698 
-0.746183 2.753869 0.017630 0.026778 -0.316050 -0.793208 
-0.745524 2.753995 0.017681 0.027451 -0.316266 -0.793184 
-0.747582 2.753810 0.017879 0.026064 -0.314918 -0.793243 
-0.748144 2.754310 0.018145 0.024563 -0.314766 -0.792293 
-0.747853 2.752698 0.018369 0.023775 -0.314122 -0.792078 
-0.748301 2.752378 0.018211 0.024179 -0.314383 -0.791450 
-0.749842 2.752077 0.017477 0.023349 -0.314421 -0.791797 
-0.749602 2.752231 0.016728 0.023385 -0.313922 -0.791552 
-0.750328 2.752530 0.017036 0.023512 -0.312393 -0.790686 
-0.750895 2.752817 0.016999 0.023308 -0.311077 -0.789407 
-0.751601 2.752633 0.016859 0.024044 -0.309467 -0.789048 
-0.753057 2.752672 0.017720 0.023801 -0.308622 -0.788623 
-0.752942 2.752673 0.018161 0.022791 -0.307066 -0.789028 
-0.753752 2.754125 0.018280 0.022897 -0.306055 -0.788959 
-0.753869 2.754261 0.019543 0.023269 -0.304912 -0.788098 
-0.755172 2.754122 0.019204 0.022743 -0.303713 -0.787580 
-0.756563 2.753960 0.018986 0.022338 -0.302463 -0.787292 
-0.757936 2.753809 0.018953 0.022038 -0.301142 -0.787031 
-0.759217 2.753691 0.019070 0.021783 -0.299759 -0.786620 
-0.760328 2.753626 0.019316 0.021538 -0.298348 -0.785940 
-0.761679 2.753484 0.019397 0.021304 -0.296989 -0.785691 
-0.762755 2.753428 0.019695 0.021083 -0.295570 -0.784982 
-0.764110 2.753284 0.019818 0.020885 -0.294205 -0.784782 
-0.765069 2.753260 0.020214 0.020693 -0.292787 -0.783949 
-0.766571 2.753028 0.020160 0.020590 -0.291666 -0.784433 
-0.767589 2.752987 0.020650 0.020493 -0.290218 -0.783777 
-0.768975 2.752814 0.020946 0.020508 -0.288905 -0.784000 
-0.770168 2.752985 0.020891 0.019492 -0.288035 -0.783243 
-0.770807 2.752975 0.020097 0.019283 -0.286538 -0.782542 
-0.771560 2.754243 0.019970 0.019149 -0.285343 -0.782121 
-0.772964 2.754259 0.019535 0.019806 -0.285281 -0.781017 
-0.773589 2.754250 0.019485 0.019070 -0.283667 -0.780492 
-0.774195 2.754186 0.019399 0.018336 -0.282049 -0.779965 
-0.774856 2.754205 0.019358 0.017618 -0.280447 -0.779422 
-0.775588 2.754265 0.019322 0.016943 -0.278873 -0.778837 
-0.776415 2.754319 0.019247 0.016349 -0.277347 -0.778175 
-0.777394 2.754292 0.019048 0.015927 -0.275936 -0.777369 
-0.778049 2.754485 0.019142 0.015168 -0.274345 -0.776888 
-0.779021 2.754517 0.018993 0.014717 -0.272919 -0.776107 
-0.779571 2.754922 0.019282 0.013869 -0.271357 -0.775779 
-0.780627 2.754917 0.019068 0.013525 -0.270017 -0.774920 
-0.781491 2.755281 0.019216 0.012901 -0.268540 -0.774333 
-0.782666 2.755072 0.018781 0.012839 -0.267460 -0.773318 
-0.783610 2.754737 0.017877 0.012160 -0.266292 -0.773727 
-0.783325 2.754731 0.017286 0.011300 -0.265384 -0.772377 
-0.783227 2.754280 0.017549 0.012129 -0.263718 -0.772115 
-0.783750 2.753067 0.018466 0.011831 -0.262772 -0.771619 
-0.784348 2.753128 0.018576 0.012358 -0.261107 -0.770995 
-0.784759 2.753027 0.018442 0.011874 -0.259756 -0.769746 
-0.785768 2.752738 0.018122 0.011463 -0.258237 -0.769382 
-0.786661 2.752269 0.017691 0.011246 -0.256733 -0.768833 
-0.786953 2.751817 0.017329 0.011152 -0.255464 -0.767501 
-0.787492 2.751957 0.017505 0.010411 -0.253754 -0.767517 
-0.789022 2.752252 0.017803 0.010002 -0.252820 -0.767007 
-0.790334 2.752410 0.018083 0.009973 -0.251442 -0.766706 
-0.790953 2.752977 0.018697 0.009272 -0.250460 -0.765577 
-0.792184 2.752413 0.019051 0.008244 -0.249641 -0.765216 
-0.793313 2.753089 0.018321 0.007484 -0.248730 -0.764838 
-0.794270 2.753918 0.019423 0.006862 -0.248227 -0.765436 
-0.794852 2.754004 0.019485 0.007139 -0.248871 -0.765100 
-0.794762 2.753454 0.019458 0.006719 -0.246634 -0.764544 
-0.795201 2.753006 0.019476 0.006304 -0.245113 -0.763576 
-0.795019 2.752894 0.019620 0.004953 -0.243775 -0.763214 
-0.795974 2.752096 0.019198 0.005508 -0.242496 -0.763592 
-0.796262 2.752536 0.019030 0.006504 -0.240974 -0.763144 
-0.796315 2.751496 0.020150 0.007248 -0.240048 -0.762888 
-0.795626 2.751088 0.019629 0.007404 -0.239993 -0.762773 
-0.797956 2.751617 0.019722 0.007312 -0.239302 -0.762287 
-0.799088 2.752169 0.019589 0.007492 -0.238062 -0.763089 
-0.799448 2.753014 0.019990 0.006773 -0.236983 -0.762026 
-0.800477 2.754053 0.020253 0.007423 -0.236490 -0.761056 
-0.801696 2.753739 0.020481 0.006158 -0.235805 -0.760724 
-0.802692 2.753386 0.020261 0.005041 -0.234739 -0.760207 
-0.803542 2.753297 0.021587 0.004078 -0.234112 -0.760272 
-0.804178 2.754375 0.020946 0.002854 -0.234663 -0.760465 
-0.803106 2.753306 0.021785 0.003751 -0.234363 -0.759527 
-0.804747 2.752005 0.021555 0.004411 -0.234690 -0.759775 
-0.803912 2.753869 0.021693 0.004573 -0.233948 -0.759818 
-0.804109 2.753614 0.021647 0.004987 -0.232140 -0.759298 
-0.804295 2.753613 0.022630 0.006050 -0.230851 -0.759145 
-0.804794 2.753898 0.022191 0.005740 -0.230324 -0.758906 
-0.804792 2.753988 0.021390 0.006071 -0.229985 -0.758625 
-0.804469 2.754216 0.022212 0.005637 -0.230199 -0.758978 
-0.804801 2.753796 0.022407 0.005322 -0.230227 -0.758062 
-0.805033 2.753387 0.022410 0.004665 -0.229682 -0.758128 
-0.805692 2.753477 0.022542 0.004069 -0.229362 -0.757939 
-0.806129 2.753211 0.022788 0.003506 -0.228861 -0.757687 
-0.806400 2.753430 0.023129 0.003361 -0.228932 -0.756857 
-0.806648 2.753274 0.022875 0.002503 -0.229133 -0.756698 
-0.806587 2.753283 0.022790 0.003556 -0.228866 -0.756700 
-0.806401 2.753786 0.022494 0.003429 -0.228141 -0.756511 
-0.807098 2.753975 0.022658 0.003578 -0.227521 -0.756509 
-0.807255 2.753688 0.022851 0.003701 -0.226704 -0.756154 
-0.807711 2.753922 0.022873 0.003966 -0.225989 -0.755825 
-0.807408 2.753461 0.022974 0.004045 -0.225369 -0.755326 
-0.807246 2.753464 0.022983 0.004405 -0.225275 -0.755597 
-0.807950 2.753344 0.022746 0.003395 -0.224956 -0.755309 
-0.808257 2.753589 0.023235 0.002748 -0.224604 -0.755174 
-0.809070 2.753262 0.023324 0.002480 -0.224552 -0.754852 
-0.809389 2.753540 0.022916 0.001910 -0.224246 -0.754417 
-0.809400 2.753060 0.022914 0.001067 -0.224280 -0.754522 
-0.809217 2.753312 0.022967 0.001999 -0.223926 -0.754206 
-0.809702 2.753395 0.022969 0.002121 -0.223127 -0.754447 
-0.810153 2.753600 0.023303 0.002201 -0.222551 -0.753939 
-0.810688 2.753459 0.022947 0.002508 -0.222029 -0.753546 
-0.810779 2.753826 0.022866 0.002571 -0.221172 -0.753290 
-0.811224 2.753668 0.023255 0.002977 -0.220536 -0.753186 
-0.811557 2.753347 0.023229 0.002217 -0.220167 -0.753033 
-0.812305 2.753586 0.023125 0.001710 -0.219923 -0.752936 
-0.812648 2.753441 0.023085 0.001178 -0.219528 -0.752325 
-0.813017 2.753183 0.022717 0.000717 -0.218916 -0.752494 
-0.813090 2.753385 0.023249 0.000051 -0.218503 -0.752592 
-0.813761 2.752815 0.023406 -0.000276 -0.218716 -0.752544 
-0.812923 2.753412 0.023052 -0.000272 -0.218759 -0.752619 
-0.813550 2.753721 0.023125 0.000229 -0.217819 -0.752252 
-0.813498 2.753455 0.023169 0.000392 -0.216979 -0.751870 
-0.813859 2.753580 0.023155 0.000687 -0.216149 -0.752051 
-0.814115 2.753860 0.023520 0.001004 -0.215657 -0.751474 
-0.814263 2.754014 0.023003 0.000727 -0.214992 -0.751125 
-0.813948 2.754243 0.023059 0.000514 -0.214125 -0.751085 
-0.813975 2.754143 0.022489 0.001059 -0.213640 -0.750791 
-0.813996 2.753801 0.023177 0.000420 -0.214025 -0.750999 
-0.814738 2.753828 0.023291 -0.000081 -0.213656 -0.750955 
-0.815163 2.753859 0.023384 -0.000757 -0.213422 -0.750453 
-0.815507 2.753668 0.023046 -0.001450 -0.213144 -0.750810 
-0.816142 2.753704 0.023632 -0.001564 -0.212714 -0.750725 
-0.816112 2.753006 0.024076 -0.001864 -0.212436 -0.750407 
-0.816892 2.752723 0.024059 -0.001854 -0.212894 -0.750172 
-0.816191 2.752921 0.023810 -0.001640 -0.212154 -0.750250 
-0.816495 2.753108 0.023713 -0.001689 -0.211376 -0.749793 
-0.816871 2.753049 0.023688 -0.001463 -0.210509 -0.749725 
-0.817143 2.752951 0.023292 -0.001616 -0.209706 -0.749511 
-0.817359 2.752979 0.023233 -0.001350 -0.208932 -0.749027 
-0.817372 2.752902 0.022597 -0.001824 -0.208536 -0.748625 
-0.817766 2.753573 0.022125 -0.001678 -0.208251 -0.748775 
-0.818624 2.753302 0.022096 -0.001714 -0.208511 -0.748500 
-0.818692 2.753513 0.022383 -0.002029 -0.208440 -0.748449 
-0.819329 2.753359 0.022335 -0.002276 -0.207769 -0.748347 
-0.819975 2.753304 0.022268 -0.002496 -0.207151 -0.748034 
-0.820639 2.753231 0.022178 -0.002766 -0.206545 -0.747790 
-0.821104 2.753503 0.022294 -0.002985 -0.206165 -0.747114 
-0.821656 2.753503 0.022722 -0.002581 -0.205618 -0.747049 
-0.821717 2.752831 0.023100 -0.002699 -0.205226 -0.746616 
-0.821577 2.752993 0.023042 -0.002648 -0.204284 -0.746490 
-0.822043 2.752844 0.022779 -0.002284 -0.203717 -0.746053 
-0.822560 2.752877 0.023021 -0.002396 -0.202952 -0.745883 
-0.822975 2.752967 0.023342 -0.002361 -0.202197 -0.745569 
-0.823802 2.752681 0.023113 -0.002326 -0.201875 -0.745394 
-0.824236 2.752362 0.023149 -0.002303 -0.201121 -0.745700 
-0.824597 2.752337 0.022908 -0.002869 -0.200542 -0.745369 
-0.825149 2.752800 0.022600 -0.003137 -0.200026 -0.745337 
-0.825747 2.752736 0.022687 -0.003704 -0.199572 -0.745099 
-0.826138 2.752649 0.022410 -0.003985 -0.198892 -0.744681 
-0.826710 2.752583 0.022301 -0.004275 -0.198181 -0.744539 
-0.827535 2.752549 0.022160 -0.004251 -0.197950 -0.744093 
-0.828032 2.752335 0.021658 -0.004774 -0.197583 -0.744064 
-0.828353 2.752588 0.021891 -0.004979 -0.196869 -0.743640 
-0.828511 2.752714 0.021879 -0.005509 -0.196093 -0.743467 
-0.829015 2.752605 0.022248 -0.005305 -0.195534 -0.743911 
-0.829194 2.752027 0.022610 -0.005334 -0.195020 -0.743474 
-0.829449 2.752045 0.022510 -0.005017 -0.194190 -0.743174 
-0.829877 2.752074 0.022640 -0.004905 -0.193396 -0.742844 
-0.830007 2.751838 0.022472 -0.004977 -0.192475 -0.742818 
-0.830690 2.751479 0.022151 -0.004666 -0.192143 -0.742600 
-0.830798 2.751408 0.022372 -0.004240 -0.191338 -0.742359 
-0.831250 2.751090 0.022710 -0.004880 -0.191069 -0.742128 
-0.831251 2.751158 0.022378 -0.005294 -0.190846 -0.741343 
-0.831865 2.751452 0.022311 -0.005810 -0.190377 -0.741332 
-0.832280 2.751103 0.022253 -0.006410 -0.189864 -0.741149 
-0.832966 2.751196 0.022614 -0.006664 -0.189802 -0.740625 
-0.832643 2.751501 0.023091 -0.007266 -0.189402 -0.740555 
-0.832658 2.751488 0.023032 -0.007577 -0.189763 -0.740641 
-0.832935 2.751620 0.022911 -0.007077 -0.188552 -0.740305 
-0.833336 2.751765 0.022617 -0.007117 -0.187764 -0.740053 
-0.833676 2.751979 0.022409 -0.007395 -0.186982 -0.739808 
-0.833716 2.752294 0.022535 -0.007991 -0.186313 -0.739624 
-0.834228 2.752213 0.022748 -0.007842 -0.185573 -0.739889 
-0.834470 2.751983 0.022754 -0.007700 -0.184751 -0.739508 
-0.834829 2.752273 0.022760 -0.007415 -0.183977 -0.739259 
-0.835528 2.752039 0.022756 -0.007592 -0.183432 -0.738973 
-0.835970 2.751791 0.022555 -0.007700 -0.182634 -0.738880 
-0.836447 2.751553 0.022839 -0.007754 -0.181923 -0.738599 
-0.837151 2.751693 0.022814 -0.007768 -0.181287 -0.738415 
-0.837554 2.751726 0.022834 -0.007652 -0.180427 -0.738222 
-0.838064 2.751298 0.022518 -0.008073 -0.179964 -0.738357 
-0.838723 2.750808 0.022353 -0.007608 -0.179841 -0.738213 
-0.839014 2.750783 0.022131 -0.008079 -0.179492 -0.737524 
-0.839579 2.750775 0.022200 -0.008582 -0.178926 -0.737287 
-0.840082 2.750945 0.021823 -0.008962 -0.178337 -0.737091 
-0.840354 2.750679 0.021797 -0.009404 -0.177623 -0.736770 
-0.840911 2.750515 0.021716 -0.010034 -0.177268 -0.736474 
-0.841115 2.750900 0.022017 -0.009828 -0.176652 -0.735972 
-0.841613 2.750798 0.022181 -0.009515 -0.175957 -0.736266 
-0.841478 2.751237 0.022455 -0.009889 -0.175264 -0.736484 
-0.841631 2.751283 0.022285 -0.009720 -0.174409 -0.736111 
-0.841767 2.751047 0.022813 -0.009656 -0.173736 -0.735733 
-0.842301 2.751418 0.022900 -0.009513 -0.173082 -0.735459 
-0.842095 2.751714 0.023067 -0.008836 -0.172502 -0.735418 
-0.842484 2.751202 0.022862 -0.009431 -0.172966 -0.735828 
-0.842898 2.751013 0.022653 -0.010038 -0.172470 -0.735531 
-0.843270 2.751269 0.023146 -0.010695 -0.172230 -0.735667 
-0.844065 2.750989 0.023216 -0.010827 -0.172202 -0.735198 
-0.844554 2.751421 0.022589 -0.011171 -0.172085 -0.735236 
-0.844508 2.751236 0.022512 -0.011438 -0.172431 -0.735311 
-0.844703 2.751392 0.022683 -0.011197 -0.171173 -0.734936 
-0.845218 2.751313 0.022858 -0.010901 -0.170487 -0.735241 
-0.845514 2.751667 0.023147 -0.010750 -0.169822 -0.734803 
-0.845612 2.751441 0.022705 -0.010213 -0.169328 -0.734399 
-0.845266 2.751804 0.022710 -0.010236 -0.168525 -0.734634 
-0.845720 2.751486 0.022963 -0.010621 -0.167937 -0.734336 
-0.846390 2.751453 0.023141 -0.010856 -0.167344 -0.734079 
-0.847015 2.751547 0.023291 -0.011042 -0.166667 -0.733884 
-0.847520 2.751712 0.023427 -0.011213 -0.165888 -0.733755 
-0.848081 2.751444 0.023372 -0.011426 -0.165191 -0.733573 
-0.848618 2.751259 0.023654 -0.011573 -0.164509 -0.733317 
-0.848989 2.751127 0.023657 -0.011780 -0.163646 -0.733215 
-0.849648 2.751194 0.023610 -0.011967 -0.162971 -0.733068 
-0.850170 2.751290 0.023719 -0.012152 -0.162192 -0.732927 
-0.850481 2.751186 0.023797 -0.012354 -0.161304 -0.732827 
-0.851101 2.751022 0.023910 -0.012504 -0.160628 -0.732603 
-0.851646 2.751118 0.024097 -0.012671 -0.159883 -0.732430 
-0.852004 2.750949 0.024307 -0.012837 -0.159049 -0.732263 
-0.852376 2.751347 0.024566 -0.013003 -0.158303 -0.732177 
-0.852696 2.751382 0.024469 -0.013499 -0.157759 -0.731631 
-0.853190 2.751328 0.024522 -0.014125 -0.157210 -0.731528 
-0.853645 2.751346 0.024422 -0.014357 -0.156495 -0.731115 
-0.854118 2.751483 0.024463 -0.014606 -0.155734 -0.730853 
-0.854459 2.751345 0.024581 -0.014863 -0.154942 -0.730520 
-0.854895 2.751433 0.024696 -0.015120 -0.154154 -0.730286 
-0.855446 2.751304 0.024625 -0.015525 -0.153501 -0.730085 
-0.855876 2.751649 0.024794 -0.015703 -0.152746 -0.729947 
-0.856019 2.751481 0.025200 -0.015896 -0.151931 -0.729752 
-0.856476 2.751591 0.025582 -0.016127 -0.151640 -0.729082 
-0.856435 2.751788 0.025473 -0.016558 -0.150891 -0.728690 
-0.856848 2.751764 0.025450 -0.016417 -0.150077 -0.728374 
-0.857274 2.751758 0.025472 -0.016361 -0.149250 -0.728085 
-0.857634 2.751806 0.025502 -0.016460 -0.148400 -0.727785 
-0.857592 2.752020 0.025438 -0.016973 -0.147681 -0.727438 
-0.857531 2.752355 0.025688 -0.016592 -0.146986 -0.727053 
-0.857741 2.751763 0.025466 -0.016693 -0.146481 -0.726559 
-0.858339 2.752068 0.024880 -0.016736 -0.146229 -0.726251 
-0.858321 2.751967 0.024359 -0.016661 -0.145562 -0.726722 
-0.858659 2.751924 0.024631 -0.016734 -0.145468 -0.726906 
-0.859353 2.751917 0.024708 -0.017080 -0.144948 -0.726628 
-0.860084 2.751886 0.024779 -0.017357 -0.144439 -0.726351 
-0.860319 2.752039 0.024694 -0.018041 -0.143863 -0.726093 
-0.861024 2.751995 0.024675 -0.018290 -0.143284 -0.725853 
-0.861499 2.752010 0.024469 -0.018674 -0.142573 -0.725669 
-0.862328 2.751893 0.024552 -0.018713 -0.142134 -0.725444 
-0.862913 2.751859 0.024375 -0.018982 -0.141445 -0.725265 
-0.863755 2.751636 0.024567 -0.018628 -0.141313 -0.725139 
-0.864327 2.751258 0.024288 -0.019226 -0.141472 -0.725287 
-0.863919 2.752041 0.024415 -0.018601 -0.141436 -0.725233 
-0.863988 2.751856 0.025097 -0.018645 -0.140571 -0.725002 
-0.864154 2.751974 0.025086 -0.018553 -0.140190 -0.724131 
-0.864323 2.751946 0.024925 -0.018145 -0.139343 -0.724011 
-0.864611 2.752050 0.025407 -0.017847 -0.138764 -0.723560 
-0.864232 2.752346 0.025348 -0.018269 -0.138073 -0.723306 
-0.864904 2.752096 0.025187 -0.018812 -0.137741 -0.723216 
-0.865422 2.752872 0.024917 -0.018860 -0.137655 -0.723257 
-0.865407 2.752837 0.024677 -0.018803 -0.137782 -0.722857 
-0.865966 2.752709 0.024500 -0.019172 -0.137128 -0.722685 
-0.866280 2.752767 0.024326 -0.019576 -0.136349 -0.722458 
-0.866856 2.752760 0.024389 -0.019815 -0.135671 -0.722141 
-0.867326 2.752819 0.024391 -0.020064 -0.134967 -0.721727 
-0.867690 2.752906 0.024299 -0.020380 -0.134220 -0.721344 
-0.868267 2.752951 0.024490 -0.020432 -0.133691 -0.720796 
-0.868780 2.752985 0.024660 -0.021072 -0.133340 -0.720438 
-0.869293 2.752923 0.024525 -0.020948 -0.132556 -0.720241 
-0.869667 2.752967 0.024378 -0.020854 -0.131749 -0.719880 
-0.870186 2.752895 0.024212 -0.020888 -0.130955 -0.719738 
-0.870570 2.752966 0.024104 -0.020937 -0.130172 -0.719322 
-0.871113 2.752898 0.023965 -0.021095 -0.129405 -0.719173 
-0.871516 2.752963 0.023866 -0.021203 -0.128631 -0.718766 
-0.872132 2.752808 0.023732 -0.021484 -0.127958 -0.718809 
-0.872823 2.752785 0.024024 -0.021747 -0.127597 -0.718374 
-0.873242 2.752829 0.023901 -0.021921 -0.126815 -0.718027 
-0.873799 2.752656 0.023723 -0.022354 -0.126211 -0.718194 
-0.874321 2.752391 0.023157 -0.022199 -0.126078 -0.717696 
-0.874925 2.752876 0.023113 -0.021954 -0.125541 -0.717644 
-0.875283 2.752667 0.023286 -0.021732 -0.124740 -0.717399 
-0.875699 2.752771 0.023277 -0.021821 -0.123965 -0.716998 
-0.876221 2.752807 0.023288 -0.021883 -0.123200 -0.716694 
-0.876887 2.752571 0.023406 -0.021761 -0.122549 -0.716698 
-0.877116 2.752681 0.023164 -0.021748 -0.121669 -0.716460 
-0.877588 2.752830 0.023413 -0.021705 -0.121154 -0.715844 
-0.877762 2.752639 0.023528 -0.020929 -0.120644 -0.715731 
-0.877529 2.753132 0.023686 -0.021700 -0.121037 -0.716080 
-0.877565 2.752491 0.023669 -0.022438 -0.120696 -0.715683 
-0.878148 2.752659 0.023486 -0.023117 -0.120411 -0.715582 
-0.877885 2.752994 0.023352 -0.023651 -0.120079 -0.714983 
-0.878290 2.752902 0.023886 -0.024191 -0.120276 -0.714577 
-0.877710 2.753021 0.023252 -0.023920 -0.120377 -0.715173 
-0.878159 2.752768 0.023228 -0.023781 -0.119189 -0.714927 
-0.878575 2.752482 0.022599 -0.023668 -0.119074 -0.714400 
-0.879084 2.752943 0.022484 -0.023586 -0.118408 -0.714265 
-0.879273 2.752933 0.022478 -0.023435 -0.117541 -0.713886 
-0.879963 2.752701 0.022505 -0.023157 -0.116983 -0.714072 
-0.880257 2.752811 0.022155 -0.023480 -0.116196 -0.713987 
-0.880560 2.752989 0.021795 -0.023598 -0.115378 -0.713849 
-0.881034 2.753089 0.021579 -0.023291 -0.114622 -0.713774 
-0.880784 2.753454 0.021138 -0.023814 -0.114166 -0.713486 
-0.881297 2.753457 0.021422 -0.024404 -0.113900 -0.713048 
-0.881308 2.753665 0.021963 -0.024848 -0.113302 -0.713299 
-0.881528 2.753172 0.021921 -0.025402 -0.112790 -0.712999 
-0.882184 2.753354 0.021726 -0.026049 -0.112617 -0.713067 
-0.882365 2.753498 0.022016 -0.026334 -0.112170 -0.712336 
-0.882080 2.753644 0.021695 -0.026796 -0.111488 -0.712072 
-0.881777 2.753557 0.021976 -0.027570 -0.111828 -0.711824 
-0.882037 2.753694 0.022031 -0.026843 -0.111282 -0.712348 
-0.882543 2.753528 0.021962 -0.026575 -0.110533 -0.712169 
-0.882961 2.754044 0.021890 -0.026258 -0.109926 -0.711974 
-0.882614 2.753870 0.022041 -0.025649 -0.109417 -0.711587 
-0.882856 2.754037 0.021594 -0.026089 -0.109866 -0.712302 
-0.883705 2.753967 0.021848 -0.026518 -0.109369 -0.711852 
-0.884108 2.754292 0.022250 -0.026827 -0.108743 -0.712042 
-0.884906 2.754245 0.022592 -0.026408 -0.108811 -0.712179 
-0.885579 2.754535 0.022428 -0.026663 -0.108348 -0.711848 
-0.886240 2.754380 0.022450 -0.027074 -0.107802 -0.711691 
-0.886820 2.754688 0.022767 -0.027584 -0.107710 -0.711299 
-0.886791 2.754614 0.022959 -0.027147 -0.107019 -0.710807 
-0.887042 2.754650 0.022854 -0.026812 -0.106163 -0.710624 
-0.887311 2.754169 0.023394 -0.026494 -0.105659 -0.710573 
-0.887579 2.753772 0.022965 -0.026260 -0.105598 -0.709880 
-0.887133 2.753604 0.022946 -0.026641 -0.104900 -0.709572 
-0.887015 2.753986 0.023115 -0.026189 -0.104314 -0.709106 
-0.887424 2.753763 0.023092 -0.026924 -0.104899 -0.709408 
-0.888018 2.753657 0.022847 -0.027294 -0.104287 -0.709546 
-0.888504 2.753345 0.022988 -0.027877 -0.103838 -0.709303 
-0.888737 2.753634 0.022460 -0.028519 -0.103575 -0.709066 
-0.888772 2.753914 0.022929 -0.028949 -0.103157 -0.709608 
-0.888848 2.753737 0.022848 -0.029150 -0.103469 -0.709846 
-0.889371 2.754118 0.023069 -0.028589 -0.102636 -0.709243 
-0.889387 2.753901 0.022985 -0.028344 -0.101763 -0.708967 
-0.889473 2.754017 0.023337 -0.028285 -0.101224 -0.708249 
-0.889566 2.754497 0.023125 -0.027776 -0.100597 -0.708119 
-0.890235 2.754039 0.023189 -0.027728 -0.100094 -0.707927 
-0.890254 2.753744 0.023441 -0.027954 -0.099229 -0.707876 
-0.890331 2.753575 0.022823 -0.028330 -0.098909 -0.707335 
-0.890307 2.752977 0.022741 -0.028019 -0.098454 -0.706802 
-0.890913 2.753163 0.022804 -0.028479 -0.097965 -0.706491 
-0.891540 2.753277 0.022742 -0.028936 -0.097412 -0.706319 
-0.892149 2.753300 0.022652 -0.029338 -0.096807 -0.706106 
-0.892706 2.753274 0.022656 -0.029668 -0.096204 -0.705692 
-0.893234 2.753142 0.022391 -0.030013 -0.095554 -0.705479 
-0.893721 2.753093 0.022498 -0.030265 -0.094993 -0.704910 
-0.894199 2.752902 0.022276 -0.030548 -0.094338 -0.704550 
-0.894508 2.752833 0.022571 -0.030637 -0.093929 -0.703781 
-0.894438 2.753409 0.022384 -0.030904 -0.093316 -0.703415 
-0.894564 2.753278 0.022452 -0.031775 -0.093126 -0.703068 
-0.894741 2.753399 0.022187 -0.031774 -0.093416 -0.702872 
-0.895111 2.753423 0.022620 -0.031515 -0.092397 -0.702988 
-0.895459 2.753408 0.022643 -0.031190 -0.091577 -0.702756 
-0.895890 2.753668 0.022976 -0.030914 -0.090887 -0.702565 
-0.895673 2.753360 0.023173 -0.030884 -0.090027 -0.702383 
-0.896130 2.753452 0.022759 -0.030897 -0.089443 -0.702855 
-0.896770 2.752785 0.022979 -0.030675 -0.089423 -0.702886 
-0.897265 2.752800 0.022581 -0.030487 -0.089001 -0.702306 
-0.897271 2.752817 0.022439 -0.029562 -0.088744 -0.702409 
-0.897443 2.753093 0.022921 -0.030459 -0.088933 -0.702291 
-0.897957 2.753007 0.022957 -0.031156 -0.088544 -0.702081 
-0.898574 2.752940 0.022980 -0.031627 -0.087994 -0.701872 
-0.899226 2.753214 0.023317 -0.031648 -0.087428 -0.701734 
-0.900095 2.753489 0.023211 -0.031965 -0.087481 -0.701642 
-0.900283 2.753335 0.023676 -0.032217 -0.087096 -0.700958 
-0.900119 2.753900 0.023538 -0.032606 -0.086469 -0.700749 
-0.900338 2.753832 0.023982 -0.033077 -0.085811 -0.700970 
-0.900666 2.753664 0.023702 -0.032878 -0.085036 -0.700653 
-0.901016 2.753673 0.023612 -0.032681 -0.084234 -0.700279 
-0.901376 2.753682 0.023631 -0.032593 -0.083381 -0.699979 
-0.901694 2.753559 0.023834 -0.032848 -0.082526 -0.699992 
-0.901900 2.753865 0.023950 -0.032970 -0.081684 -0.699709 
-0.902370 2.753593 0.023899 -0.032611 -0.081024 -0.699407 
-0.902411 2.753373 0.023439 -0.033117 -0.080464 -0.699058 
-0.902575 2.753128 0.023870 -0.033508 -0.080108 -0.698425 
-0.903221 2.753189 0.023833 -0.033965 -0.079589 -0.698193 
-0.903692 2.753172 0.023835 -0.034391 -0.078898 -0.697926 
-0.903824 2.752980 0.024036 -0.034748 -0.078156 -0.697499 
-0.904248 2.753212 0.023868 -0.034984 -0.077757 -0.696809 
-0.904853 2.752886 0.023787 -0.035413 -0.077359 -0.696445 
-0.904900 2.753265 0.023897 -0.036255 -0.077104 -0.696295 
-0.905063 2.752974 0.024198 -0.035335 -0.077463 -0.696417 
-0.905477 2.753006 0.024134 -0.034867 -0.076722 -0.696323 
-0.905753 2.752789 0.024146 -0.034423 -0.076139 -0.695781 
-0.906538 2.752976 0.023745 -0.034089 -0.075972 -0.695748 
-0.906895 2.752535 0.023882 -0.033912 -0.075315 -0.696135 
-0.906833 2.752997 0.023923 -0.033301 -0.074715 -0.696166 
-0.906858 2.752361 0.023922 -0.033545 -0.075567 -0.696217 
-0.907534 2.752502 0.024354 -0.034287 -0.075146 -0.695745 
-0.907902 2.752163 0.024003 -0.034751 -0.074716 -0.695321 
-0.908527 2.752239 0.023938 -0.035417 -0.074484 -0.695559 
-0.908214 2.751878 0.024402 -0.035927 -0.074047 -0.695315 
-0.908309 2.752238 0.024292 -0.036334 -0.074193 -0.694530 
-0.908200 2.752158 0.024406 -0.035785 -0.073674 -0.695299 
-0.908696 2.752010 0.024515 -0.035428 -0.072982 -0.695038 
-0.908819 2.751957 0.024169 -0.035298 -0.072093 -0.694940 
-0.909182 2.752179 0.024515 -0.035051 -0.071326 -0.694876 
-0.909444 2.751426 0.024671 -0.034979 -0.070790 -0.694882 
-0.909012 2.751307 0.024743 -0.034291 -0.070577 -0.694405 
-0.909502 2.751421 0.024573 -0.034670 -0.070842 -0.695239 
-0.910239 2.751471 0.024384 -0.035289 -0.070598 -0.694560 
-0.910522 2.751552 0.024345 -0.035990 -0.069992 -0.694641 
-0.911162 2.751529 0.024973 -0.036366 -0.070018 -0.694552 
-0.911370 2.751028 0.024518 -0.037018 -0.070126 -0.694429 
-0.911174 2.751190 0.025054 -0.036183 -0.069749 -0.694448 
-0.911399 2.751503 0.025052 -0.036039 -0.069028 -0.693932 
-0.911968 2.751565 0.024896 -0.035704 -0.068485 -0.694373 
-0.911827 2.751637 0.025281 -0.035760 -0.067603 -0.694362 
-0.912174 2.751669 0.025494 -0.035236 -0.067085 -0.693869 
-0.912436 2.751347 0.025019 -0.035759 -0.066611 -0.693627 
-0.911957 2.751360 0.024320 -0.035506 -0.066200 -0.693589 
-0.912507 2.751797 0.024939 -0.035886 -0.066610 -0.693538 
-0.913087 2.751772 0.025016 -0.036533 -0.066173 -0.693496 
-0.913776 2.751871 0.025284 -0.036841 -0.065695 -0.693226 
-0.914217 2.751908 0.025094 -0.037372 -0.065040 -0.693114 
-0.914884 2.752059 0.025359 -0.037526 -0.064523 -0.692763 
-0.915385 2.752159 0.025248 -0.037907 -0.063827 -0.692538 
-0.916032 2.752347 0.025598 -0.037878 -0.063375 -0.692123 
-0.916191 2.752613 0.026169 -0.038190 -0.062732 -0.692267 
-0.916185 2.752560 0.026445 -0.038734 -0.062560 -0.691526 
-0.917050 2.752712 0.026533 -0.038956 -0.062207 -0.691557 
-0.916984 2.752829 0.026179 -0.038697 -0.061379 -0.691317 
-0.916750 2.752962 0.026047 -0.039064 -0.060573 -0.691598 
-0.916696 2.753298 0.026665 -0.038583 -0.060111 -0.691486 
-0.916791 2.752435 0.026850 -0.038388 -0.059755 -0.691522 
-0.916722 2.752391 0.026980 -0.038646 -0.059729 -0.691138 
-0.916851 2.752453 0.026740 -0.038349 -0.058998 -0.690636 
-0.917485 2.752550 0.027060 -0.038518 -0.058365 -0.690524 
-0.917896 2.752622 0.027387 -0.038595 -0.057574 -0.690326 
-0.918064 2.752677 0.027461 -0.038451 -0.056711 -0.689936 
-0.918559 2.752729 0.028081 -0.038819 -0.056318 -0.690111 
-0.919354 2.752720 0.028406 -0.038561 -0.056389 -0.689729 
-0.920003 2.752551 0.028069 -0.039085 -0.056051 -0.689712 
-0.920330 2.753400 0.027975 -0.039385 -0.055921 -0.689611 
-0.920796 2.753479 0.027805 -0.038994 -0.055581 -0.690270 
-0.920688 2.753482 0.027786 -0.038852 -0.055183 -0.690050 
-0.921237 2.753381 0.027922 -0.039185 -0.054496 -0.689849 
-0.921840 2.753283 0.027831 -0.039436 -0.053849 -0.689547 
-0.922514 2.753186 0.027924 -0.039780 -0.053252 -0.689476 
-0.923192 2.753120 0.027561 -0.039839 -0.052703 -0.689247 
-0.923973 2.753047 0.027593 -0.040113 -0.052213 -0.689402 
-0.923835 2.753017 0.027288 -0.040574 -0.051426 -0.689307 
-0.924113 2.753073 0.027448 -0.040576 -0.050673 -0.688777 
-0.924385 2.753210 0.027431 -0.040403 -0.049799 -0.688519 
-0.924740 2.753530 0.027413 -0.040606 -0.049158 -0.687996 
-0.925042 2.753312 0.027451 -0.040654 -0.048400 -0.687509 
-0.925286 2.753423 0.027217 -0.040786 -0.047534 -0.687265 
-0.925910 2.753543 0.027532 -0.040825 -0.046871 -0.687171 
-0.926369 2.753764 0.027606 -0.041343 -0.046525 -0.686622 
-0.926137 2.753960 0.028142 -0.041713 -0.045901 -0.686403 
-0.926681 2.754154 0.028174 -0.041792 -0.045319 -0.685881 
-0.927010 2.754345 0.028375 -0.041741 -0.044553 -0.685457 
-0.927618 2.754261 0.028354 -0.042134 -0.043974 -0.685162 
-0.928174 2.754194 0.028393 -0.042477 -0.043313 -0.684873 
-0.928679 2.754233 0.028485 -0.042680 -0.042598 -0.684504 
-0.928968 2.754174 0.028735 -0.043019 -0.041790 -0.684312 
-0.929554 2.754470 0.028705 -0.043356 -0.041200 -0.684068 
-0.930171 2.754338 0.029025 -0.043564 -0.040822 -0.683550 
-0.930255 2.754220 0.028653 -0.043849 -0.040243 -0.682935 
-0.930838 2.754025 0.028500 -0.043712 -0.039515 -0.682885 
-0.931272 2.754102 0.028520 -0.043510 -0.038712 -0.682614 
-0.931831 2.754003 0.028449 -0.043533 -0.037937 -0.682455 
-0.932186 2.754058 0.028392 -0.043572 -0.037138 -0.682028 
-0.931719 2.754540 0.028512 -0.043344 -0.036987 -0.681385 
-0.931934 2.753760 0.028624 -0.043570 -0.036964 -0.682074 
-0.932025 2.754479 0.028490 -0.044342 -0.036850 -0.682283 
-0.932235 2.754487 0.028868 -0.044436 -0.036998 -0.682139 
-0.932242 2.754054 0.028489 -0.044955 -0.037082 -0.681550 
-0.932798 2.754475 0.028847 -0.044337 -0.036217 -0.682006 
-0.933526 2.754532 0.028817 -0.044335 -0.035587 -0.682153 
-0.933926 2.754909 0.028867 -0.044183 -0.034855 -0.681851 
-0.934135 2.754652 0.029185 -0.044131 -0.033996 -0.681892 
-0.934710 2.754438 0.029083 -0.043446 -0.033786 -0.681659 
-0.934908 2.754371 0.029372 -0.043624 -0.033940 -0.681422 
-0.935265 2.754248 0.029117 -0.044258 -0.033569 -0.680967 
-0.935842 2.754472 0.029347 -0.044816 -0.033170 -0.680752 
-0.935706 2.754484 0.029559 -0.045057 -0.032749 -0.679942 
-0.936065 2.753876 0.029676 -0.045649 -0.032503 -0.679767 
-0.936484 2.754229 0.029330 -0.046023 -0.032805 -0.679216 
-0.936348 2.753771 0.029618 -0.045302 -0.032395 -0.679656 
-0.936459 2.753876 0.029224 -0.045237 -0.031521 -0.679745 
-0.936889 2.753982 0.029670 -0.044955 -0.030833 -0.679669 
-0.936959 2.753604 0.029545 -0.044504 -0.030139 -0.679346 
-0.936915 2.753378 0.029620 -0.044398 -0.030122 -0.679756 
-0.937802 2.753938 0.029239 -0.044556 -0.029963 -0.679401 
-0.937781 2.754679 0.029098 -0.043949 -0.029887 -0.679502 
-0.937618 2.754071 0.029113 -0.044813 -0.029667 -0.679533 
-0.938188 2.754008 0.029322 -0.045458 -0.029303 -0.679352 
-0.938640 2.753759 0.028783 -0.046052 -0.029190 -0.679175 
-0.939032 2.753425 0.028992 -0.046138 -0.028925 -0.679928 
-0.939017 2.753216 0.028947 -0.045909 -0.028588 -0.679764 
-0.939015 2.752879 0.029342 -0.046192 -0.027948 -0.679324 
-0.939539 2.753338 0.029314 -0.045994 -0.027327 -0.679117 
-0.940201 2.753025 0.029598 -0.045662 -0.027562 -0.678704 
-0.940364 2.752887 0.029234 -0.045897 -0.027563 -0.678632 
-0.940650 2.752814 0.029095 -0.045668 -0.026725 -0.678330 
-0.941164 2.752889 0.029174 -0.045772 -0.025928 -0.678150 
-0.941668 2.752840 0.029237 -0.045780 -0.025134 -0.677900 
-0.941772 2.752430 0.029037 -0.045288 -0.024570 -0.677481 
-0.941506 2.752950 0.029308 -0.045942 -0.025161 -0.677490 
-0.941831 2.753718 0.029115 -0.046058 -0.024710 -0.677424 
-0.941447 2.753682 0.029167 -0.046586 -0.024027 -0.677662 
-0.942072 2.753597 0.029074 -0.047269 -0.023800 -0.677491 
-0.942467 2.753821 0.029798 -0.047463 -0.023374 -0.677417 
-0.942876 2.754180 0.029901 -0.048034 -0.022827 -0.677273 
-0.942237 2.754468 0.030123 -0.048059 -0.022235 -0.677522 
-0.942571 2.754578 0.030154 -0.048147 -0.022217 -0.678428 
-0.942387 2.754312 0.029984 -0.047780 -0.021929 -0.677512 
-0.942567 2.753785 0.030141 -0.047727 -0.021159 -0.677355 
-0.942890 2.753962 0.030199 -0.047232 -0.020451 -0.677095 
-0.942842 2.753781 0.029451 -0.047372 -0.019871 -0.677028 
-0.942589 2.753189 0.029463 -0.046710 -0.019568 -0.677115 
-0.942884 2.753658 0.029378 -0.047330 -0.020041 -0.676597 
-0.943813 2.753496 0.029270 -0.047518 -0.020072 -0.676719 
-0.944287 2.753636 0.029487 -0.048157 -0.019671 -0.676414 
-0.944934 2.754250 0.029135 -0.048283 -0.019658 -0.676281 
-0.945192 2.754012 0.028890 -0.049093 -0.019972 -0.676404 
-0.944883 2.754097 0.028789 -0.048271 -0.019354 -0.676260 
-0.945427 2.753944 0.029036 -0.047841 -0.018758 -0.676078 
-0.945342 2.753939 0.028971 -0.047713 -0.018751 -0.675115 
-0.945203 2.754122 0.029152 -0.047980 -0.018469 -0.675081 
-0.945211 2.754571 0.029087 -0.047445 -0.017791 -0.675056 
-0.945531 2.754361 0.028958 -0.048159 -0.018510 -0.675040 
-0.946114 2.753954 0.029009 -0.048602 -0.018053 -0.674838 
-0.946692 2.754135 0.029739 -0.048691 -0.018165 -0.674652 
-0.946600 2.754146 0.029683 -0.048665 -0.018215 -0.674179 
-0.946984 2.754092 0.029501 -0.049405 -0.017912 -0.673818 
-0.946651 2.753888 0.029639 -0.048780 -0.018606 -0.674203 
-0.947143 2.754118 0.029441 -0.048037 -0.017794 -0.674012 
-0.947019 2.753746 0.029835 -0.047744 -0.017071 -0.673820 
-0.947194 2.754405 0.029785 -0.047316 -0.016563 -0.673610 
-0.947275 2.753798 0.030209 -0.047735 -0.017228 -0.673745 
-0.947777 2.753174 0.030092 -0.047249 -0.017305 -0.673507 
-0.947407 2.754129 0.030249 -0.047520 -0.017006 -0.673627 
-0.947333 2.754140 0.030297 -0.047356 -0.017067 -0.673772 
-0.947693 2.754095 0.030244 -0.047719 -0.016774 -0.673878 
-0.947908 2.754062 0.030292 -0.048051 -0.016523 -0.673753 
-0.948147 2.754027 0.030385 -0.048353 -0.016240 -0.673740 
-0.948358 2.754000 0.030498 -0.048416 -0.016023 -0.674099 
-0.948692 2.754139 0.030315 -0.048683 -0.016074 -0.674095 
-0.948845 2.754008 0.030348 -0.048574 -0.016116 -0.674030 
-0.948850 2.753821 0.030043 -0.048556 -0.015787 -0.673992 
-0.948767 2.753457 0.030015 -0.048828 -0.015909 -0.674090 
-0.948860 2.753812 0.030179 -0.048660 -0.015676 -0.673857 
-0.949029 2.753857 0.030181 -0.048614 -0.015243 -0.673723 
-0.949134 2.753913 0.030100 -0.048568 -0.014890 -0.673421 
-0.949303 2.753868 0.030117 -0.048592 -0.014445 -0.673326 
-0.949430 2.753839 0.030066 -0.048610 -0.014042 -0.673088 
-0.949605 2.753715 0.030185 -0.048690 -0.013662 -0.673252 
-0.949383 2.753614 0.030352 -0.048412 -0.013395 -0.673211 
-0.949455 2.753823 0.030119 -0.048796 -0.013585 -0.673312 
-0.949951 2.753942 0.030206 -0.048811 -0.013442 -0.673192 
-0.950207 2.753842 0.030048 -0.049061 -0.013204 -0.673055 
-0.950476 2.753879 0.030033 -0.049171 -0.012836 -0.672924 
-0.950768 2.753737 0.030075 -0.049209 -0.012490 -0.672823 
-0.950931 2.753733 0.030042 -0.049365 -0.012062 -0.672766 
-0.951200 2.753806 0.030033 -0.049465 -0.011699 -0.672629 
-0.951456 2.753771 0.030066 -0.049527 -0.011302 -0.672532 
-0.951619 2.753790 0.030051 -0.049663 -0.010867 -0.672475 
-0.951898 2.753879 0.030055 -0.049744 -0.010513 -0.672330 
-0.952165 2.753848 0.030099 -0.049790 -0.010124 -0.672227 
-0.952358 2.753893 0.030100 -0.049902 -0.009699 -0.672149 
-0.952578 2.753768 0.030169 -0.049928 -0.009291 -0.672099 
-0.952785 2.753767 0.030105 -0.049999 -0.008908 -0.671899 
-0.952840 2.753830 0.030060 -0.050165 -0.008459 -0.671879 
-0.952965 2.753813 0.030275 -0.050416 -0.008230 -0.671633 
-0.953253 2.753828 0.030266 -0.050543 -0.007876 -0.671515 
-0.953506 2.753751 0.030261 -0.050658 -0.007500 -0.671396 
-0.953816 2.753822 0.030231 -0.050777 -0.007166 -0.671294 
-0.954057 2.753823 0.030263 -0.050853 -0.006776 -0.671147 
-0.954292 2.753826 0.030276 -0.050881 -0.006405 -0.670937 
-0.954535 2.753833 0.030291 -0.050928 -0.006028 -0.670749 
-0.954781 2.753842 0.030305 -0.050979 -0.005652 -0.670565 
-0.955020 2.753846 0.030323 -0.051023 -0.005274 -0.670376 
-0.955309 2.753896 0.030306 -0.051111 -0.004924 -0.670231 
-0.955581 2.753928 0.030303 -0.051185 -0.004560 -0.670070 
-0.955789 2.753908 0.030339 -0.051205 -0.004175 -0.669858 
-0.956069 2.753947 0.030332 -0.051288 -0.003814 -0.669710 
-0.956373 2.754012 0.030305 -0.051393 -0.003476 -0.669587 
-0.956656 2.754055 0.030294 -0.051478 -0.003119 -0.669439 
-0.956949 2.754108 0.030277 -0.051574 -0.002769 -0.669305 
-0.957231 2.754150 0.030266 -0.051657 -0.002412 -0.669156 
-0.957533 2.754212 0.030243 -0.051765 -0.002070 -0.669038 
-0.957808 2.754248 0.030237 -0.051838 -0.001709 -0.668876 
-0.957984 2.754491 0.030356 -0.051822 -0.001374 -0.668728 
-0.958217 2.754558 0.030238 -0.051919 -0.001106 -0.668437 
-0.958501 2.754561 0.030173 -0.051913 -0.000745 -0.668286 
-0.958786 2.754597 0.030153 -0.052038 -0.000406 -0.668128 
-0.959110 2.754650 0.030087 -0.052211 -0.000108 -0.668040 
-0.959407 2.754677 0.030039 -0.052296 0.000238 -0.667897 
-0.959711 2.754697 0.029984 -0.052361 0.000588 -0.667771 
-0.959999 2.754738 0.029945 -0.052487 0.000918 -0.667607 
-0.960294 2.754765 0.029899 -0.052571 0.001264 -0.667459 
-0.960575 2.754812 0.029867 -0.052713 0.001588 -0.667283 
-0.960873 2.754814 0.029809 -0.052722 0.001952 -0.667165 
-0.961161 2.754838 0.029766 -0.052793 0.002303 -0.667008 
-0.961450 2.754841 0.029715 -0.052803 0.002669 -0.666872 
-0.961741 2.754860 0.029669 -0.052860 0.003023 -0.666722 
-0.962033 2.754901 0.029628 -0.052986 0.003353 -0.666565 
-0.962315 2.754905 0.029583 -0.052997 0.003720 -0.666415 
-0.962601 2.754924 0.029540 -0.053054 0.004075 -0.666258 
-0.962893 2.754960 0.029499 -0.053164 0.004412 -0.666100 
-0.963182 2.754989 0.029457 -0.053254 0.004757 -0.665941 
-0.963472 2.755051 0.029420 -0.053444 0.005055 -0.665786 
-0.963753 2.755057 0.029375 -0.053461 0.005420 -0.665632 
-0.964035 2.755066 0.029332 -0.053486 0.005784 -0.665477 
-0.964315 2.755071 0.029288 -0.053498 0.006151 -0.665324 
-0.964602 2.755089 0.029245 -0.053553 0.006506 -0.665168 
-0.964881 2.755095 0.029202 -0.053569 0.006872 -0.665011 
-0.965175 2.755127 0.029158 -0.053666 0.007214 -0.664859 
-0.965476 2.755181 0.029111 -0.053837 0.007521 -0.664722 
-0.965765 2.755201 0.029067 -0.053899 0.007875 -0.664567 
-0.965764 2.755070 0.029056 -0.053479 0.008083 -0.664530 
-0.965608 2.755097 0.028950 -0.053532 0.008213 -0.664590 
-0.965804 2.755154 0.028824 -0.053691 0.008602 -0.664526 
-0.965839 2.755246 0.028645 -0.053941 0.008969 -0.664529 
-0.965942 2.755311 0.028482 -0.054113 0.009377 -0.664500 
-0.966043 2.755378 0.028318 -0.054292 0.009782 -0.664472 
-0.966146 2.755435 0.028156 -0.054441 0.010200 -0.664441 
-0.966249 2.755480 0.027994 -0.054550 0.010632 -0.664407 
-0.966282 2.755391 0.027912 -0.054248 0.010992 -0.664364 
-0.966112 2.755147 0.028144 -0.054448 0.011175 -0.664214 
-0.966102 2.755287 0.028311 -0.054424 0.011238 -0.664301 
-0.965953 2.755402 0.028084 -0.054476 0.011250 -0.663842 
-0.965755 2.755412 0.027998 -0.054483 0.011271 -0.663953 
-0.966206 2.755381 0.028093 -0.054744 0.011543 -0.663716 
-0.966460 2.755354 0.028110 -0.055007 0.011834 -0.663581 
-0.966740 2.755325 0.028185 -0.055213 0.012081 -0.663356 
-0.966904 2.755329 0.028143 -0.055511 0.012413 -0.663253 
-0.967073 2.755371 0.028176 -0.055725 0.012688 -0.662961 
-0.967001 2.755452 0.028004 -0.056025 0.013016 -0.662968 
-0.967084 2.755084 0.027918 -0.056228 0.013122 -0.662776 
-0.967352 2.755113 0.027670 -0.056025 0.013369 -0.662729 
-0.967720 2.755266 0.027482 -0.056221 0.013367 -0.662646 
-0.967931 2.755249 0.027607 -0.056190 0.013787 -0.662628 
-0.968065 2.755286 0.027617 -0.056121 0.014207 -0.662433 
-0.968236 2.755283 0.027614 -0.056062 0.014650 -0.662334 
-0.968393 2.755380 0.027543 -0.056031 0.014998 -0.662057 
-0.968652 2.755402 0.027501 -0.056031 0.015403 -0.661984 
-0.968913 2.755519 0.027387 -0.056070 0.015703 -0.661756 
-0.969203 2.755538 0.027338 -0.056092 0.016090 -0.661718 
-0.969514 2.755663 0.027203 -0.056172 0.016347 -0.661529 
-0.969707 2.755717 0.027113 -0.056143 0.016740 -0.661344 
-0.970060 2.755710 0.027080 -0.056221 0.017052 -0.661444 
-0.970408 2.755873 0.026902 -0.056377 0.017140 -0.661281 
-0.970780 2.755822 0.027089 -0.056221 0.017218 -0.661101 
-0.970865 2.756243 0.027181 -0.056106 0.017364 -0.661206 
-0.970824 2.756263 0.027338 -0.056274 0.017404 -0.661150 
-0.971054 2.756263 0.027354 -0.056494 0.017753 -0.661029 
-0.971320 2.756265 0.027385 -0.056738 0.018069 -0.660941 
-0.971459 2.756319 0.027275 -0.056739 0.018492 -0.660783 
-0.971501 2.756366 0.027310 -0.056912 0.018732 -0.660400 
-0.971472 2.756205 0.027520 -0.056948 0.019138 -0.660371 
-0.971286 2.756268 0.027328 -0.057257 0.019389 -0.660436 
-0.971392 2.755875 0.027108 -0.057308 0.019454 -0.660303 
-0.971570 2.755884 0.027160 -0.057445 0.019436 -0.660379 
-0.971773 2.755900 0.027146 -0.057505 0.019837 -0.660198 
-0.971979 2.755922 0.027126 -0.057556 0.020238 -0.660022 
-0.972188 2.755939 0.027115 -0.057621 0.020637 -0.659845 
-0.972408 2.755949 0.027119 -0.057713 0.021026 -0.659672 
-0.972651 2.755945 0.027158 -0.057861 0.021388 -0.659514 
-0.972832 2.755971 0.027121 -0.057879 0.021798 -0.659327 
-0.973034 2.755938 0.027097 -0.057958 0.022188 -0.659133 
-0.973298 2.755926 0.027177 -0.058166 0.022506 -0.659000 
-0.973433 2.756016 0.027151 -0.058302 0.022928 -0.658876 
-0.973606 2.755923 0.027102 -0.058464 0.023299 -0.658695 
-0.973877 2.755964 0.027191 -0.058242 0.023544 -0.658481 
-0.974182 2.755914 0.027123 -0.058209 0.023861 -0.658674 
-0.974509 2.756091 0.026872 -0.058302 0.023911 -0.658512 
-0.974782 2.756142 0.026903 -0.058370 0.024280 -0.658372 
-0.975073 2.756057 0.026890 -0.058433 0.024613 -0.658193 
-0.975319 2.756079 0.026860 -0.058464 0.025001 -0.658038 
-0.975582 2.756100 0.026846 -0.058503 0.025381 -0.657885 
-0.975568 2.756242 0.026669 -0.058425 0.025793 -0.657783 
-0.975758 2.756415 0.026897 -0.058562 0.026110 -0.657742 
-0.975951 2.756304 0.027007 -0.058659 0.026491 -0.657593 
-0.976217 2.756305 0.027085 -0.058751 0.026855 -0.657451 
-0.976505 2.756330 0.027201 -0.058863 0.027192 -0.657324 
-0.976781 2.756341 0.027301 -0.058966 0.027543 -0.657190 
-0.977042 2.756330 0.027388 -0.059061 0.027908 -0.657048 
-0.977312 2.756348 0.027480 -0.059160 0.028267 -0.656914 
-0.977549 2.756300 0.027549 -0.059245 0.028647 -0.656762 
-0.977805 2.756316 0.027629 -0.059336 0.029021 -0.656625 
-0.978008 2.756335 0.027673 -0.059401 0.029434 -0.656483 
-0.978304 2.756377 0.027783 -0.059511 0.029765 -0.656359 
-0.978550 2.756449 0.027857 -0.059595 0.030145 -0.656234 
-0.978815 2.756391 0.027937 -0.059690 0.030501 -0.656082 
-0.979053 2.756400 0.028000 -0.059770 0.030889 -0.655940 
-0.979279 2.756622 0.028078 -0.059846 0.031236 -0.655865 
-0.979599 2.756630 0.028090 -0.059958 0.031544 -0.655696 
-0.979891 2.756632 0.028113 -0.060058 0.031885 -0.655532 
-0.980170 2.756641 0.028142 -0.060153 0.032238 -0.655372 
-0.980434 2.756669 0.028180 -0.060242 0.032607 -0.655222 
-0.980632 2.756798 0.028255 -0.060305 0.033011 -0.655121 
-0.980951 2.756798 0.028295 -0.060390 0.033353 -0.655019 
-0.981200 2.756786 0.028313 -0.060488 0.033710 -0.654821 
-0.981450 2.756793 0.028351 -0.060572 0.034089 -0.654668 
-0.981746 2.756803 0.028398 -0.060650 0.034452 -0.654565 
-0.981942 2.756819 0.028439 -0.060728 0.034854 -0.654389 
-0.982204 2.756845 0.028499 -0.060795 0.035244 -0.654295 
-0.982476 2.756948 0.028415 -0.060884 0.035568 -0.654110 
-0.982798 2.757013 0.028433 -0.060950 0.035917 -0.654052 
-0.982993 2.757000 0.028531 -0.061015 0.036330 -0.653927 
-0.983297 2.756857 0.028498 -0.061119 0.036600 -0.653725 
-0.983590 2.756908 0.028586 -0.061105 0.036874 -0.653467 
-0.983817 2.756938 0.028610 -0.061359 0.037189 -0.653319 
-0.984051 2.756943 0.028583 -0.061527 0.037555 -0.653174 
-0.984301 2.756951 0.028566 -0.061644 0.037921 -0.653007 
-0.984577 2.756976 0.028589 -0.061699 0.038259 -0.652797 
-0.984880 2.756979 0.028624 -0.061839 0.038597 -0.652688 
-0.985041 2.756968 0.028510 -0.061952 0.038995 -0.652522 
-0.985231 2.756949 0.028519 -0.062103 0.039355 -0.652300 
-0.985480 2.756963 0.028485 -0.062128 0.039721 -0.652099 
-0.985736 2.756956 0.028456 -0.062234 0.040098 -0.651960 
-0.985971 2.756949 0.028459 -0.062338 0.040462 -0.651760 
-0.986226 2.756929 0.028430 -0.062488 0.040836 -0.651663 
-0.986453 2.756920 0.028446 -0.062604 0.041194 -0.651451 
-0.986755 2.756947 0.028417 -0.062576 0.041543 -0.651299 
-0.987033 2.756936 0.028406 -0.062694 0.041911 -0.651189 
-0.987272 2.756936 0.028427 -0.062774 0.042262 -0.650964 
-0.987525 2.756919 0.028435 -0.062917 0.042626 -0.650817 
-0.987711 2.756922 0.028486 -0.062983 0.042946 -0.650510 
-0.987941 2.756897 0.028510 -0.063154 0.043303 -0.650342 
-0.988252 2.756912 0.028529 -0.063172 0.043642 -0.650182 
-0.988519 2.756890 0.028540 -0.063332 0.044002 -0.650076 
-0.988723 2.756884 0.028631 -0.063432 0.044308 -0.649785 
-0.988836 2.756806 0.028657 -0.063785 0.044608 -0.649720 
-0.989108 2.756939 0.028462 -0.063862 0.044808 -0.649470 
-0.989084 2.757253 0.028560 -0.063839 0.045167 -0.649451 
-0.989206 2.757251 0.028553 -0.063765 0.045610 -0.649301 
-0.989407 2.757313 0.028617 -0.063731 0.046019 -0.649155 
-0.989529 2.757335 0.028471 -0.063809 0.046455 -0.649232 
-0.989555 2.757385 0.028440 -0.063817 0.046880 -0.649000 
-0.989756 2.757637 0.028546 -0.063933 0.047209 -0.648963 
-0.989967 2.757822 0.028488 -0.063720 0.047540 -0.648931 
-0.989955 2.757722 0.028785 -0.063750 0.047902 -0.649018 
-0.990291 2.757618 0.028763 -0.063961 0.048101 -0.648843 
-0.990555 2.757604 0.028718 -0.064208 0.048381 -0.648679 
-0.990782 2.757595 0.028718 -0.064449 0.048713 -0.648544 
-0.990948 2.757553 0.028830 -0.064645 0.049105 -0.648474 
-0.991244 2.757574 0.028797 -0.064776 0.049440 -0.648332 
-0.991510 2.757576 0.028822 -0.064898 0.049813 -0.648220 
-0.991713 2.757548 0.028922 -0.065040 0.050214 -0.648147 
-0.992024 2.757576 0.028889 -0.065125 0.050553 -0.648012 
-0.992298 2.757582 0.028917 -0.065219 0.050930 -0.647906 
-0.992528 2.757565 0.028994 -0.065339 0.051327 -0.647822 
-0.992855 2.757604 0.028952 -0.065378 0.051659 -0.647691 
-0.993136 2.757614 0.028978 -0.065452 0.052035 -0.647586 
-0.993376 2.757602 0.029043 -0.065571 0.052428 -0.647496 
-0.993716 2.757652 0.028998 -0.065538 0.052749 -0.647377 
-0.993997 2.757767 0.028966 -0.065674 0.053081 -0.647248 
-0.994274 2.757746 0.029016 -0.065708 0.053468 -0.647159 
-0.994541 2.757771 0.029052 -0.065806 0.053849 -0.647058 
-0.994675 2.758051 0.028936 -0.066114 0.053975 -0.646925 
-0.994839 2.758043 0.029216 -0.066111 0.053931 -0.646563 
-0.994990 2.758040 0.029290 -0.066173 0.053839 -0.646700 
-0.994996 2.757911 0.029107 -0.066129 0.054293 -0.646334 
-0.995113 2.757967 0.029120 -0.066048 0.054723 -0.646162 
-0.995313 2.757953 0.029112 -0.066020 0.055137 -0.645999 
-0.995516 2.758121 0.028853 -0.065815 0.055224 -0.645771 
-0.995503 2.758130 0.028845 -0.065877 0.055640 -0.645523 
-0.995725 2.758274 0.029082 -0.065801 0.055952 -0.645428 
-0.995729 2.758014 0.029133 -0.065479 0.056194 -0.645349 
-0.995649 2.758368 0.029013 -0.065748 0.056053 -0.645593 
-0.996042 2.758272 0.029005 -0.066089 0.056161 -0.645352 
-0.996270 2.758398 0.029004 -0.066365 0.056377 -0.645133 
-0.996582 2.758252 0.028966 -0.066490 0.056670 -0.645002 
-0.996774 2.758355 0.028828 -0.066650 0.057041 -0.645096 
-0.997224 2.758477 0.028707 -0.066660 0.057081 -0.645032 
-0.997482 2.758414 0.028886 -0.066967 0.057278 -0.645087 
-0.997555 2.758306 0.028553 -0.067218 0.057410 -0.644915 
-0.997655 2.758406 0.028628 -0.067099 0.057790 -0.644682 
-0.997820 2.758387 0.028648 -0.066926 0.058201 -0.644571 
-0.997939 2.758570 0.028696 -0.066861 0.058586 -0.644382 
-0.998120 2.758514 0.028619 -0.066764 0.059000 -0.644258 
-0.998203 2.758599 0.028463 -0.066906 0.059304 -0.643961 
-0.998407 2.758641 0.028552 -0.067017 0.059687 -0.643795 
-0.998666 2.758740 0.028568 -0.067073 0.060044 -0.643620 
-0.998881 2.758715 0.028565 -0.067142 0.060444 -0.643457 
-0.999137 2.758774 0.028551 -0.067187 0.060815 -0.643284 
-0.999294 2.758620 0.028510 -0.067251 0.061222 -0.643146 
-0.999418 2.758733 0.028500 -0.067375 0.061662 -0.643109 
-0.999595 2.758768 0.028575 -0.067423 0.062040 -0.642876 
-0.999916 2.758817 0.028446 -0.067435 0.062360 -0.642760 
-1.000170 2.758814 0.028484 -0.067424 0.062664 -0.642477 
-1.000369 2.759061 0.028507 -0.067496 0.063011 -0.642370 
-1.000658 2.759031 0.028523 -0.067825 0.063202 -0.642274 
-1.001008 2.758978 0.028657 -0.067990 0.063460 -0.642299 
-1.001255 2.758977 0.028594 -0.068273 0.063723 -0.642141 
-1.001512 2.759184 0.028671 -0.068393 0.064046 -0.642072 
-1.001816 2.759150 0.028791 -0.068421 0.064280 -0.641799 
-1.002174 2.759134 0.028679 -0.068416 0.064585 -0.641732 
-1.002397 2.759081 0.028728 -0.068508 0.064989 -0.641624 
-1.002674 2.759052 0.028770 -0.068613 0.065356 -0.641507 
-1.003013 2.759049 0.028773 -0.068703 0.065677 -0.641395 
-1.003138 2.758983 0.028909 -0.068843 0.066084 -0.641275 
-1.003250 2.759038 0.028820 -0.068864 0.066473 -0.641023 
-1.003444 2.759060 0.028866 -0.068799 0.066891 -0.640882 
-1.003652 2.759073 0.028856 -0.068884 0.067278 -0.640690 
-1.003851 2.759087 0.028823 -0.069002 0.067652 -0.640480 
-1.004051 2.759102 0.028793 -0.069114 0.068028 -0.640271 
-1.004251 2.759117 0.028767 -0.069217 0.068408 -0.640066 
-1.004451 2.759133 0.028750 -0.069296 0.068799 -0.639868 
-1.004625 2.759164 0.028795 -0.069192 0.069218 -0.639730 
-1.004762 2.759092 0.028876 -0.069461 0.069554 -0.639583 
-1.005002 2.759055 0.028829 -0.069685 0.069871 -0.639418 
-1.005247 2.759032 0.028787 -0.069852 0.070218 -0.639251 
-1.005471 2.759009 0.028780 -0.069996 0.070591 -0.639085 
-1.005633 2.758978 0.028858 -0.070112 0.071000 -0.638929 
-1.005745 2.759062 0.028790 -0.070222 0.071336 -0.638630 
-1.005994 2.759043 0.028763 -0.070316 0.071715 -0.638481 
-1.006220 2.759031 0.028759 -0.070368 0.072118 -0.638331 
-1.006511 2.758990 0.028698 -0.070525 0.072447 -0.638205 
-1.006737 2.758959 0.028706 -0.070670 0.072823 -0.638051 
-1.006974 2.758949 0.028688 -0.070707 0.073222 -0.637906 
-1.007192 2.758930 0.028698 -0.070801 0.073619 -0.637750 
-1.007425 2.758961 0.028613 -0.070888 0.073972 -0.637541 
-1.007638 2.758950 0.028612 -0.071009 0.074356 -0.637365 
-1.007834 2.758963 0.028612 -0.070956 0.074775 -0.637220 
-1.008033 2.758928 0.028651 -0.071122 0.075153 -0.637060 
-1.008210 2.758975 0.028590 -0.071271 0.075490 -0.636804 
-1.008336 2.758983 0.028666 -0.071306 0.075917 -0.636621 
-1.008640 2.758939 0.028609 -0.071439 0.076250 -0.636511 
-1.008918 2.758874 0.028625 -0.071512 0.076633 -0.636440 
-1.009206 2.758890 0.028517 -0.071562 0.076973 -0.636280 
-1.009461 2.758859 0.028491 -0.071745 0.077311 -0.636125 
-1.009704 2.758842 0.028475 -0.071860 0.077686 -0.635966 
-1.009947 2.758877 0.028398 -0.071799 0.078065 -0.635811 
-1.010043 2.758978 0.028314 -0.071957 0.078350 -0.635486 
-1.010194 2.758951 0.028404 -0.072039 0.078771 -0.635336 
-1.010504 2.758910 0.028339 -0.072204 0.079080 -0.635219 
-1.010772 2.758846 0.028363 -0.072325 0.079454 -0.635129 
-1.011073 2.758861 0.028256 -0.072347 0.079792 -0.634986 
-1.011318 2.758861 0.028207 -0.072513 0.080128 -0.634795 
-1.011570 2.758824 0.028222 -0.072585 0.080521 -0.634680 
-1.011777 2.758803 0.028232 -0.072795 0.080864 -0.634496 
-1.012024 2.758852 0.028136 -0.072812 0.081218 -0.634297 
-1.012264 2.758818 0.028165 -0.072827 0.081629 -0.634197 
