6.357059 -0.891149 -0.769861 20.887579 -0.158202 0.509840 -1.009789 
7.357059 -0.891149 -0.769861 20.887579 -0.158202 0.509840 -1.009789 
6.357059 0.108851 -0.769861 20.887579 -0.158202 0.509840 -1.009789 
6.357059 -0.891149 0.230139 20.887579 -0.158202 0.509840 -1.009789 
6.357059 -0.891149 0.230139 21.887579 -0.158202 0.509840 -1.009789 
6.357059 -0.891149 0.230139 20.887579 0.841798 0.509840 -1.009789 
6.357059 -0.891149 0.230139 20.887579 -0.158202 1.509840 -1.009789 
6.357059 -0.891149 0.230139 20.887579 -0.158202 0.509840 -0.009789 
6.357024 -1.017279 0.230628 20.886886 -1.133969 0.332078 -1.029004 
6.357042 -0.954214 0.230384 20.887232 -0.646086 0.420959 -1.019397 
6.107059 -0.891149 0.230139 20.887579 -0.158193 0.509840 -1.009789 
6.106350 -1.045252 0.230737 20.886732 0.264335 0.292654 -1.033266 
6.106835 -0.399732 0.230326 20.887315 -0.096058 0.442055 -1.017116 
6.106873 -0.905961 0.230294 20.887359 -0.106527 0.753918 -1.015882 
6.107059 -0.891176 0.355139 20.887579 -0.158399 0.509802 -1.009789 
6.106583 -0.974284 0.221572 20.887031 -0.386937 0.455432 -1.024975 
6.107059 -0.891296 0.230140 20.762580 -0.157791 0.509633 -1.009789 
6.106624 -1.028320 0.222661 20.763045 0.001850 0.375549 -1.024074 
6.107059 -0.873335 0.230146 20.762570 -0.155520 0.507156 -1.133446 
6.106513 -0.653985 0.220686 20.762084 -0.115843 0.398927 -1.101701 
6.106730 -0.911338 0.224281 20.762025 -0.264408 0.460045 -1.141810 
6.044560 -0.873353 0.230147 20.762570 -0.155455 0.507456 -1.133454 
6.044691 -0.907258 0.214559 20.761441 -0.188824 0.621279 -1.146184 
6.044165 -0.977739 0.217533 20.762216 -0.100159 0.472715 -1.150905 
6.042326 -1.013025 0.156959 20.759183 -0.039290 0.391911 -1.172441 
6.043812 -1.006792 0.338250 20.761543 -0.090800 0.465352 -1.159021 
6.044214 -1.010764 0.210906 20.761701 -0.108677 0.523972 -1.159370 
6.044164 -0.977501 0.217399 20.730968 -0.100018 0.472568 -1.150863 
6.043097 -1.013840 0.194167 20.762448 -0.067736 0.445616 -1.167344 
6.044165 -0.974727 0.232955 20.762140 -0.099767 0.472255 -1.177910 
6.043968 -0.995712 0.285112 20.761855 -0.095226 0.469972 -1.151086 
6.039606 -0.963086 0.234676 20.762282 -0.074121 0.484648 -1.175469 
6.024332 -0.991067 0.230447 20.761899 -0.152624 0.451545 -1.182015 
6.075504 -1.000856 0.228952 20.761755 -0.184628 0.438939 -1.184545 
6.025190 -1.012169 0.223213 20.761885 -0.138331 0.437853 -1.191311 
5.991018 -1.013596 0.224691 20.761755 -0.182723 0.436341 -1.148569 
6.011993 -0.983752 0.231748 20.761898 -0.161400 0.450223 -1.208289 
6.024378 -0.982974 0.232784 20.762024 -0.150283 0.438785 -1.179808 
6.023582 -0.999085 0.260498 20.761720 -0.150057 0.452241 -1.183252 
6.024336 -0.991184 0.230511 20.777523 -0.152684 0.451623 -1.182030 
6.021686 -0.976610 0.231294 20.762022 -0.128768 0.465081 -1.184750 
6.036945 -0.992121 0.231018 20.761862 -0.160802 0.449025 -1.185238 
6.033511 -0.995182 0.230723 20.761837 -0.165974 0.446518 -1.182638 
6.043605 -0.983355 0.232043 20.761911 -0.152854 0.456076 -1.188237 
6.040019 -0.994554 0.230482 20.761862 -0.158210 0.448946 -1.179020 
6.041831 -1.003253 0.227221 20.761863 -0.149939 0.443173 -1.186288 
6.040173 -0.992513 0.222979 20.761907 -0.158853 0.448808 -1.178679 
6.047739 -0.987333 0.232348 20.761903 -0.149157 0.455752 -1.179822 
6.037581 -0.998919 0.230253 20.761830 -0.162185 0.446241 -1.175434 
6.040038 -0.996518 0.229909 20.761831 -0.158743 0.452182 -1.179584 
6.044109 -0.993109 0.231006 20.761850 -0.154206 0.455483 -1.179188 
6.040037 -0.996488 0.229893 20.757925 -0.158730 0.452162 -1.179585 
6.040888 -0.994295 0.230762 20.761837 -0.162452 0.452048 -1.185977 
6.037164 -0.994741 0.231080 20.761848 -0.157335 0.451615 -1.179997 
6.033347 -0.997448 0.227276 20.761827 -0.156160 0.456354 -1.180911 
6.032797 -0.995762 0.227662 20.761822 -0.158474 0.458118 -1.179041 
6.030360 -1.001792 0.228039 20.761824 -0.154881 0.452731 -1.176681 
6.028725 -1.003074 0.228553 20.761825 -0.156313 0.451095 -1.179121 
6.030536 -1.002484 0.229590 20.761809 -0.154628 0.453626 -1.176857 
6.030877 -1.001338 0.227659 20.761853 -0.151197 0.452534 -1.175668 
6.030377 -1.001817 0.228040 20.763777 -0.154896 0.452744 -1.176679 
6.032921 -1.004101 0.226841 20.763717 -0.156233 0.452987 -1.176147 
6.029410 -1.002448 0.227101 20.763771 -0.154664 0.453974 -1.176857 
6.029280 -1.000641 0.228749 20.763782 -0.157317 0.453690 -1.174352 
6.030992 -1.000613 0.227329 20.763105 -0.155321 0.453270 -1.177436 
6.031560 -1.000290 0.229209 20.765463 -0.155581 0.454995 -1.179078 
6.030556 -1.000817 0.227822 20.763777 -0.155328 0.451617 -1.177834 
6.029549 -1.001024 0.226917 20.761586 -0.157712 0.453708 -1.179585 
6.031028 -0.999556 0.227404 20.763130 -0.153784 0.453357 -1.176868 
6.031371 -1.000982 0.227040 20.762980 -0.154841 0.453217 -1.178020 
6.032181 -1.001455 0.227159 20.763572 -0.156189 0.453115 -1.176618 
6.030685 -1.000720 0.227230 20.762747 -0.156045 0.453386 -1.177850 
6.030926 -1.000632 0.227097 20.762813 -0.155268 0.453051 -1.177226 
6.030840 -0.999805 0.227507 20.763048 -0.155252 0.453632 -1.177109 
6.030885 -1.000528 0.226953 20.763381 -0.155354 0.453294 -1.177461 
6.030417 -1.001230 0.227428 20.763213 -0.155110 0.453591 -1.177164 
6.031266 -1.000806 0.227307 20.763217 -0.155559 0.453274 -1.177198 
6.031182 -1.000877 0.227460 20.763421 -0.155655 0.452884 -1.177193 
6.031184 -1.000659 0.227372 20.763229 -0.155633 0.453317 -1.177059 
6.031521 -1.000632 0.227348 20.763235 -0.155661 0.453582 -1.176830 
6.031484 -1.000706 0.227295 20.763068 -0.156070 0.453727 -1.176942 
6.031452 -1.000725 0.227450 20.763363 -0.155646 0.453717 -1.176865 
6.031258 -1.000990 0.227337 20.763231 -0.155554 0.453756 -1.176563 
6.031225 -1.000962 0.227148 20.763376 -0.155588 0.453768 -1.176559 
6.031102 -1.000845 0.227304 20.763155 -0.155270 0.454080 -1.176548 
6.031356 -1.001166 0.227482 20.763447 -0.155732 0.453509 -1.176370 
6.031579 -1.001497 0.227354 20.763434 -0.155614 0.453459 -1.176585 
6.031322 -1.001231 0.227494 20.763304 -0.155896 0.453581 -1.176409 
6.031379 -1.001101 0.227335 20.763807 -0.156012 0.453447 -1.176348 
6.031310 -1.001158 0.227612 20.763402 -0.155582 0.453532 -1.176246 
6.031276 -1.001108 0.227656 20.763582 -0.155601 0.453517 -1.176101 
6.031359 -1.001254 0.227672 20.763691 -0.155472 0.453484 -1.176063 
6.031185 -1.001136 0.227686 20.763611 -0.155592 0.453490 -1.176160 
6.031238 -1.001024 0.227617 20.763521 -0.155585 0.453318 -1.176024 
6.031331 -1.001087 0.227747 20.763587 -0.155627 0.453480 -1.176136 
6.031329 -1.000912 0.227777 20.763646 -0.155549 0.453602 -1.176197 
6.031286 -1.001186 0.227841 20.763529 -0.155776 0.453540 -1.176038 
6.031324 -1.001232 0.227753 20.763616 -0.155970 0.453518 -1.176088 
6.031226 -1.001119 0.227986 20.763467 -0.155707 0.453672 -1.175970 
6.031170 -1.001097 0.228024 20.763352 -0.155682 0.453513 -1.175846 
6.031232 -1.001133 0.228007 20.763563 -0.155685 0.453659 -1.175905 
6.031302 -1.001321 0.228062 20.763509 -0.155573 0.453685 -1.175909 
6.031206 -1.001153 0.228138 20.763576 -0.155806 0.453800 -1.175826 
6.031182 -1.001174 0.228268 20.763590 -0.155928 0.453944 -1.175748 
6.031117 -1.001150 0.228385 20.763600 -0.155989 0.453904 -1.175559 
6.031225 -1.001064 0.228550 20.763693 -0.156006 0.453903 -1.175624 
6.031207 -1.001119 0.228347 20.763573 -0.155990 0.453929 -1.175503 
6.031021 -1.001146 0.228343 20.763721 -0.155976 0.454076 -1.175494 
6.031046 -1.001261 0.228283 20.763818 -0.156155 0.454054 -1.175480 
6.031056 -1.001236 0.228374 20.763738 -0.155914 0.454079 -1.175470 
6.031027 -1.001364 0.228474 20.763639 -0.155845 0.454207 -1.175430 
6.030993 -1.001450 0.228489 20.763690 -0.155649 0.454191 -1.175333 
6.031032 -1.001330 0.228566 20.763669 -0.155874 0.454191 -1.175374 
6.031145 -1.001315 0.228657 20.763745 -0.155860 0.454292 -1.175523 
6.031123 -1.001308 0.228527 20.763655 -0.155869 0.454219 -1.175314 
6.030944 -1.001309 0.228625 20.763511 -0.155975 0.454303 -1.175366 
6.030949 -1.001377 0.228621 20.763533 -0.156044 0.454300 -1.175356 
6.030984 -1.001406 0.228649 20.763479 -0.156060 0.454239 -1.175377 
6.030986 -1.001375 0.228633 20.763485 -0.156089 0.454226 -1.175391 
6.030959 -1.001490 0.228674 20.763489 -0.156070 0.454253 -1.175342 
6.030915 -1.001524 0.228722 20.763444 -0.156035 0.454280 -1.175314 
6.030938 -1.001559 0.228779 20.763452 -0.156031 0.454336 -1.175355 
6.030987 -1.001591 0.228787 20.763422 -0.156029 0.454385 -1.175298 
6.030975 -1.001649 0.228737 20.763384 -0.156008 0.454418 -1.175331 
6.030982 -1.001718 0.228775 20.763390 -0.155953 0.454435 -1.175309 
6.030961 -1.001780 0.228817 20.763362 -0.155972 0.454484 -1.175291 
6.030956 -1.001837 0.228869 20.763313 -0.155974 0.454525 -1.175281 
6.030945 -1.001888 0.228920 20.763356 -0.155959 0.454544 -1.175234 
6.030909 -1.001907 0.228930 20.763362 -0.155949 0.454631 -1.175211 
6.030927 -1.001989 0.228939 20.763376 -0.155997 0.454647 -1.175206 
6.030918 -1.002072 0.228937 20.763369 -0.156038 0.454646 -1.175169 
6.030890 -1.002118 0.228978 20.763399 -0.156058 0.454651 -1.175233 
6.030883 -1.002095 0.228999 20.763400 -0.156094 0.454651 -1.175221 
6.030970 -1.002160 0.228993 20.763413 -0.156059 0.454689 -1.175229 
6.030971 -1.002165 0.228939 20.763494 -0.156078 0.454695 -1.175219 
6.030952 -1.002158 0.228986 20.763406 -0.156057 0.454734 -1.175227 
6.030973 -1.002167 0.228933 20.763359 -0.156104 0.454745 -1.175274 
6.030937 -1.002212 0.229014 20.763404 -0.156017 0.454789 -1.175189 
6.030947 -1.002205 0.229048 20.763420 -0.155953 0.454854 -1.175199 
6.030922 -1.002227 0.229040 20.763419 -0.156037 0.454791 -1.175216 
6.030917 -1.002227 0.229084 20.763416 -0.156091 0.454826 -1.175154 
6.030828 -1.002252 0.229094 20.763404 -0.156089 0.454833 -1.175120 
6.030825 -1.002281 0.229053 20.763482 -0.156106 0.454856 -1.175096 
6.030822 -1.002282 0.229030 20.763461 -0.156122 0.454888 -1.175112 
6.030840 -1.002369 0.229078 20.763466 -0.156123 0.454864 -1.175069 
6.030814 -1.002402 0.229124 20.763480 -0.156185 0.454886 -1.175029 
6.030826 -1.002375 0.229057 20.763457 -0.156145 0.454829 -1.175069 
6.030801 -1.002398 0.229101 20.763477 -0.156055 0.454913 -1.175073 
6.030829 -1.002392 0.229101 20.763465 -0.156010 0.454963 -1.175006 
6.030870 -1.002414 0.229145 20.763498 -0.155981 0.455014 -1.175044 
6.030871 -1.002427 0.229114 20.763534 -0.155983 0.455017 -1.175037 
6.030822 -1.002463 0.229149 20.763482 -0.155915 0.455036 -1.175031 
6.030874 -1.002411 0.229167 20.763518 -0.155964 0.454982 -1.175028 
6.030936 -1.002399 0.229130 20.763473 -0.155983 0.455052 -1.174988 
6.030949 -1.002381 0.229107 20.763466 -0.155953 0.455041 -1.175008 
6.030896 -1.002341 0.229154 20.763504 -0.156005 0.455103 -1.174969 
6.030904 -1.002389 0.229183 20.763504 -0.156087 0.455116 -1.174970 
6.030886 -1.002459 0.229212 20.763491 -0.156134 0.455146 -1.174947 
6.030905 -1.002494 0.229235 20.763492 -0.156221 0.455158 -1.174963 
6.030903 -1.002468 0.229231 20.763508 -0.156114 0.455171 -1.174969 
6.030845 -1.002480 0.229255 20.763511 -0.156106 0.455237 -1.174931 
6.030889 -1.002521 0.229244 20.763473 -0.156083 0.455272 -1.174876 
6.030898 -1.002530 0.229305 20.763514 -0.156073 0.455235 -1.174821 
6.030897 -1.002518 0.229336 20.763478 -0.156070 0.455231 -1.174829 
6.030858 -1.002614 0.229314 20.763513 -0.156040 0.455223 -1.174821 
6.030842 -1.002643 0.229338 20.763542 -0.156009 0.455277 -1.174760 
6.030829 -1.002636 0.229409 20.763477 -0.155987 0.455283 -1.174757 
6.030859 -1.002662 0.229358 20.763551 -0.156036 0.455294 -1.174778 
6.030844 -1.002700 0.229362 20.763541 -0.156119 0.455296 -1.174743 
6.030876 -1.002762 0.229383 20.763557 -0.156183 0.455308 -1.174735 
6.030841 -1.002780 0.229341 20.763592 -0.156212 0.455322 -1.174668 
6.030830 -1.002770 0.229369 20.763621 -0.156216 0.455296 -1.174665 
6.030783 -1.002779 0.229348 20.763596 -0.156249 0.455373 -1.174718 
6.030805 -1.002743 0.229348 20.763604 -0.156267 0.455390 -1.174713 
6.030791 -1.002747 0.229397 20.763541 -0.156288 0.455412 -1.174662 
6.030790 -1.002745 0.229367 20.763488 -0.156357 0.455373 -1.174663 
6.030816 -1.002779 0.229410 20.763554 -0.156308 0.455420 -1.174666 
6.030787 -1.002749 0.229422 20.763553 -0.156226 0.455479 -1.174634 
6.030756 -1.002729 0.229495 20.763603 -0.156212 0.455466 -1.174610 
6.030772 -1.002721 0.229519 20.763585 -0.156197 0.455461 -1.174643 
6.030740 -1.002731 0.229507 20.763604 -0.156165 0.455536 -1.174560 
6.030696 -1.002708 0.229570 20.763637 -0.156176 0.455516 -1.174516 
6.030712 -1.002685 0.229641 20.763609 -0.156133 0.455523 -1.174555 
6.030672 -1.002701 0.229571 20.763644 -0.156196 0.455542 -1.174543 
6.030720 -1.002636 0.229556 20.763695 -0.156206 0.455561 -1.174532 
6.030647 -1.002678 0.229551 20.763642 -0.156170 0.455528 -1.174549 
6.030668 -1.002776 0.229581 20.763708 -0.156185 0.455545 -1.174549 
6.030658 -1.002849 0.229593 20.763705 -0.156235 0.455565 -1.174508 
6.030669 -1.002919 0.229656 20.763698 -0.156253 0.455588 -1.174506 
6.030699 -1.002965 0.229677 20.763740 -0.156302 0.455622 -1.174471 
6.030656 -1.003050 0.229693 20.763735 -0.156314 0.455628 -1.174447 
6.030667 -1.003084 0.229724 20.763802 -0.156269 0.455631 -1.174483 
6.030679 -1.003101 0.229736 20.763815 -0.156323 0.455563 -1.174524 
6.030649 -1.003080 0.229716 20.763805 -0.156287 0.455660 -1.174514 
6.030704 -1.003126 0.229668 20.763776 -0.156261 0.455687 -1.174531 
6.030716 -1.003126 0.229707 20.763750 -0.156260 0.455697 -1.174541 
6.030711 -1.003130 0.229734 20.763758 -0.156218 0.455773 -1.174502 
6.030660 -1.003129 0.229736 20.763724 -0.156141 0.455778 -1.174519 
6.030732 -1.003088 0.229728 20.763764 -0.156204 0.455776 -1.174513 
6.030729 -1.003181 0.229774 20.763783 -0.156245 0.455826 -1.174466 
6.030701 -1.003243 0.229814 20.763779 -0.156220 0.455877 -1.174441 
6.030729 -1.003260 0.229858 20.763804 -0.156208 0.455951 -1.174414 
6.030690 -1.003302 0.229891 20.763788 -0.156152 0.455996 -1.174402 
6.030711 -1.003255 0.229848 20.763803 -0.156228 0.455979 -1.174443 
6.030710 -1.003243 0.229834 20.763750 -0.156272 0.456011 -1.174381 
6.030657 -1.003203 0.229888 20.763784 -0.156300 0.455999 -1.174355 
6.030644 -1.003204 0.229855 20.763812 -0.156292 0.456006 -1.174337 
6.030665 -1.003253 0.229868 20.763836 -0.156364 0.456034 -1.174314 
6.030706 -1.003235 0.229881 20.763852 -0.156416 0.456097 -1.174284 
6.030696 -1.003265 0.229873 20.763840 -0.156503 0.456112 -1.174254 
6.030714 -1.003212 0.229879 20.763874 -0.156437 0.456069 -1.174297 
6.030673 -1.003257 0.229949 20.763898 -0.156394 0.456134 -1.174281 
6.030714 -1.003279 0.229980 20.763904 -0.156363 0.456109 -1.174209 
6.030701 -1.003280 0.229947 20.763933 -0.156355 0.456116 -1.174191 
6.030767 -1.003338 0.229988 20.763920 -0.156331 0.456151 -1.174236 
6.030771 -1.003325 0.230030 20.763901 -0.156278 0.456215 -1.174207 
6.030777 -1.003340 0.229990 20.763922 -0.156370 0.456175 -1.174219 
6.030747 -1.003426 0.230011 20.763911 -0.156396 0.456172 -1.174198 
6.030771 -1.003464 0.230063 20.763971 -0.156436 0.456164 -1.174192 
6.030800 -1.003468 0.230058 20.763961 -0.156428 0.456142 -1.174160 
6.030785 -1.003525 0.230039 20.763940 -0.156488 0.456199 -1.174218 
6.030779 -1.003456 0.230100 20.763940 -0.156437 0.456165 -1.174201 
6.030753 -1.003463 0.230134 20.763949 -0.156406 0.456228 -1.174147 
6.030689 -1.003448 0.230169 20.763948 -0.156426 0.456242 -1.174085 
6.030660 -1.003488 0.230210 20.763961 -0.156353 0.456261 -1.174074 
6.030679 -1.003449 0.230238 20.763990 -0.156329 0.456334 -1.174049 
6.030674 -1.003513 0.230232 20.763985 -0.156378 0.456261 -1.174073 
6.030670 -1.003582 0.230223 20.763947 -0.156403 0.456313 -1.174059 
6.030719 -1.003601 0.230223 20.763929 -0.156386 0.456282 -1.173984 
6.030709 -1.003610 0.230189 20.763960 -0.156383 0.456285 -1.173972 
6.030704 -1.003675 0.230280 20.763923 -0.156413 0.456288 -1.173969 
6.030766 -1.003731 0.230280 20.763922 -0.156388 0.456299 -1.174017 
6.030763 -1.003740 0.230261 20.763908 -0.156411 0.456265 -1.174030 
6.030802 -1.003723 0.230315 20.763936 -0.156410 0.456376 -1.173989 
6.030790 -1.003737 0.230349 20.763917 -0.156356 0.456443 -1.173962 
6.030807 -1.003726 0.230420 20.763976 -0.156327 0.456448 -1.173953 
6.030807 -1.003749 0.230333 20.763923 -0.156347 0.456430 -1.173923 
6.030754 -1.003770 0.230309 20.763980 -0.156361 0.456488 -1.173967 
6.030767 -1.003736 0.230287 20.763987 -0.156339 0.456496 -1.173975 
6.030749 -1.003823 0.230344 20.763956 -0.156401 0.456545 -1.173943 
6.030747 -1.003912 0.230369 20.763933 -0.156386 0.456567 -1.173959 
6.030679 -1.003943 0.230404 20.763912 -0.156403 0.456591 -1.173916 
6.030674 -1.003997 0.230434 20.763913 -0.156477 0.456611 -1.173902 
6.030672 -1.004018 0.230449 20.763882 -0.156474 0.456699 -1.173877 
6.030661 -1.004047 0.230462 20.763857 -0.156471 0.456786 -1.173852 
6.030648 -1.004086 0.230481 20.763836 -0.156485 0.456868 -1.173828 
6.030645 -1.004131 0.230509 20.763817 -0.156528 0.456934 -1.173804 
6.030614 -1.004176 0.230532 20.763798 -0.156547 0.457004 -1.173774 
6.030591 -1.004226 0.230567 20.763784 -0.156600 0.457047 -1.173745 
6.030588 -1.004281 0.230577 20.763764 -0.156584 0.457126 -1.173741 
6.030543 -1.004312 0.230584 20.763746 -0.156560 0.457199 -1.173715 
6.030542 -1.004343 0.230560 20.763779 -0.156576 0.457283 -1.173714 
6.030522 -1.004345 0.230568 20.763725 -0.156593 0.457348 -1.173761 
6.030533 -1.004338 0.230648 20.763764 -0.156571 0.457385 -1.173767 
6.030558 -1.004312 0.230647 20.763749 -0.156576 0.457399 -1.173739 
6.030531 -1.004417 0.230665 20.763765 -0.156544 0.457432 -1.173745 
6.030474 -1.004453 0.230694 20.763787 -0.156579 0.457472 -1.173708 
6.030415 -1.004489 0.230717 20.763812 -0.156594 0.457523 -1.173673 
6.030395 -1.004561 0.230736 20.763821 -0.156575 0.457576 -1.173647 
6.030326 -1.004576 0.230749 20.763854 -0.156579 0.457631 -1.173619 
6.030332 -1.004629 0.230784 20.763872 -0.156651 0.457648 -1.173611 
6.030308 -1.004677 0.230848 20.763850 -0.156695 0.457641 -1.173586 
6.030305 -1.004725 0.230880 20.763905 -0.156713 0.457651 -1.173641 
6.030294 -1.004726 0.230871 20.763873 -0.156724 0.457672 -1.173669 
6.030293 -1.004780 0.230820 20.763913 -0.156759 0.457640 -1.173609 
6.030326 -1.004753 0.230881 20.763896 -0.156688 0.457673 -1.173632 
6.030373 -1.004733 0.230920 20.763902 -0.156716 0.457738 -1.173604 
6.030333 -1.004737 0.230965 20.763909 -0.156676 0.457799 -1.173573 
6.030371 -1.004751 0.231040 20.763883 -0.156646 0.457830 -1.173556 
6.030404 -1.004724 0.231025 20.763919 -0.156597 0.457894 -1.173565 
6.030369 -1.004777 0.231054 20.763911 -0.156657 0.457834 -1.173583 
6.030356 -1.004844 0.231061 20.763907 -0.156703 0.457860 -1.173532 
6.030339 -1.004834 0.231119 20.763956 -0.156735 0.457833 -1.173485 
6.030336 -1.004810 0.231127 20.763945 -0.156768 0.457856 -1.173498 
6.030278 -1.004892 0.231161 20.763926 -0.156747 0.457836 -1.173488 
6.030334 -1.004944 0.231176 20.763911 -0.156802 0.457807 -1.173484 
6.030301 -1.004894 0.231191 20.763921 -0.156726 0.457860 -1.173482 
6.030289 -1.004918 0.231200 20.763962 -0.156710 0.457939 -1.173452 
6.030278 -1.004902 0.231206 20.763918 -0.156693 0.457968 -1.173371 
6.030271 -1.004887 0.231235 20.763944 -0.156703 0.457950 -1.173354 
6.030257 -1.004882 0.231298 20.763974 -0.156655 0.457999 -1.173362 
6.030274 -1.004911 0.231226 20.763955 -0.156671 0.457927 -1.173341 
6.030326 -1.004934 0.231261 20.763953 -0.156756 0.457971 -1.173326 
6.030392 -1.004884 0.231229 20.763993 -0.156752 0.457990 -1.173308 
6.030301 -1.004945 0.231239 20.763979 -0.156767 0.457989 -1.173315 
6.030304 -1.004979 0.231272 20.763974 -0.156848 0.457991 -1.173283 
