6.801135 -0.495838 3.284547 -2.070963 0.095266 -0.542019 -0.592617 
7.801135 -0.495838 3.284547 -2.070963 0.095266 -0.542019 -0.592617 
6.801135 0.504162 3.284547 -2.070963 0.095266 -0.542019 -0.592617 
6.801135 -0.495838 4.284547 -2.070963 0.095266 -0.542019 -0.592617 
6.801135 -0.495838 3.284547 -1.070963 0.095266 -0.542019 -0.592617 
6.801135 -0.495838 3.284547 -2.070963 1.095266 -0.542019 -0.592617 
6.801135 -0.495838 3.284547 -2.070963 0.095266 0.457981 -0.592617 
6.801135 -0.495838 3.284547 -2.070963 0.095266 -0.542019 0.407383 
6.800058 -1.106313 3.272742 -2.071658 -0.667935 -0.752100 -0.616459 
6.800597 -0.801076 3.278644 -2.071311 -0.286335 -0.647060 -0.604538 
6.800959 -0.281875 3.282620 -2.071077 -0.029331 -0.576316 -0.596509 
6.676135 -0.495838 3.284547 -2.070963 0.095442 -0.542019 -0.592617 
6.676213 -0.652989 3.281938 -2.071117 0.284158 -0.588446 -0.597886 
6.676135 -0.495838 3.159744 -2.070963 0.095442 -0.535006 -0.592617 
6.676063 -0.553769 3.172797 -2.071020 0.093240 -0.292179 -0.594559 
6.676117 -0.506236 3.159543 -2.070963 0.082443 -0.538584 -0.716452 
6.675828 -0.682353 3.156414 -2.071005 -0.085443 -0.586423 -0.684848 
6.676117 -0.506162 3.159542 -2.195963 0.082400 -0.538596 -0.716453 
6.674578 -0.320218 3.143587 -2.196571 -0.052407 -0.618078 -0.772820 
6.676166 -0.585830 3.157418 -2.196086 0.175082 -0.564098 -0.722197 
6.676173 -0.467735 3.161083 -2.195957 0.122499 -0.511182 -0.724684 
6.676024 -0.568421 3.164957 -2.196030 0.053947 -0.434186 -0.713516 
6.675667 -0.593704 3.161065 -2.196189 0.003391 -0.460273 -0.717413 
6.675560 -0.646759 3.158526 -2.196305 0.025539 -0.484463 -0.720456 
6.644338 -0.646682 3.157598 -2.196305 0.025680 -0.484384 -0.719534 
6.646898 -0.650657 3.112678 -2.196342 0.020915 -0.486382 -0.676646 
6.646896 -0.652113 3.134323 -2.196342 0.019770 -0.489311 -0.654374 
6.646312 -0.682552 3.111358 -2.196693 -0.025456 -0.512483 -0.684082 
6.646899 -0.650589 3.112691 -2.227591 0.021039 -0.486270 -0.676634 
6.647131 -0.686088 3.112217 -2.227411 0.046643 -0.441880 -0.672185 
6.647220 -0.644522 3.107042 -2.227520 0.070587 -0.523366 -0.674120 
6.647095 -0.623847 3.111363 -2.227502 0.016232 -0.471429 -0.672600 
6.631287 -0.650571 3.112229 -2.227591 0.021079 -0.486248 -0.676180 
6.631051 -0.669649 3.110631 -2.227768 0.000193 -0.499026 -0.679414 
6.631689 -0.670262 3.099465 -2.227774 0.001419 -0.501404 -0.668853 
6.631469 -0.674921 3.100212 -2.227798 0.020589 -0.525303 -0.672800 
6.631451 -0.699646 3.099137 -2.227758 0.037551 -0.516592 -0.672139 
6.631292 -0.718510 3.094890 -2.227759 0.060108 -0.526279 -0.671928 
6.631455 -0.698536 3.088305 -2.227756 0.038054 -0.514915 -0.683207 
6.631292 -0.718660 3.096308 -2.227759 0.060048 -0.526501 -0.670478 
6.631452 -0.699610 3.099143 -2.243382 0.037613 -0.516534 -0.672132 
6.631292 -0.718623 3.096315 -2.243400 0.060109 -0.526443 -0.670472 
6.631372 -0.709116 3.097729 -2.243391 0.048861 -0.521489 -0.671302 
6.623570 -0.709008 3.097400 -2.243532 0.048850 -0.521479 -0.671170 
6.623981 -0.706339 3.089677 -2.254205 0.049771 -0.524163 -0.678603 
6.623484 -0.713735 3.097467 -2.243576 0.043596 -0.524563 -0.672415 
6.622830 -0.714531 3.108298 -2.243993 0.045991 -0.522903 -0.683237 
6.623524 -0.717470 3.096072 -2.245067 0.043153 -0.518029 -0.672578 
6.623283 -0.727469 3.095764 -2.245545 0.043328 -0.506318 -0.670006 
6.623265 -0.736067 3.091336 -2.251790 0.043946 -0.495886 -0.671547 
6.623286 -0.727807 3.099473 -2.250916 0.042641 -0.507603 -0.665981 
6.622901 -0.732689 3.104766 -2.240286 0.038589 -0.509335 -0.658252 
6.623247 -0.736822 3.095357 -2.256827 0.043031 -0.497127 -0.667022 
6.623267 -0.732315 3.097415 -2.253871 0.042836 -0.502365 -0.666501 
6.623096 -0.738166 3.097745 -2.252189 0.041387 -0.498519 -0.663867 
6.623272 -0.734467 3.096882 -2.254535 0.044749 -0.504835 -0.666134 
6.623306 -0.727844 3.098434 -2.255124 0.038225 -0.498248 -0.666986 
6.623459 -0.727484 3.095741 -2.254518 0.037436 -0.498365 -0.664368 
6.623299 -0.728030 3.096287 -2.247741 0.038362 -0.494702 -0.664829 
6.619398 -0.727973 3.096132 -2.247783 0.038317 -0.494745 -0.664774 
6.623195 -0.731043 3.097684 -2.246647 0.034850 -0.488871 -0.663262 
6.623110 -0.730497 3.098764 -2.247024 0.036733 -0.481890 -0.660589 
6.623096 -0.732248 3.096790 -2.245599 0.033678 -0.475640 -0.662498 
6.623027 -0.733645 3.097132 -2.243201 0.029754 -0.469491 -0.662406 
6.623018 -0.732539 3.095237 -2.242233 0.030059 -0.462129 -0.663399 
6.623175 -0.733628 3.094393 -2.242508 0.029323 -0.469918 -0.659782 
6.623065 -0.741343 3.094094 -2.241790 0.029631 -0.469129 -0.659357 
6.623167 -0.743870 3.093555 -2.247474 0.025177 -0.468032 -0.658357 
6.626967 -0.741398 3.094248 -2.241749 0.029677 -0.469092 -0.659414 
6.626975 -0.744152 3.092566 -2.236287 0.026548 -0.470414 -0.662455 
6.626838 -0.741491 3.097863 -2.241049 0.028511 -0.469128 -0.658856 
6.626999 -0.743007 3.093804 -2.240518 0.033580 -0.466907 -0.653354 
6.626846 -0.745659 3.095967 -2.243025 0.039554 -0.468664 -0.655414 
6.628940 -0.741220 3.092256 -2.241748 0.033856 -0.468985 -0.653357 
6.623343 -0.741128 3.095459 -2.238023 0.031863 -0.468811 -0.648005 
6.623182 -0.738795 3.095425 -2.237594 0.031849 -0.465713 -0.647941 
6.623508 -0.740894 3.095226 -2.236347 0.032425 -0.469198 -0.648642 
6.623691 -0.743427 3.093858 -2.237508 0.029487 -0.468063 -0.647098 
6.622877 -0.746894 3.093819 -2.238093 0.029022 -0.467414 -0.645836 
6.623858 -0.748425 3.091784 -2.239321 0.027628 -0.468226 -0.643912 
6.624306 -0.747052 3.094961 -2.237779 0.028944 -0.467263 -0.645275 
6.623571 -0.747957 3.096813 -2.237769 0.026137 -0.467356 -0.646880 
6.623390 -0.746468 3.095370 -2.237137 0.028517 -0.467579 -0.643943 
6.624332 -0.746818 3.094376 -2.237463 0.029365 -0.463521 -0.644515 
6.624610 -0.748204 3.093385 -2.234351 0.030793 -0.462776 -0.644521 
6.624606 -0.748103 3.093372 -2.235001 0.032454 -0.463066 -0.643786 
6.623999 -0.749265 3.094593 -2.233844 0.029492 -0.459651 -0.645284 
6.625007 -0.747436 3.094090 -2.232634 0.028225 -0.457030 -0.646125 
6.626510 -0.747900 3.094702 -2.232605 0.027864 -0.457063 -0.645213 
6.626318 -0.749879 3.092460 -2.233287 0.026103 -0.455928 -0.644020 
6.624514 -0.749086 3.093258 -2.231864 0.024950 -0.455881 -0.641304 
6.626459 -0.750631 3.092009 -2.231697 0.026801 -0.455971 -0.644111 
6.626720 -0.753480 3.092345 -2.230954 0.024529 -0.454968 -0.644603 
6.626869 -0.754720 3.092154 -2.231609 0.026276 -0.452173 -0.643065 
6.627515 -0.756020 3.091060 -2.232093 0.027627 -0.449658 -0.641175 
6.628004 -0.758885 3.090806 -2.231900 0.026927 -0.447285 -0.640413 
6.628511 -0.761732 3.090510 -2.231717 0.026262 -0.444899 -0.639610 
6.629214 -0.764194 3.089696 -2.231727 0.026201 -0.442394 -0.638283 
6.629290 -0.767157 3.090364 -2.231172 0.024410 -0.440857 -0.638667 
6.630172 -0.768620 3.088499 -2.228268 0.024813 -0.441326 -0.638461 
6.629344 -0.768176 3.090814 -2.231729 0.024877 -0.442096 -0.637954 
6.626621 -0.768263 3.089451 -2.231522 0.025363 -0.438703 -0.639312 
6.627214 -0.768666 3.091051 -2.230896 0.026466 -0.435453 -0.639209 
6.628264 -0.769614 3.089425 -2.232593 0.025811 -0.432976 -0.640289 
6.627396 -0.769747 3.088619 -2.232792 0.023895 -0.430372 -0.638459 
6.626444 -0.770149 3.087971 -2.232988 0.021912 -0.427341 -0.637680 
6.625952 -0.770807 3.087062 -2.233606 0.020143 -0.424139 -0.637672 
6.624931 -0.771833 3.085587 -2.234094 0.020407 -0.422002 -0.635199 
6.625073 -0.768857 3.084542 -2.234423 0.019979 -0.419980 -0.634250 
6.624307 -0.771637 3.086530 -2.235668 0.020480 -0.422053 -0.635088 
6.626538 -0.773711 3.086376 -2.234225 0.018251 -0.421315 -0.633358 
6.625247 -0.774571 3.084238 -2.234975 0.015785 -0.422556 -0.633050 
6.625340 -0.773445 3.087268 -2.233181 0.017725 -0.421281 -0.632977 
6.627045 -0.775918 3.087463 -2.233783 0.019161 -0.418503 -0.633497 
6.628168 -0.777257 3.088488 -2.233175 0.021160 -0.418126 -0.630919 
6.628297 -0.778285 3.089185 -2.232951 0.021287 -0.419343 -0.631760 
6.630345 -0.776797 3.090250 -2.232754 0.020141 -0.415867 -0.631858 
6.630093 -0.779230 3.089670 -2.232961 0.018794 -0.413206 -0.631924 
6.629962 -0.781661 3.089140 -2.233146 0.017439 -0.410528 -0.631853 
6.630226 -0.783902 3.088912 -2.233247 0.016016 -0.407686 -0.631785 
6.631413 -0.785318 3.089532 -2.233128 0.014546 -0.404653 -0.632079 
6.630701 -0.788065 3.088427 -2.233437 0.013453 -0.402581 -0.631441 
6.631202 -0.787273 3.087761 -2.233539 0.013768 -0.399931 -0.628833 
6.631582 -0.787185 3.085780 -2.230836 0.014700 -0.398358 -0.629562 
6.632703 -0.787381 3.084895 -2.231925 0.015298 -0.398416 -0.629999 
6.629983 -0.786869 3.086479 -2.231903 0.015776 -0.395226 -0.629646 
6.631185 -0.786190 3.084929 -2.231233 0.013461 -0.398194 -0.630037 
6.632955 -0.787749 3.085493 -2.230135 0.012983 -0.396904 -0.626838 
6.631392 -0.788065 3.083426 -2.230167 0.013545 -0.397495 -0.624049 
6.631915 -0.786433 3.083751 -2.230047 0.014195 -0.397633 -0.623488 
6.631597 -0.790715 3.082985 -2.229291 0.011288 -0.396299 -0.623208 
6.629367 -0.793065 3.081152 -2.228772 0.010892 -0.396816 -0.622365 
6.632396 -0.790792 3.081666 -2.228811 0.012013 -0.395689 -0.623757 
6.634203 -0.792081 3.080843 -2.231867 0.011799 -0.395522 -0.623267 
6.634458 -0.793035 3.081741 -2.231567 0.013111 -0.395416 -0.622805 
6.632883 -0.792720 3.082017 -2.232612 0.013595 -0.392058 -0.622791 
6.632632 -0.793433 3.082430 -2.232851 0.013517 -0.392199 -0.624519 
6.634152 -0.793869 3.082495 -2.231911 0.013551 -0.388666 -0.622462 
6.634731 -0.794287 3.082535 -2.232197 0.015426 -0.385332 -0.622281 
6.634895 -0.792747 3.083832 -2.232329 0.013469 -0.388650 -0.622653 
6.632738 -0.795721 3.084119 -2.232171 0.011402 -0.388353 -0.620911 
6.631100 -0.794920 3.085019 -2.228883 0.011246 -0.387922 -0.621236 
6.632107 -0.794809 3.083410 -2.232703 0.010386 -0.387573 -0.621309 
6.633719 -0.796172 3.082676 -2.231533 0.007415 -0.387564 -0.621044 
6.630024 -0.796460 3.083892 -2.233706 0.010770 -0.385288 -0.620049 
6.629956 -0.795809 3.086989 -2.234981 0.010170 -0.383641 -0.619315 
6.628965 -0.794768 3.086439 -2.235210 0.010065 -0.384097 -0.615762 
6.628927 -0.796227 3.087477 -2.235424 0.009478 -0.384898 -0.619614 
6.628312 -0.796917 3.086920 -2.235963 0.011448 -0.380690 -0.619203 
6.628875 -0.795042 3.089537 -2.237193 0.011553 -0.378944 -0.619128 
6.629190 -0.797370 3.086448 -2.237556 0.011424 -0.380908 -0.619030 
6.630029 -0.799605 3.086129 -2.236795 0.008907 -0.379629 -0.618079 
6.631131 -0.802384 3.087483 -2.235916 0.010213 -0.380080 -0.616732 
6.631644 -0.802891 3.087722 -2.235781 0.010267 -0.379891 -0.618515 
6.631617 -0.804484 3.085478 -2.235372 0.008212 -0.378860 -0.615836 
6.632750 -0.804829 3.087320 -2.235952 0.005859 -0.376960 -0.614845 
6.634520 -0.805963 3.086100 -2.238930 0.005751 -0.376848 -0.614167 
6.632998 -0.806772 3.086453 -2.239703 0.005761 -0.376556 -0.614354 
6.632836 -0.807634 3.086884 -2.239748 0.003254 -0.379387 -0.614370 
6.633441 -0.808011 3.087216 -2.239185 0.006631 -0.376870 -0.613740 
6.633497 -0.808211 3.086590 -2.238732 0.008213 -0.373440 -0.613146 
6.633504 -0.809376 3.085976 -2.237960 0.008890 -0.370065 -0.612106 
6.634203 -0.812364 3.087216 -2.236760 0.009629 -0.370379 -0.610616 
6.633652 -0.811688 3.087138 -2.236939 0.009735 -0.370666 -0.608907 
6.634809 -0.811802 3.089270 -2.237638 0.011947 -0.368327 -0.610568 
6.635008 -0.812912 3.086435 -2.238228 0.009776 -0.370485 -0.610356 
6.633104 -0.812970 3.084641 -2.235564 0.011893 -0.370957 -0.611012 
6.635750 -0.811640 3.086872 -2.235933 0.009761 -0.370489 -0.610360 
6.634152 -0.813437 3.086693 -2.236411 0.006274 -0.369006 -0.609862 
6.634291 -0.814197 3.087623 -2.236705 0.003124 -0.370950 -0.609780 
6.633609 -0.813889 3.088189 -2.236269 0.006622 -0.368777 -0.610802 
6.634553 -0.813331 3.086870 -2.236856 0.006496 -0.365284 -0.608881 
6.632937 -0.814843 3.084892 -2.235341 0.007315 -0.363473 -0.609337 
6.633570 -0.816148 3.085324 -2.234901 0.007639 -0.363773 -0.608271 
6.633733 -0.816943 3.085642 -2.235211 0.005935 -0.360555 -0.607202 
6.633732 -0.817913 3.085792 -2.235368 0.004201 -0.357350 -0.606206 
6.633631 -0.819457 3.085778 -2.235165 0.002568 -0.354363 -0.605092 
6.632549 -0.819395 3.084884 -2.235257 0.001213 -0.351002 -0.605466 
6.634674 -0.819131 3.085507 -2.233806 0.000337 -0.348298 -0.605150 
6.633248 -0.818384 3.086671 -2.233571 -0.000045 -0.346442 -0.602381 
6.634195 -0.819828 3.086710 -2.235909 -0.000229 -0.343896 -0.601841 
6.635243 -0.819319 3.084393 -2.236556 -0.002532 -0.343918 -0.600167 
6.635193 -0.818999 3.085536 -2.237118 -0.003846 -0.344238 -0.600678 
6.635126 -0.821680 3.083081 -2.235714 -0.002778 -0.341373 -0.599325 
6.635277 -0.822919 3.081442 -2.235404 -0.002474 -0.338170 -0.598573 
6.635053 -0.825348 3.081306 -2.235021 -0.004295 -0.335785 -0.598195 
6.635722 -0.828168 3.081152 -2.234488 -0.005110 -0.333824 -0.596767 
6.635806 -0.830210 3.080599 -2.234343 -0.006822 -0.331104 -0.596116 
6.637479 -0.832512 3.080427 -2.233825 -0.005977 -0.330375 -0.593746 
6.637620 -0.833169 3.078536 -2.233303 -0.004133 -0.327713 -0.593057 
6.639200 -0.833295 3.076278 -2.233790 -0.004885 -0.326296 -0.590857 
6.637138 -0.835551 3.074762 -2.235058 -0.004415 -0.326589 -0.589551 
6.638929 -0.837604 3.072945 -2.235108 -0.004299 -0.326994 -0.591638 
6.636701 -0.835547 3.074124 -2.233407 -0.004836 -0.327106 -0.589337 
6.637331 -0.837201 3.074848 -2.234699 -0.003728 -0.323833 -0.587479 
6.638114 -0.837553 3.074077 -2.234670 -0.001055 -0.323105 -0.584978 
6.636598 -0.836428 3.073971 -2.234682 -0.003198 -0.322831 -0.588270 
6.636900 -0.838582 3.075459 -2.235199 -0.006912 -0.322336 -0.587078 
6.635441 -0.840666 3.077939 -2.234339 -0.006491 -0.321854 -0.588298 
6.634963 -0.839349 3.079024 -2.234105 -0.006622 -0.321620 -0.587559 
6.637821 -0.838965 3.079961 -2.232645 -0.007339 -0.320169 -0.588705 
6.638258 -0.838870 3.080588 -2.234326 -0.006926 -0.319811 -0.589018 
6.638819 -0.840644 3.081569 -2.234619 -0.008986 -0.318243 -0.587006 
6.639013 -0.841460 3.082867 -2.235191 -0.012525 -0.318369 -0.587009 
6.637988 -0.840293 3.080896 -2.234746 -0.009387 -0.316846 -0.587654 
6.638193 -0.841079 3.080562 -2.234171 -0.007327 -0.314182 -0.585978 
6.637982 -0.842200 3.080718 -2.234102 -0.008105 -0.310738 -0.584768 
6.637893 -0.843167 3.081060 -2.234534 -0.008496 -0.307138 -0.583822 
6.638706 -0.844781 3.081264 -2.232669 -0.007960 -0.306887 -0.580972 
6.639932 -0.843244 3.078770 -2.233323 -0.009276 -0.306403 -0.579303 
6.640872 -0.844421 3.077907 -2.233293 -0.009275 -0.306376 -0.580198 
6.638538 -0.846531 3.076185 -2.234500 -0.009572 -0.306704 -0.579340 
6.637501 -0.847765 3.074373 -2.232321 -0.011036 -0.305211 -0.579843 
6.638089 -0.849540 3.075236 -2.232898 -0.014275 -0.305432 -0.579455 
6.637603 -0.848004 3.074732 -2.233078 -0.010761 -0.303491 -0.579741 
6.637412 -0.849604 3.072386 -2.233069 -0.009090 -0.301418 -0.579485 
6.635600 -0.847612 3.071749 -2.233003 -0.009887 -0.300048 -0.577230 
6.637691 -0.848847 3.071358 -2.234003 -0.009678 -0.301376 -0.580427 
6.634855 -0.849158 3.072299 -2.234113 -0.009313 -0.300390 -0.582688 
6.638582 -0.848120 3.072223 -2.233456 -0.009909 -0.300282 -0.580871 
6.637823 -0.849176 3.068536 -2.231610 -0.008568 -0.301122 -0.580811 
6.637954 -0.848667 3.071511 -2.235305 -0.008342 -0.301210 -0.579998 
6.637783 -0.849484 3.071176 -2.234235 -0.009934 -0.300768 -0.580295 
6.637761 -0.850511 3.071121 -2.234176 -0.011578 -0.300606 -0.580144 
6.637814 -0.851463 3.069975 -2.233245 -0.012147 -0.299981 -0.580231 
6.636433 -0.851966 3.070394 -2.233351 -0.012374 -0.299361 -0.581247 
6.636889 -0.852461 3.070556 -2.233379 -0.012162 -0.299701 -0.581807 
6.636340 -0.852898 3.070237 -2.233970 -0.013552 -0.298562 -0.580539 
6.635712 -0.852920 3.069533 -2.233880 -0.015055 -0.299368 -0.580620 
6.636737 -0.852416 3.070109 -2.234167 -0.013867 -0.298157 -0.581033 
6.636700 -0.852992 3.071458 -2.232816 -0.013935 -0.297784 -0.580222 
6.636739 -0.853247 3.070786 -2.232274 -0.013770 -0.297459 -0.580321 
6.636798 -0.853674 3.070889 -2.232550 -0.012905 -0.295866 -0.579812 
6.636694 -0.854262 3.070820 -2.232380 -0.012616 -0.294137 -0.579219 
6.636800 -0.854208 3.072413 -2.232772 -0.012622 -0.293285 -0.578600 
6.638190 -0.854121 3.071953 -2.232733 -0.012393 -0.293183 -0.577335 
6.638600 -0.854891 3.072060 -2.232955 -0.012559 -0.293258 -0.577651 
6.639079 -0.855853 3.072286 -2.232699 -0.011437 -0.292285 -0.578232 
6.638196 -0.855368 3.072180 -2.232782 -0.012241 -0.293678 -0.577160 
6.638206 -0.855447 3.071527 -2.234562 -0.012810 -0.292730 -0.577275 
6.638097 -0.856377 3.071428 -2.234271 -0.014264 -0.291981 -0.576865 
6.638281 -0.857441 3.071635 -2.234748 -0.015728 -0.291616 -0.576549 
6.638210 -0.858373 3.071267 -2.234345 -0.015123 -0.290119 -0.576739 
6.638100 -0.858965 3.069518 -2.233958 -0.015369 -0.290274 -0.577134 
6.638876 -0.858278 3.071031 -2.234311 -0.014998 -0.290063 -0.576087 
6.638119 -0.857947 3.070860 -2.234017 -0.015178 -0.288601 -0.575166 
6.639019 -0.857229 3.070924 -2.233490 -0.015796 -0.287538 -0.576002 
6.638986 -0.857434 3.071189 -2.232625 -0.015918 -0.287766 -0.575845 
6.639074 -0.858047 3.071138 -2.233365 -0.015217 -0.285974 -0.575456 
6.639054 -0.858736 3.071382 -2.233554 -0.015956 -0.284658 -0.574473 
6.638999 -0.859346 3.071600 -2.233665 -0.016494 -0.283222 -0.573459 
6.638945 -0.859963 3.071801 -2.233656 -0.016590 -0.281635 -0.572528 
6.639078 -0.859813 3.071687 -2.234503 -0.017443 -0.280225 -0.571958 
6.639146 -0.860089 3.072098 -2.233648 -0.018523 -0.279274 -0.571085 
6.639436 -0.860063 3.072266 -2.233097 -0.018569 -0.277474 -0.570685 
6.638892 -0.861215 3.072479 -2.233428 -0.018561 -0.276896 -0.569380 
6.638620 -0.861370 3.072436 -2.234262 -0.019568 -0.276019 -0.568268 
6.638408 -0.861918 3.072448 -2.234765 -0.019291 -0.274512 -0.567336 
6.638122 -0.862450 3.072852 -2.233998 -0.020099 -0.273841 -0.566073 
6.638259 -0.862308 3.073029 -2.233668 -0.021095 -0.272417 -0.565288 
6.637982 -0.863236 3.073302 -2.233161 -0.020228 -0.271368 -0.564459 
6.637237 -0.863787 3.073202 -2.234159 -0.020419 -0.271116 -0.563099 
6.638038 -0.865317 3.073742 -2.234613 -0.020969 -0.270943 -0.563101 
6.636893 -0.865598 3.075013 -2.234865 -0.021288 -0.270550 -0.563801 
6.636528 -0.865971 3.074336 -2.234709 -0.021526 -0.270405 -0.564148 
6.636580 -0.867669 3.074352 -2.234716 -0.022169 -0.269933 -0.563607 
6.635612 -0.868469 3.073942 -2.235328 -0.022503 -0.269531 -0.562415 
6.636034 -0.869265 3.073654 -2.236419 -0.022331 -0.268256 -0.562691 
6.635884 -0.870707 3.073531 -2.237111 -0.021392 -0.268787 -0.562920 
6.636223 -0.871530 3.073287 -2.238270 -0.022646 -0.268607 -0.563037 
6.635302 -0.870754 3.074154 -2.237172 -0.021519 -0.268608 -0.563336 
6.635226 -0.871700 3.074020 -2.236654 -0.020966 -0.267129 -0.562968 
6.634252 -0.871663 3.073384 -2.237294 -0.020270 -0.266094 -0.562264 
6.634918 -0.871798 3.074677 -2.237733 -0.019818 -0.265750 -0.561184 
6.635350 -0.871500 3.074651 -2.238063 -0.019484 -0.265405 -0.561765 
6.634448 -0.873104 3.074516 -2.236634 -0.019774 -0.265196 -0.560597 
6.632932 -0.873848 3.075398 -2.236284 -0.019913 -0.265000 -0.560658 
6.632752 -0.873133 3.075518 -2.235466 -0.020995 -0.263923 -0.560152 
6.632929 -0.874138 3.075297 -2.236449 -0.022252 -0.263500 -0.560130 
6.632526 -0.875190 3.074947 -2.236326 -0.023384 -0.262931 -0.559233 
6.632749 -0.876018 3.075068 -2.236187 -0.023569 -0.261362 -0.559973 
6.633510 -0.876677 3.075826 -2.235299 -0.024535 -0.261819 -0.560516 
6.633084 -0.876081 3.075715 -2.236411 -0.023343 -0.261192 -0.559435 
6.632586 -0.876177 3.075990 -2.237455 -0.023656 -0.259698 -0.559185 
6.633811 -0.876166 3.075002 -2.237767 -0.023637 -0.258747 -0.558604 
6.633698 -0.877676 3.074723 -2.238496 -0.022771 -0.258378 -0.558446 
6.633230 -0.877955 3.074682 -2.237736 -0.022049 -0.257016 -0.557697 
6.633704 -0.877716 3.074973 -2.238486 -0.020934 -0.256013 -0.558494 
6.632891 -0.877488 3.074372 -2.238099 -0.021645 -0.257278 -0.557296 
6.633325 -0.879175 3.074763 -2.237795 -0.023229 -0.256582 -0.556845 
6.633793 -0.880464 3.075120 -2.238029 -0.024048 -0.255578 -0.556572 
6.633615 -0.881353 3.074919 -2.238697 -0.024769 -0.255130 -0.555235 
6.633759 -0.882326 3.075186 -2.238588 -0.024721 -0.253531 -0.554782 
6.633823 -0.883278 3.075388 -2.238532 -0.024658 -0.251954 -0.554175 
6.633784 -0.884228 3.075488 -2.238608 -0.024668 -0.250483 -0.553320 
6.633560 -0.885119 3.075319 -2.239126 -0.025112 -0.249679 -0.551967 
6.633236 -0.886208 3.074715 -2.239070 -0.025676 -0.248329 -0.551842 
6.633411 -0.887513 3.074638 -2.238885 -0.025970 -0.247095 -0.551184 
6.633106 -0.888185 3.074608 -2.238948 -0.025785 -0.245413 -0.550552 
6.633089 -0.889399 3.074561 -2.239574 -0.025740 -0.244052 -0.550247 
6.632723 -0.890266 3.074191 -2.239601 -0.026007 -0.242809 -0.549162 
6.633021 -0.891289 3.074453 -2.239106 -0.025992 -0.241455 -0.548433 
6.633090 -0.892696 3.074262 -2.239555 -0.026259 -0.240398 -0.547797 
6.632650 -0.893375 3.073684 -2.239328 -0.026817 -0.239665 -0.546410 
6.631580 -0.894415 3.074392 -2.239298 -0.027406 -0.238863 -0.546101 
6.631636 -0.894996 3.074307 -2.239588 -0.028254 -0.237339 -0.545514 
6.631468 -0.895931 3.074032 -2.239715 -0.028737 -0.235849 -0.544910 
6.630963 -0.897125 3.073824 -2.239695 -0.028982 -0.234534 -0.544359 
6.631177 -0.897750 3.073409 -2.239940 -0.029584 -0.232984 -0.543743 
6.631099 -0.898550 3.073454 -2.240324 -0.029993 -0.231575 -0.542813 
6.630954 -0.899501 3.073192 -2.240499 -0.030361 -0.230108 -0.542103 
6.630761 -0.900386 3.073306 -2.240865 -0.030685 -0.228757 -0.541145 
6.630584 -0.901367 3.073039 -2.241019 -0.031030 -0.227302 -0.540446 
6.630324 -0.902332 3.073098 -2.241321 -0.031309 -0.225955 -0.539535 
6.630139 -0.903339 3.072734 -2.241411 -0.031646 -0.224496 -0.538914 
6.629850 -0.904358 3.072702 -2.241646 -0.031907 -0.223134 -0.538070 
6.629676 -0.905384 3.072102 -2.241585 -0.032232 -0.221688 -0.537657 
6.629730 -0.906361 3.072017 -2.241732 -0.032954 -0.220363 -0.536914 
6.629140 -0.907406 3.071961 -2.241951 -0.032798 -0.219078 -0.536110 
6.628939 -0.908386 3.072232 -2.242279 -0.033227 -0.217868 -0.535117 
6.628646 -0.909549 3.071840 -2.242233 -0.033530 -0.216510 -0.534584 
6.628743 -0.910518 3.072027 -2.242439 -0.034372 -0.215351 -0.533726 
6.628573 -0.911585 3.071038 -2.241981 -0.034686 -0.214189 -0.533829 
6.627741 -0.911739 3.070321 -2.243369 -0.035169 -0.213574 -0.533609 
6.627287 -0.911275 3.070488 -2.242892 -0.035136 -0.211913 -0.532995 
6.627507 -0.911539 3.071137 -2.243236 -0.034708 -0.210260 -0.533487 
6.627708 -0.911585 3.070883 -2.243127 -0.034231 -0.208739 -0.532412 
6.626485 -0.911965 3.071596 -2.242586 -0.034600 -0.207631 -0.532328 
6.626881 -0.911256 3.071523 -2.242324 -0.035874 -0.206463 -0.532634 
6.626128 -0.910454 3.070807 -2.241917 -0.035159 -0.205591 -0.533443 
6.626485 -0.911088 3.071378 -2.243157 -0.036053 -0.206412 -0.532495 
6.626654 -0.910099 3.072913 -2.243235 -0.035973 -0.206185 -0.531871 
6.626800 -0.911433 3.071704 -2.243556 -0.035807 -0.206074 -0.533039 
6.626930 -0.912745 3.071585 -2.243568 -0.036878 -0.205256 -0.532542 
6.626596 -0.913717 3.071906 -2.243488 -0.038417 -0.205312 -0.533068 
6.628226 -0.913158 3.070761 -2.243951 -0.037104 -0.204613 -0.531720 
6.627578 -0.913611 3.070318 -2.243627 -0.036698 -0.203004 -0.531354 
6.627310 -0.914985 3.070526 -2.243864 -0.035908 -0.203331 -0.530343 
6.626927 -0.914765 3.070467 -2.244695 -0.036082 -0.203268 -0.530171 
6.627245 -0.914394 3.071876 -2.244568 -0.036330 -0.202501 -0.529211 
6.626938 -0.914147 3.071540 -2.244168 -0.036658 -0.202778 -0.528627 
6.626967 -0.914478 3.070935 -2.244162 -0.036314 -0.201334 -0.527561 
6.627397 -0.915427 3.071032 -2.244614 -0.035756 -0.201678 -0.526117 
6.627191 -0.916706 3.071126 -2.244597 -0.037124 -0.201180 -0.526035 
6.626663 -0.918025 3.071316 -2.244501 -0.038230 -0.200501 -0.525771 
6.626718 -0.919550 3.071467 -2.244762 -0.038773 -0.200328 -0.524738 
6.626867 -0.919712 3.070667 -2.244621 -0.039311 -0.198670 -0.524474 
6.625610 -0.920183 3.070635 -2.244247 -0.038500 -0.197623 -0.524126 
6.624663 -0.920072 3.070044 -2.243430 -0.039318 -0.197043 -0.523187 
6.624505 -0.920269 3.070961 -2.243356 -0.039598 -0.195375 -0.522974 
6.623591 -0.920225 3.070732 -2.244832 -0.039973 -0.194599 -0.522911 
6.623251 -0.921204 3.070534 -2.244496 -0.040124 -0.193029 -0.523223 
6.623255 -0.921711 3.070340 -2.244408 -0.039775 -0.191296 -0.522599 
6.622652 -0.923029 3.070893 -2.244291 -0.039956 -0.190230 -0.522126 
6.621963 -0.923943 3.071307 -2.244018 -0.040045 -0.188739 -0.521961 
6.622034 -0.923918 3.070906 -2.243849 -0.039592 -0.186921 -0.521629 
6.621894 -0.923711 3.070586 -2.243508 -0.040299 -0.186920 -0.521213 
6.622490 -0.924776 3.070746 -2.243725 -0.041693 -0.186472 -0.520887 
6.621934 -0.926220 3.069931 -2.243558 -0.042274 -0.186467 -0.520261 
6.621450 -0.926284 3.070754 -2.244261 -0.043057 -0.186135 -0.518965 
6.622073 -0.926825 3.071496 -2.242801 -0.043200 -0.186135 -0.518309 
6.621474 -0.926895 3.071856 -2.242542 -0.043449 -0.185898 -0.518834 
6.622782 -0.927178 3.070957 -2.242784 -0.044840 -0.185688 -0.518217 
6.622129 -0.926844 3.071346 -2.242769 -0.042871 -0.185237 -0.518207 
6.622529 -0.928211 3.072013 -2.243489 -0.042141 -0.184744 -0.518422 
6.621895 -0.928757 3.071795 -2.243288 -0.041031 -0.183726 -0.517552 
6.622545 -0.927935 3.072823 -2.243499 -0.040321 -0.182672 -0.517517 
6.622035 -0.928698 3.071561 -2.242904 -0.040407 -0.183954 -0.518088 
6.622302 -0.929736 3.070934 -2.243325 -0.041927 -0.182659 -0.517473 
6.623007 -0.930807 3.070610 -2.243496 -0.042232 -0.182913 -0.516102 
6.622590 -0.930970 3.069649 -2.245114 -0.042250 -0.182652 -0.516057 
6.622502 -0.931642 3.070183 -2.245360 -0.042149 -0.182699 -0.516426 
6.621524 -0.932367 3.069934 -2.244975 -0.043301 -0.181957 -0.515931 
6.622279 -0.932419 3.070363 -2.245352 -0.043712 -0.180359 -0.515488 
6.623227 -0.932476 3.070490 -2.245797 -0.045274 -0.179878 -0.515651 
6.622577 -0.932782 3.069787 -2.245024 -0.043534 -0.180110 -0.515935 
6.622462 -0.933229 3.069820 -2.244941 -0.042688 -0.178641 -0.515088 
6.621341 -0.934113 3.069385 -2.244391 -0.042722 -0.177774 -0.514358 
6.621114 -0.935637 3.070133 -2.244752 -0.042002 -0.177305 -0.514483 
6.620215 -0.935002 3.070406 -2.244680 -0.041803 -0.176031 -0.515412 
6.620407 -0.935000 3.070927 -2.243880 -0.041875 -0.176036 -0.515403 
6.620420 -0.935291 3.070458 -2.243352 -0.040996 -0.175028 -0.514202 
6.620148 -0.935040 3.070591 -2.243545 -0.041289 -0.176484 -0.515742 
6.621011 -0.935892 3.070263 -2.243631 -0.042982 -0.175315 -0.516038 
6.620551 -0.936647 3.070581 -2.243770 -0.044604 -0.174851 -0.515778 
6.621908 -0.936903 3.071045 -2.244342 -0.045287 -0.174006 -0.516206 
6.622252 -0.935639 3.070217 -2.243946 -0.046370 -0.173869 -0.515948 
6.621841 -0.936768 3.071220 -2.244462 -0.045565 -0.174601 -0.516881 
6.622029 -0.938165 3.070509 -2.243906 -0.045095 -0.172818 -0.515676 
6.622282 -0.938373 3.071710 -2.242766 -0.045029 -0.172263 -0.514868 
6.621622 -0.938367 3.072075 -2.243278 -0.044724 -0.170632 -0.514389 
6.621845 -0.939074 3.072205 -2.243945 -0.044604 -0.170089 -0.512810 
6.622520 -0.939022 3.072038 -2.243770 -0.043203 -0.168971 -0.512517 
6.621708 -0.939649 3.072669 -2.244190 -0.044191 -0.170301 -0.513148 
6.621097 -0.939830 3.072347 -2.243740 -0.045801 -0.169076 -0.512406 
6.621561 -0.939380 3.073463 -2.244559 -0.046824 -0.168428 -0.512285 
6.621369 -0.939159 3.074057 -2.243981 -0.046688 -0.168591 -0.511917 
6.620057 -0.939213 3.073226 -2.245307 -0.047220 -0.168098 -0.511481 
6.620228 -0.940267 3.073009 -2.245056 -0.048520 -0.168103 -0.510546 
6.619762 -0.939047 3.073251 -2.245194 -0.047744 -0.168632 -0.511996 
6.619890 -0.939220 3.073206 -2.244977 -0.046745 -0.166240 -0.511528 
6.620476 -0.937883 3.072337 -2.244802 -0.046741 -0.165717 -0.510737 
6.619915 -0.939228 3.073342 -2.245590 -0.046206 -0.166497 -0.511079 
6.619838 -0.939910 3.073641 -2.244776 -0.046272 -0.164565 -0.511800 
6.618651 -0.939528 3.074027 -2.245023 -0.046068 -0.163483 -0.512715 
6.620111 -0.939757 3.074178 -2.245174 -0.046880 -0.164396 -0.511692 
6.619818 -0.940947 3.074120 -2.245067 -0.047731 -0.163617 -0.510709 
6.620434 -0.942035 3.073322 -2.245875 -0.048330 -0.162905 -0.511023 
6.620805 -0.943284 3.073791 -2.245488 -0.048970 -0.161973 -0.510338 
6.619776 -0.943905 3.073862 -2.245869 -0.049802 -0.160782 -0.510007 
6.620452 -0.943686 3.075073 -2.246536 -0.050649 -0.160048 -0.510382 
6.619978 -0.943400 3.073446 -2.245397 -0.050159 -0.160416 -0.510009 
6.620156 -0.943718 3.073575 -2.246605 -0.049184 -0.160059 -0.508555 
6.620325 -0.944301 3.073118 -2.247091 -0.049765 -0.159915 -0.506930 
6.620429 -0.944962 3.072904 -2.247105 -0.048792 -0.158439 -0.506487 
6.620972 -0.945182 3.073373 -2.247682 -0.048352 -0.156844 -0.506063 
6.620176 -0.945019 3.074065 -2.246731 -0.047679 -0.156460 -0.504981 
6.620200 -0.944985 3.073204 -2.248080 -0.048553 -0.156563 -0.506176 
6.620394 -0.945372 3.071839 -2.248615 -0.047466 -0.156028 -0.506068 
6.619991 -0.945494 3.073624 -2.248540 -0.048207 -0.156941 -0.506198 
6.620003 -0.946425 3.073194 -2.247507 -0.049322 -0.155810 -0.506640 
6.619892 -0.946132 3.073654 -2.247034 -0.048542 -0.155364 -0.508213 
6.620290 -0.947344 3.073534 -2.247846 -0.050651 -0.154878 -0.506489 
6.619807 -0.948436 3.072971 -2.247292 -0.051903 -0.155292 -0.506655 
6.619929 -0.947154 3.074203 -2.247378 -0.050800 -0.154916 -0.506177 
6.620136 -0.947948 3.073304 -2.247690 -0.049759 -0.153574 -0.505565 
6.621723 -0.948509 3.073700 -2.246946 -0.049425 -0.153841 -0.505265 
6.621506 -0.949074 3.074120 -2.247383 -0.049111 -0.154189 -0.505306 
6.622197 -0.948268 3.074066 -2.247824 -0.049191 -0.152534 -0.504335 
6.622199 -0.948451 3.074599 -2.247458 -0.048705 -0.151332 -0.505632 
6.622189 -0.948840 3.074059 -2.247819 -0.049946 -0.152297 -0.504319 
6.621928 -0.950080 3.073451 -2.247521 -0.050485 -0.151459 -0.503447 
6.622639 -0.950888 3.072316 -2.248418 -0.051074 -0.151070 -0.503700 
6.622548 -0.951651 3.072723 -2.248262 -0.052467 -0.150386 -0.502911 
6.622534 -0.951754 3.071986 -2.248582 -0.051792 -0.149978 -0.501319 
6.623288 -0.951330 3.070949 -2.247267 -0.052043 -0.149871 -0.500885 
6.621920 -0.951250 3.071621 -2.248719 -0.052081 -0.149706 -0.501435 
6.621702 -0.952919 3.071121 -2.248575 -0.051351 -0.150335 -0.500485 
6.621768 -0.953329 3.071087 -2.248498 -0.050458 -0.148651 -0.500418 
6.622120 -0.953476 3.070932 -2.249036 -0.049686 -0.147247 -0.499531 
6.621806 -0.954590 3.071304 -2.248352 -0.050326 -0.146060 -0.499755 
6.622224 -0.955549 3.070433 -2.248641 -0.050354 -0.145372 -0.500939 
6.621600 -0.956185 3.070824 -2.247580 -0.049675 -0.144332 -0.501384 
6.621223 -0.956396 3.071342 -2.248238 -0.049549 -0.144386 -0.501601 
6.621347 -0.957499 3.070408 -2.247617 -0.050660 -0.143985 -0.500514 
6.622610 -0.958669 3.071157 -2.247411 -0.050991 -0.143997 -0.500141 
6.622474 -0.959017 3.071029 -2.247548 -0.052502 -0.142876 -0.499826 
6.621913 -0.959690 3.070986 -2.246862 -0.053692 -0.143749 -0.500457 
6.622761 -0.959330 3.070485 -2.247835 -0.052397 -0.142725 -0.500428 
6.622591 -0.959405 3.070554 -2.248144 -0.052062 -0.141886 -0.498449 
6.623363 -0.958824 3.070169 -2.246942 -0.051878 -0.140782 -0.498256 
6.623811 -0.958433 3.069770 -2.247129 -0.052229 -0.141229 -0.497969 
6.623907 -0.958311 3.070962 -2.247890 -0.051834 -0.139477 -0.498106 
6.623791 -0.959120 3.070597 -2.247687 -0.051996 -0.138142 -0.497028 
6.624098 -0.959330 3.070427 -2.246641 -0.052422 -0.136650 -0.496648 
6.623539 -0.958541 3.070009 -2.245966 -0.053499 -0.135768 -0.497207 
6.623858 -0.958899 3.069487 -2.246249 -0.053451 -0.135584 -0.497785 
6.625073 -0.959494 3.070185 -2.245235 -0.054081 -0.135393 -0.497972 
6.625589 -0.959103 3.069718 -2.245351 -0.054350 -0.135603 -0.497540 
6.625469 -0.958918 3.069820 -2.244245 -0.052717 -0.134803 -0.498039 
6.624774 -0.959890 3.069717 -2.244714 -0.054130 -0.135845 -0.497873 
6.624898 -0.960441 3.069954 -2.245418 -0.054427 -0.134118 -0.496946 
6.624761 -0.961493 3.070100 -2.245705 -0.055772 -0.133243 -0.496832 
6.625317 -0.962888 3.070599 -2.246452 -0.055361 -0.133570 -0.496141 
6.625654 -0.963135 3.070032 -2.246607 -0.055114 -0.133318 -0.496697 
6.625912 -0.964007 3.069970 -2.246098 -0.055095 -0.131755 -0.496167 
6.625942 -0.964909 3.069778 -2.245848 -0.055078 -0.130152 -0.495590 
6.626390 -0.965918 3.069875 -2.245294 -0.055447 -0.128712 -0.495322 
6.626431 -0.966948 3.069469 -2.245304 -0.055537 -0.127131 -0.495045 
6.627084 -0.968094 3.069416 -2.245006 -0.056239 -0.125965 -0.495410 
6.628106 -0.968174 3.068544 -2.244953 -0.056665 -0.125185 -0.494309 
6.628751 -0.968291 3.069037 -2.245231 -0.056301 -0.123483 -0.494125 
6.629002 -0.969275 3.068773 -2.244602 -0.055979 -0.122070 -0.493658 
6.628595 -0.969820 3.067924 -2.245802 -0.056235 -0.121014 -0.493753 
6.628387 -0.970605 3.068721 -2.246303 -0.057103 -0.120391 -0.492691 
6.627758 -0.970121 3.068789 -2.245910 -0.058247 -0.119102 -0.492452 
6.627966 -0.970904 3.069113 -2.246401 -0.059071 -0.117801 -0.491787 
6.627935 -0.970861 3.068933 -2.246312 -0.060016 -0.116107 -0.491696 
6.627347 -0.970901 3.069066 -2.246810 -0.059802 -0.115066 -0.490257 
6.626343 -0.971791 3.070071 -2.246987 -0.059762 -0.114190 -0.490707 
6.625585 -0.973059 3.069767 -2.246860 -0.060699 -0.113744 -0.490038 
6.625058 -0.973525 3.070297 -2.247831 -0.061869 -0.113021 -0.489585 
6.625093 -0.973311 3.070902 -2.247246 -0.062150 -0.113166 -0.489272 
6.625455 -0.974823 3.069975 -2.247552 -0.061250 -0.111860 -0.489347 
6.625177 -0.975893 3.069349 -2.247147 -0.060648 -0.110576 -0.489190 
6.625890 -0.976958 3.069480 -2.247593 -0.060179 -0.109266 -0.489039 
6.626185 -0.977581 3.070202 -2.246183 -0.060187 -0.108740 -0.488294 
6.625877 -0.978954 3.070200 -2.246404 -0.059280 -0.109494 -0.487664 
6.626008 -0.977940 3.070569 -2.246048 -0.060260 -0.108808 -0.489088 
6.626922 -0.978825 3.069403 -2.245531 -0.060960 -0.108655 -0.489323 
6.627357 -0.978557 3.069283 -2.245242 -0.060252 -0.108786 -0.489601 
6.626489 -0.979507 3.069180 -2.245255 -0.060915 -0.106917 -0.489204 
6.626364 -0.980293 3.069192 -2.245093 -0.061009 -0.105154 -0.489018 
6.626605 -0.981309 3.069428 -2.245264 -0.061894 -0.103844 -0.488643 
6.626461 -0.982250 3.069425 -2.245103 -0.062500 -0.102290 -0.488329 
6.626969 -0.983186 3.069548 -2.245107 -0.062767 -0.100687 -0.488164 
6.627335 -0.984240 3.069464 -2.244947 -0.063409 -0.099247 -0.487938 
6.626579 -0.984611 3.069739 -2.244886 -0.063143 -0.097544 -0.487703 
6.626348 -0.985491 3.070962 -2.244930 -0.063446 -0.096838 -0.488652 
6.626102 -0.985848 3.070265 -2.246457 -0.063589 -0.096061 -0.489083 
6.626426 -0.985249 3.070830 -2.246743 -0.064326 -0.094557 -0.488703 
6.626392 -0.986383 3.071379 -2.247272 -0.064012 -0.093807 -0.487569 
6.626565 -0.987364 3.071383 -2.247226 -0.063507 -0.092232 -0.487277 
6.625511 -0.988262 3.071371 -2.247194 -0.064364 -0.091414 -0.486575 
6.624360 -0.989017 3.071696 -2.247439 -0.064729 -0.090378 -0.485835 
6.624593 -0.990303 3.071589 -2.247532 -0.065935 -0.089827 -0.485263 
6.624333 -0.989729 3.071258 -2.246965 -0.066956 -0.088460 -0.485537 
6.624311 -0.989571 3.070542 -2.247584 -0.066910 -0.088382 -0.485385 
6.624309 -0.989517 3.070067 -2.246661 -0.066750 -0.088312 -0.483741 
6.624325 -0.990006 3.069669 -2.246337 -0.066248 -0.088028 -0.484083 
6.623137 -0.991175 3.068858 -2.245819 -0.066575 -0.088048 -0.484006 
6.623395 -0.992207 3.068876 -2.245926 -0.066048 -0.086613 -0.483427 
6.623942 -0.993332 3.068652 -2.245851 -0.065657 -0.085279 -0.482917 
6.624076 -0.994772 3.067961 -2.245442 -0.065586 -0.084316 -0.482534 
6.623226 -0.995672 3.068275 -2.245815 -0.065423 -0.083182 -0.481679 
6.622947 -0.996210 3.067860 -2.245374 -0.064221 -0.081912 -0.481523 
6.623165 -0.995184 3.068147 -2.245511 -0.065963 -0.082624 -0.481684 
6.623805 -0.995430 3.068168 -2.245363 -0.066780 -0.082591 -0.480055 
6.623966 -0.995391 3.067042 -2.246841 -0.067221 -0.082220 -0.480011 
6.624604 -0.995457 3.067563 -2.247083 -0.067211 -0.081832 -0.480259 
6.624334 -0.996553 3.067908 -2.247069 -0.068702 -0.081495 -0.480548 
6.624038 -0.995263 3.068095 -2.247507 -0.067150 -0.081649 -0.479949 
6.624927 -0.993885 3.068412 -2.247756 -0.067879 -0.081565 -0.479298 
6.624112 -0.995711 3.067736 -2.247203 -0.066480 -0.080084 -0.479249 
6.624660 -0.996874 3.067922 -2.247885 -0.065586 -0.080310 -0.478348 
6.623834 -0.995717 3.067617 -2.247585 -0.065474 -0.078854 -0.480274 
6.624105 -0.995772 3.068308 -2.246455 -0.066283 -0.080144 -0.479111 
6.623953 -0.996077 3.067789 -2.247185 -0.066718 -0.080017 -0.479370 
6.624042 -0.996364 3.067824 -2.247198 -0.067499 -0.079678 -0.478999 
6.623437 -0.996692 3.067365 -2.246991 -0.067757 -0.079759 -0.478607 
6.623302 -0.997250 3.067446 -2.247093 -0.068266 -0.079192 -0.478771 
6.623365 -0.997040 3.067049 -2.247315 -0.068710 -0.078542 -0.478489 
6.622861 -0.996865 3.067551 -2.247827 -0.069022 -0.078560 -0.478254 
6.623270 -0.996816 3.067023 -2.247134 -0.068968 -0.078618 -0.478760 
6.623812 -0.997681 3.066844 -2.247594 -0.069026 -0.078565 -0.478141 
6.623909 -0.997651 3.067083 -2.247281 -0.069116 -0.078500 -0.477895 
6.623725 -0.998056 3.067038 -2.247184 -0.068748 -0.077750 -0.477678 
6.623416 -0.998358 3.066758 -2.247031 -0.068356 -0.077229 -0.477188 
6.623624 -0.998591 3.066956 -2.247124 -0.067982 -0.076412 -0.477164 
6.623302 -0.999332 3.067293 -2.246877 -0.067700 -0.076526 -0.477350 
6.623525 -0.999365 3.067042 -2.246586 -0.067608 -0.076535 -0.477528 
6.622908 -0.999526 3.067148 -2.246700 -0.068295 -0.075956 -0.477524 
6.622737 -0.999730 3.067348 -2.246231 -0.068512 -0.075382 -0.477028 
6.622537 -1.000306 3.067092 -2.246318 -0.068715 -0.074778 -0.476708 
6.622088 -1.000661 3.066916 -2.246256 -0.068772 -0.074041 -0.476494 
6.622042 -1.001223 3.066958 -2.246259 -0.069160 -0.073369 -0.476313 
6.621870 -1.001799 3.066886 -2.246204 -0.069593 -0.072805 -0.476033 
6.621763 -1.002087 3.067074 -2.246215 -0.069648 -0.071901 -0.476087 
6.621359 -1.002409 3.066997 -2.246147 -0.069697 -0.071092 -0.475945 
6.621286 -1.002888 3.067132 -2.246109 -0.070042 -0.070337 -0.475846 
6.621010 -1.003333 3.067121 -2.246038 -0.070288 -0.069572 -0.475675 
6.621397 -1.003805 3.067473 -2.246056 -0.070861 -0.069215 -0.475676 
6.621605 -1.003440 3.067119 -2.246278 -0.071133 -0.068579 -0.475322 
6.621958 -1.003732 3.066625 -2.245721 -0.070963 -0.068240 -0.475537 
6.622020 -1.004249 3.066611 -2.245758 -0.070637 -0.067592 -0.475144 
6.621949 -1.004815 3.066374 -2.245990 -0.070512 -0.066883 -0.475140 
6.621881 -1.005209 3.066404 -2.245793 -0.070368 -0.066075 -0.474856 
6.621700 -1.005674 3.066077 -2.246044 -0.070443 -0.065402 -0.475131 
6.621588 -1.006291 3.065586 -2.246049 -0.070662 -0.065310 -0.474618 
6.621796 -1.006923 3.065258 -2.246255 -0.070546 -0.064803 -0.474319 
6.621884 -1.007360 3.064729 -2.245818 -0.070745 -0.064308 -0.474287 
6.621452 -1.007421 3.064114 -2.245773 -0.070243 -0.064018 -0.474072 
6.621807 -1.007676 3.064846 -2.245676 -0.070547 -0.064484 -0.474455 
6.621857 -1.007918 3.064760 -2.245871 -0.071302 -0.063789 -0.474046 
6.622093 -1.008490 3.064390 -2.246103 -0.071860 -0.063527 -0.474045 
6.622391 -1.008742 3.064608 -2.245690 -0.071944 -0.063233 -0.473346 
6.622563 -1.008828 3.064937 -2.245602 -0.071876 -0.062367 -0.473562 
6.622304 -1.008923 3.065182 -2.245140 -0.072316 -0.061727 -0.473549 
6.622210 -1.009213 3.065699 -2.245550 -0.072309 -0.061171 -0.473210 
6.622652 -1.008991 3.066011 -2.245719 -0.072573 -0.060496 -0.472969 
6.622415 -1.009025 3.065544 -2.245745 -0.072212 -0.059841 -0.472626 
6.622525 -1.009586 3.065818 -2.245633 -0.071964 -0.059157 -0.472526 
6.622516 -1.009892 3.065960 -2.245422 -0.072081 -0.059001 -0.471656 
6.622288 -1.009546 3.066517 -2.245138 -0.071580 -0.058755 -0.471373 
6.622225 -1.009872 3.065990 -2.245235 -0.072373 -0.058858 -0.471767 
6.622163 -1.010453 3.065766 -2.245521 -0.072879 -0.058423 -0.471577 
6.622572 -1.010745 3.065324 -2.244989 -0.073204 -0.058086 -0.471520 
6.622130 -1.011487 3.065059 -2.244773 -0.073033 -0.058335 -0.471528 
6.622301 -1.011694 3.065417 -2.244714 -0.073126 -0.058411 -0.471671 
6.622052 -1.011695 3.064787 -2.244900 -0.073826 -0.058461 -0.471115 
6.622064 -1.011499 3.065261 -2.244622 -0.072938 -0.058213 -0.471146 
6.621905 -1.011794 3.065297 -2.244642 -0.072729 -0.057322 -0.471184 
6.622093 -1.011847 3.065083 -2.243854 -0.072576 -0.056846 -0.471192 
6.622664 -1.012214 3.064880 -2.244151 -0.072102 -0.056697 -0.470850 
6.622589 -1.012086 3.065009 -2.244123 -0.071695 -0.056775 -0.471016 
6.622508 -1.012561 3.064777 -2.244189 -0.072663 -0.056134 -0.470444 
6.622725 -1.012732 3.064456 -2.243642 -0.073167 -0.055943 -0.470014 
6.622890 -1.012944 3.063994 -2.243721 -0.073440 -0.055506 -0.470643 
6.622895 -1.012551 3.063798 -2.243835 -0.073421 -0.055369 -0.470529 
6.623425 -1.012795 3.064610 -2.243773 -0.073809 -0.055151 -0.470679 
6.623524 -1.012808 3.064523 -2.244030 -0.074067 -0.055447 -0.470645 
6.623131 -1.013212 3.064666 -2.243610 -0.073995 -0.054398 -0.470433 
6.623263 -1.013693 3.064598 -2.243296 -0.073913 -0.053667 -0.470186 
6.623177 -1.014076 3.064603 -2.242836 -0.074021 -0.052921 -0.470047 
6.623248 -1.014672 3.064494 -2.242869 -0.074216 -0.052292 -0.469663 
6.623239 -1.015238 3.064506 -2.242944 -0.074186 -0.051540 -0.469420 
6.623399 -1.015806 3.064450 -2.242878 -0.074302 -0.050846 -0.469096 
6.623429 -1.016350 3.064429 -2.242767 -0.074371 -0.050092 -0.468834 
6.623869 -1.016855 3.064279 -2.242637 -0.074654 -0.049630 -0.468418 
6.623708 -1.017321 3.064321 -2.242843 -0.075198 -0.049113 -0.468096 
6.623896 -1.017841 3.064417 -2.242890 -0.075356 -0.048377 -0.467834 
6.624039 -1.018376 3.064465 -2.242881 -0.075522 -0.047642 -0.467554 
6.624227 -1.018899 3.064551 -2.242908 -0.075667 -0.046903 -0.467291 
6.624421 -1.019419 3.064641 -2.242939 -0.075809 -0.046163 -0.467030 
6.624603 -1.019943 3.064724 -2.242965 -0.075958 -0.045424 -0.466765 
6.624822 -1.020458 3.064827 -2.243002 -0.076079 -0.044681 -0.466514 
6.624997 -1.020983 3.064908 -2.243029 -0.076237 -0.043944 -0.466246 
6.625258 -1.021485 3.065029 -2.243066 -0.076314 -0.043198 -0.466012 
6.625399 -1.022016 3.065096 -2.243095 -0.076506 -0.042469 -0.465733 
6.625188 -1.022517 3.065031 -2.243140 -0.076999 -0.041932 -0.465385 
6.625202 -1.022964 3.065292 -2.243349 -0.077106 -0.041150 -0.465250 
6.625312 -1.023465 3.065449 -2.243454 -0.077249 -0.040384 -0.465032 
6.625422 -1.023962 3.065616 -2.243566 -0.077383 -0.039615 -0.464822 
6.625533 -1.024460 3.065782 -2.243677 -0.077517 -0.038845 -0.464611 
6.625637 -1.024961 3.065940 -2.243785 -0.077663 -0.038080 -0.464394 
6.625761 -1.025453 3.066116 -2.243899 -0.077779 -0.037306 -0.464192 
6.625842 -1.025960 3.066260 -2.244004 -0.077952 -0.036548 -0.463963 
6.626116 -1.026385 3.066514 -2.244123 -0.077878 -0.035773 -0.463849 
6.625992 -1.026884 3.066635 -2.244250 -0.078150 -0.035044 -0.463618 
6.625921 -1.027395 3.066740 -2.244362 -0.078427 -0.034320 -0.463366 
6.625848 -1.027906 3.066844 -2.244474 -0.078705 -0.033596 -0.463115 
6.625593 -1.028397 3.066846 -2.244565 -0.079149 -0.033004 -0.462815 
6.625454 -1.028887 3.066988 -2.244702 -0.079397 -0.032262 -0.462604 
6.625248 -1.029347 3.067175 -2.244859 -0.079585 -0.031500 -0.462449 
6.625066 -1.029825 3.067331 -2.245004 -0.079816 -0.030754 -0.462259 
6.624885 -1.030304 3.067485 -2.245148 -0.080051 -0.030009 -0.462068 
6.624712 -1.030799 3.067591 -2.245275 -0.080355 -0.029300 -0.461830 
6.624547 -1.031106 3.067962 -2.245481 -0.080194 -0.028511 -0.461900 
6.624474 -1.031555 3.068207 -2.245665 -0.080301 -0.027721 -0.461773 
6.624301 -1.032016 3.068404 -2.245825 -0.080471 -0.026949 -0.461622 
6.624235 -1.032466 3.068648 -2.246010 -0.080579 -0.026159 -0.461492 
6.623927 -1.032932 3.068763 -2.246125 -0.080846 -0.025446 -0.461303 
6.623798 -1.033409 3.068941 -2.246289 -0.081062 -0.024691 -0.461117 
6.623653 -1.033859 3.069166 -2.246455 -0.081180 -0.023902 -0.460991 
6.623513 -1.034345 3.069316 -2.246611 -0.081445 -0.023170 -0.460779 
6.623370 -1.034832 3.069460 -2.246766 -0.081718 -0.022443 -0.460562 
6.623244 -1.035301 3.069656 -2.246932 -0.081901 -0.021675 -0.460396 
6.623110 -1.035790 3.069801 -2.247089 -0.082175 -0.020947 -0.460177 
6.623007 -1.036238 3.070039 -2.247265 -0.082280 -0.020154 -0.460054 
6.622892 -1.036714 3.070224 -2.247431 -0.082488 -0.019396 -0.459871 
6.622706 -1.037209 3.070220 -2.247543 -0.082973 -0.018832 -0.459544 
6.622436 -1.037743 3.070193 -2.247621 -0.082796 -0.018104 -0.459376 
6.622177 -1.038181 3.070309 -2.247557 -0.082758 -0.017290 -0.459260 
6.622074 -1.038747 3.070346 -2.247828 -0.082649 -0.016584 -0.459065 
6.622070 -1.039260 3.069933 -2.247452 -0.082672 -0.016158 -0.458623 
6.621363 -1.039526 3.069750 -2.247662 -0.083191 -0.016094 -0.458443 
6.621270 -1.040023 3.069790 -2.247554 -0.083318 -0.015316 -0.458190 
6.621133 -1.040457 3.069869 -2.247347 -0.083465 -0.014522 -0.457978 
6.621024 -1.040953 3.069907 -2.247240 -0.083604 -0.013748 -0.457725 
6.620914 -1.041435 3.069955 -2.247108 -0.083741 -0.012966 -0.457481 
6.620799 -1.041943 3.069981 -2.247024 -0.083886 -0.012201 -0.457219 
6.620674 -1.042467 3.069991 -2.246975 -0.084040 -0.011452 -0.456946 
6.620538 -1.043008 3.069982 -2.246964 -0.084205 -0.010721 -0.456659 
6.620451 -1.043476 3.070045 -2.246805 -0.084323 -0.009928 -0.456426 
6.620323 -1.044013 3.070042 -2.246784 -0.084482 -0.009191 -0.456143 
6.620292 -1.044432 3.070148 -2.246547 -0.084555 -0.008375 -0.455944 
6.620158 -1.044982 3.070130 -2.246556 -0.084720 -0.007654 -0.455651 
6.620098 -1.045479 3.070174 -2.246448 -0.084825 -0.006871 -0.455399 
6.619908 -1.046064 3.070094 -2.246578 -0.085035 -0.006237 -0.455073 
6.619819 -1.046600 3.070100 -2.246547 -0.085167 -0.005487 -0.454793 
6.619439 -1.046977 3.070272 -2.246550 -0.085491 -0.004769 -0.454662 
6.619354 -1.047480 3.070320 -2.246472 -0.085616 -0.003990 -0.454411 
6.619174 -1.048084 3.070211 -2.246674 -0.085823 -0.003404 -0.454069 
6.619148 -1.048608 3.070223 -2.246595 -0.085909 -0.002637 -0.453793 
6.618885 -1.049043 3.070367 -2.246587 -0.086157 -0.001873 -0.453619 
6.618919 -1.049503 3.070436 -2.246392 -0.086190 -0.001071 -0.453388 
6.618801 -1.050097 3.070370 -2.246529 -0.086353 -0.000414 -0.453062 
6.618503 -1.050519 3.070532 -2.246564 -0.086628 0.000333 -0.452905 
6.618465 -1.051016 3.070597 -2.246478 -0.086721 0.001124 -0.452661 
6.618319 -1.051631 3.070480 -2.246736 -0.086909 0.001688 -0.452314 
6.617924 -1.051983 3.070709 -2.246828 -0.087248 0.002388 -0.452224 
6.617872 -1.052494 3.070767 -2.246783 -0.087354 0.003170 -0.451973 
6.617740 -1.053116 3.070637 -2.247106 -0.087536 0.003690 -0.451622 
6.617392 -1.053469 3.070889 -2.247185 -0.087844 0.004422 -0.451537 
6.617391 -1.053968 3.070947 -2.247090 -0.087911 0.005214 -0.451289 
6.617315 -1.054563 3.070909 -2.247268 -0.088050 0.005879 -0.450974 
6.617569 -1.054970 3.070901 -2.246916 -0.087911 0.006601 -0.450730 
6.617743 -1.055244 3.070934 -2.246719 -0.088641 0.006978 -0.450363 
6.618157 -1.055493 3.071388 -2.247055 -0.088833 0.007575 -0.450278 
6.617977 -1.055894 3.071570 -2.246979 -0.089127 0.008353 -0.450103 
6.617977 -1.056486 3.071506 -2.247120 -0.089354 0.008981 -0.449739 
6.617625 -1.056838 3.071623 -2.246902 -0.089645 0.009716 -0.449595 
6.617739 -1.057250 3.071674 -2.246728 -0.089265 0.010477 -0.449474 
6.617718 -1.057622 3.072031 -2.247003 -0.089244 0.011258 -0.449444 
6.617684 -1.058240 3.071843 -2.247003 -0.089251 0.011894 -0.449081 
6.617289 -1.058613 3.071912 -2.246872 -0.089674 0.012542 -0.448890 
6.617546 -1.058930 3.072069 -2.246578 -0.090061 0.013214 -0.448616 
6.617503 -1.059392 3.072255 -2.246724 -0.090385 0.013939 -0.448388 
6.617788 -1.059986 3.072103 -2.246775 -0.090289 0.014524 -0.448010 
6.617706 -1.060352 3.072275 -2.246565 -0.090153 0.015369 -0.447934 
6.617363 -1.060836 3.071952 -2.246306 -0.090484 0.015792 -0.447557 
6.617221 -1.061390 3.071981 -2.246532 -0.090748 0.016443 -0.447272 
6.617217 -1.061774 3.072262 -2.246577 -0.090639 0.017286 -0.447215 
6.617524 -1.062056 3.072434 -2.246348 -0.091166 0.017864 -0.446921 
6.617531 -1.062562 3.072532 -2.246698 -0.091575 0.018418 -0.446620 
6.617377 -1.062947 3.072777 -2.246928 -0.091273 0.019178 -0.446645 
6.616808 -1.063142 3.072948 -2.246700 -0.091656 0.019781 -0.446621 
6.616765 -1.063694 3.072797 -2.246499 -0.091686 0.020470 -0.446290 
6.616486 -1.064277 3.072650 -2.246925 -0.091950 0.020871 -0.445970 
6.616622 -1.064706 3.072849 -2.246917 -0.092239 0.021626 -0.445728 
6.616875 -1.065235 3.072489 -2.246678 -0.091954 0.022071 -0.445350 
6.616734 -1.065634 3.072711 -2.246831 -0.091667 0.022859 -0.445351 
6.616323 -1.065925 3.072601 -2.246344 -0.092021 0.023388 -0.445142 
6.616135 -1.066503 3.072409 -2.246567 -0.092428 0.023802 -0.444742 
6.616410 -1.066848 3.072562 -2.246382 -0.092888 0.024434 -0.444439 
6.616112 -1.067218 3.072818 -2.246470 -0.093174 0.025185 -0.444347 
6.616084 -1.067777 3.072689 -2.246318 -0.093101 0.025897 -0.444050 
6.615512 -1.068155 3.072817 -2.246506 -0.093046 0.026552 -0.444065 
6.615855 -1.068635 3.072974 -2.246984 -0.092962 0.027103 -0.443861 
6.615628 -1.069129 3.072574 -2.247245 -0.093447 0.027134 -0.443420 
6.615659 -1.069500 3.072752 -2.247047 -0.093795 0.027891 -0.443197 
6.615700 -1.069966 3.072395 -2.246659 -0.093416 0.028375 -0.442918 
6.615252 -1.070396 3.072493 -2.246715 -0.093378 0.029117 -0.442859 
6.615590 -1.070908 3.072613 -2.247010 -0.093325 0.029759 -0.442613 
6.615402 -1.071459 3.072265 -2.247112 -0.093784 0.030010 -0.442156 
6.615485 -1.071740 3.072406 -2.246703 -0.094179 0.030697 -0.441929 
6.615121 -1.072103 3.072649 -2.246809 -0.094478 0.031421 -0.441850 
6.614859 -1.072557 3.072417 -2.246467 -0.094168 0.032040 -0.441675 
6.615080 -1.073085 3.072497 -2.246557 -0.094245 0.032763 -0.441389 
6.614636 -1.073512 3.072656 -2.247003 -0.094247 0.033355 -0.441365 
6.614461 -1.074013 3.072236 -2.247027 -0.094750 0.033486 -0.440890 
6.614336 -1.074211 3.072507 -2.246672 -0.095161 0.034208 -0.440794 
6.614787 -1.074602 3.072749 -2.246851 -0.095410 0.034823 -0.440539 
6.614830 -1.075084 3.072643 -2.246559 -0.095180 0.035543 -0.440311 
6.614611 -1.075577 3.072761 -2.246658 -0.095191 0.036330 -0.440172 
6.614535 -1.076132 3.072475 -2.246519 -0.095561 0.036779 -0.439725 
6.614772 -1.076369 3.072836 -2.247034 -0.096110 0.037127 -0.439571 
6.614686 -1.076227 3.073188 -2.246402 -0.096502 0.037620 -0.439647 
6.615346 -1.076501 3.073238 -2.246175 -0.096193 0.038129 -0.439459 
6.615320 -1.076957 3.073341 -2.246104 -0.095975 0.038946 -0.439342 
6.615456 -1.077490 3.073079 -2.245814 -0.096152 0.039476 -0.438911 
6.615803 -1.077865 3.073392 -2.246025 -0.096405 0.040145 -0.438716 
6.615509 -1.078142 3.073624 -2.245808 -0.096762 0.040890 -0.438630 
6.615234 -1.078725 3.073587 -2.246142 -0.096870 0.041488 -0.438393 
6.615295 -1.078956 3.073719 -2.245945 -0.096244 0.042152 -0.438474 
6.615502 -1.079435 3.073449 -2.245588 -0.096508 0.042609 -0.438025 
6.615988 -1.079724 3.073792 -2.245765 -0.096854 0.043179 -0.437826 
6.615763 -1.079936 3.074038 -2.245462 -0.097328 0.043866 -0.437728 
6.615658 -1.080496 3.074046 -2.245616 -0.097604 0.044529 -0.437429 
6.615800 -1.080839 3.074198 -2.245359 -0.097322 0.045331 -0.437357 
6.615810 -1.081476 3.074089 -2.245691 -0.097372 0.045890 -0.437024 
6.615203 -1.081821 3.074009 -2.245428 -0.097608 0.046455 -0.436895 
6.615018 -1.081906 3.074596 -2.245799 -0.097866 0.047036 -0.437056 
6.615264 -1.082200 3.074723 -2.245560 -0.098453 0.047579 -0.436750 
6.615404 -1.082509 3.074900 -2.245253 -0.098204 0.048384 -0.436694 
6.615394 -1.083114 3.074863 -2.245461 -0.098337 0.049037 -0.436380 
6.614746 -1.083399 3.074786 -2.245142 -0.098598 0.049553 -0.436281 
6.614569 -1.083424 3.075407 -2.245505 -0.098870 0.050092 -0.436479 
6.614902 -1.083592 3.075534 -2.245172 -0.099539 0.050487 -0.436188 
6.615040 -1.083854 3.075706 -2.244825 -0.099191 0.051259 -0.436178 
6.615016 -1.084450 3.075681 -2.244968 -0.099221 0.051965 -0.435900 
6.614315 -1.084662 3.075596 -2.244573 -0.099413 0.052431 -0.435861 
6.614152 -1.084699 3.076220 -2.244893 -0.099625 0.053020 -0.436067 
6.614460 -1.084953 3.076333 -2.244534 -0.100156 0.053553 -0.435774 
6.614381 -1.085571 3.076222 -2.244784 -0.100387 0.054110 -0.435419 
6.614523 -1.085977 3.076269 -2.244568 -0.100021 0.054868 -0.435308 
6.613849 -1.086194 3.076167 -2.244136 -0.100191 0.055340 -0.435261 
6.613737 -1.086387 3.076690 -2.244358 -0.100392 0.056071 -0.435349 
6.614124 -1.086587 3.076763 -2.243913 -0.100912 0.056519 -0.435051 
6.614095 -1.087221 3.076605 -2.244093 -0.101091 0.057083 -0.434672 
6.614468 -1.087397 3.077123 -2.244593 -0.101232 0.057578 -0.434684 
6.614695 -1.087725 3.077118 -2.244304 -0.100696 0.058224 -0.434613 
6.614289 -1.088060 3.077306 -2.244201 -0.100986 0.058960 -0.434544 
6.614049 -1.088688 3.077030 -2.244669 -0.100944 0.059294 -0.434238 
6.614301 -1.089153 3.076908 -2.244506 -0.101417 0.059759 -0.433800 
6.614632 -1.089465 3.077311 -2.244925 -0.101662 0.060339 -0.433691 
6.614808 -1.089936 3.077257 -2.244679 -0.101398 0.061064 -0.433482 
6.614444 -1.090327 3.077350 -2.244578 -0.101805 0.061738 -0.433313 
6.614334 -1.090428 3.077901 -2.245036 -0.101634 0.062311 -0.433561 
6.614087 -1.091012 3.077502 -2.245557 -0.101598 0.062417 -0.433231 
6.614530 -1.091397 3.077583 -2.245710 -0.102138 0.062801 -0.432859 
6.614673 -1.091935 3.077448 -2.245476 -0.102094 0.063486 -0.432541 
6.614266 -1.092296 3.077441 -2.245338 -0.102657 0.064007 -0.432317 
6.614276 -1.092711 3.077763 -2.245678 -0.102704 0.064753 -0.432253 
6.614142 -1.093156 3.077591 -2.245342 -0.102335 0.065414 -0.432105 
6.614745 -1.093246 3.077827 -2.244933 -0.102661 0.065883 -0.431924 
6.615062 -1.093825 3.077457 -2.245230 -0.102828 0.066016 -0.431426 
6.614770 -1.094233 3.077459 -2.245134 -0.103389 0.066572 -0.431163 
6.614924 -1.094624 3.077806 -2.245551 -0.103373 0.067264 -0.431108 
6.614919 -1.095100 3.077653 -2.245273 -0.103002 0.067940 -0.430929 
6.614536 -1.095353 3.077907 -2.245097 -0.103353 0.068664 -0.430902 
6.614048 -1.095894 3.077581 -2.245546 -0.103462 0.068840 -0.430634 
6.614366 -1.096363 3.077532 -2.245474 -0.103916 0.069339 -0.430223 
6.614548 -1.096674 3.077942 -2.245988 -0.103798 0.069954 -0.430252 
6.614530 -1.097121 3.077791 -2.245711 -0.103344 0.070608 -0.430112 
6.614101 -1.097308 3.078110 -2.245587 -0.103735 0.071289 -0.430141 
6.613589 -1.097821 3.077814 -2.246082 -0.103864 0.071438 -0.429901 
6.613844 -1.098283 3.077850 -2.246085 -0.104349 0.071989 -0.429534 
6.613618 -1.098595 3.077420 -2.245421 -0.104238 0.072316 -0.429291 
6.613646 -1.099063 3.077565 -2.245512 -0.103971 0.073108 -0.429211 
6.613113 -1.099116 3.077901 -2.245328 -0.104418 0.073664 -0.429312 
6.612567 -1.099600 3.077579 -2.245811 -0.104566 0.073751 -0.429079 
6.612016 -1.100080 3.077256 -2.246297 -0.104709 0.073832 -0.428850 
6.611907 -1.100030 3.077502 -2.246264 -0.104580 0.073743 -0.428479 
6.611293 -1.099902 3.077912 -2.246031 -0.104883 0.074182 -0.428712 
6.611286 -1.099551 3.077720 -2.246150 -0.104864 0.074396 -0.428579 
6.611163 -1.099674 3.077834 -2.246316 -0.104043 0.074777 -0.428830 
6.611400 -1.099489 3.077977 -2.246523 -0.104967 0.074381 -0.428660 
6.611664 -1.099802 3.077761 -2.245979 -0.105441 0.074835 -0.428142 
6.611463 -1.099484 3.077610 -2.245869 -0.106175 0.074386 -0.427951 
6.611688 -1.099941 3.077826 -2.245987 -0.105265 0.075256 -0.428065 
6.611681 -1.100058 3.077881 -2.245977 -0.105178 0.075700 -0.427934 
6.611675 -1.100159 3.077923 -2.245942 -0.105209 0.076136 -0.427750 
6.611695 -1.100216 3.077933 -2.245867 -0.105466 0.076455 -0.427502 
6.611873 -1.100156 3.078077 -2.245670 -0.105495 0.076818 -0.427398 
6.611926 -1.100295 3.077866 -2.245709 -0.105663 0.077142 -0.427592 
6.612028 -1.100498 3.077729 -2.245793 -0.105699 0.077467 -0.427360 
6.611991 -1.100855 3.077798 -2.245754 -0.105812 0.077754 -0.427268 
6.611902 -1.101121 3.077736 -2.245671 -0.105893 0.078102 -0.427123 
6.611931 -1.101400 3.077786 -2.245619 -0.105971 0.078446 -0.426948 
6.611893 -1.101654 3.077755 -2.245543 -0.106044 0.078807 -0.426776 
6.611959 -1.101926 3.077836 -2.245501 -0.106118 0.079143 -0.426594 
6.611939 -1.102179 3.077818 -2.245428 -0.106189 0.079506 -0.426415 
6.612030 -1.102438 3.077914 -2.245391 -0.106257 0.079839 -0.426224 
6.612014 -1.102686 3.077896 -2.245318 -0.106327 0.080203 -0.426041 
6.612106 -1.102934 3.077982 -2.245277 -0.106390 0.080544 -0.425841 
6.612080 -1.103177 3.077952 -2.245200 -0.106458 0.080910 -0.425659 
6.612154 -1.103418 3.078013 -2.245151 -0.106519 0.081261 -0.425455 
6.612096 -1.103651 3.077948 -2.245065 -0.106587 0.081627 -0.425280 
6.612153 -1.103887 3.077988 -2.245009 -0.106647 0.081986 -0.425075 
6.612050 -1.104100 3.077874 -2.244912 -0.106711 0.082346 -0.424912 
6.612100 -1.104331 3.077904 -2.244852 -0.106770 0.082708 -0.424706 
6.611959 -1.104510 3.077741 -2.244744 -0.106825 0.083058 -0.424553 
6.611862 -1.104730 3.077806 -2.244938 -0.107003 0.083383 -0.424518 
6.611921 -1.105080 3.077741 -2.244917 -0.107249 0.083590 -0.424451 
6.611937 -1.105442 3.077724 -2.244965 -0.107125 0.083882 -0.424515 
6.611789 -1.105784 3.077773 -2.245054 -0.107136 0.083964 -0.424228 
6.611688 -1.106044 3.077931 -2.244934 -0.107275 0.084283 -0.424213 
6.611703 -1.106302 3.077923 -2.244978 -0.107398 0.084661 -0.424104 
6.611653 -1.106591 3.077890 -2.245021 -0.107539 0.085015 -0.424040 
6.611787 -1.106876 3.078043 -2.245115 -0.107663 0.085305 -0.423956 
6.611867 -1.107121 3.077981 -2.244939 -0.107680 0.085623 -0.423765 
6.611813 -1.107256 3.078030 -2.244939 -0.107632 0.086051 -0.423595 
6.611778 -1.107370 3.078059 -2.244905 -0.107762 0.086436 -0.423356 
6.611736 -1.107592 3.078097 -2.244860 -0.107758 0.086841 -0.423216 
6.611710 -1.107764 3.078117 -2.244793 -0.107924 0.087200 -0.422999 
6.611674 -1.107997 3.078149 -2.244733 -0.107964 0.087593 -0.422850 
6.611658 -1.108172 3.078158 -2.244647 -0.108191 0.087910 -0.422630 
6.611669 -1.108339 3.078288 -2.244738 -0.108297 0.088294 -0.422469 
6.611638 -1.108578 3.078323 -2.244677 -0.108354 0.088681 -0.422319 
6.611628 -1.108790 3.078350 -2.244605 -0.108558 0.089010 -0.422126 
6.611636 -1.108992 3.078477 -2.244682 -0.108633 0.089399 -0.421990 
6.611594 -1.109243 3.078500 -2.244608 -0.108638 0.089788 -0.421863 
6.611580 -1.109482 3.078545 -2.244555 -0.108774 0.090150 -0.421698 
6.611587 -1.109702 3.078670 -2.244625 -0.108830 0.090540 -0.421577 
6.611589 -1.109924 3.078723 -2.244585 -0.109033 0.090873 -0.421397 
6.611547 -1.110188 3.078733 -2.244488 -0.109055 0.091248 -0.421272 
6.611544 -1.110432 3.078837 -2.244523 -0.109097 0.091639 -0.421159 
6.611533 -1.110680 3.078878 -2.244461 -0.109247 0.091989 -0.420998 
6.611572 -1.110883 3.079042 -2.244587 -0.109378 0.092338 -0.420878 
6.611569 -1.111116 3.078957 -2.244655 -0.109393 0.092641 -0.420595 
6.611664 -1.111218 3.078876 -2.244626 -0.109478 0.093086 -0.420515 
6.611771 -1.111131 3.078569 -2.244735 -0.109590 0.093277 -0.420768 
6.611965 -1.111257 3.078564 -2.244707 -0.109562 0.093215 -0.420795 
6.612013 -1.110820 3.078633 -2.244580 -0.109512 0.093439 -0.420618 
6.611992 -1.110834 3.078664 -2.244635 -0.109299 0.093503 -0.420692 
6.611903 -1.110937 3.078632 -2.244169 -0.109521 0.093582 -0.420770 
6.611934 -1.110919 3.078815 -2.244214 -0.109608 0.093621 -0.420886 
6.611950 -1.111152 3.078847 -2.244314 -0.109684 0.093964 -0.420664 
6.611934 -1.111164 3.078868 -2.244283 -0.110088 0.094212 -0.420556 
6.612261 -1.111394 3.078876 -2.244211 -0.110345 0.094292 -0.420522 
6.612123 -1.111461 3.079170 -2.244096 -0.110496 0.094281 -0.420219 
6.612240 -1.111309 3.079206 -2.244027 -0.110427 0.094370 -0.420156 
6.612242 -1.111189 3.079236 -2.244041 -0.110581 0.094816 -0.420124 
6.612477 -1.111267 3.079367 -2.244004 -0.110621 0.095210 -0.420076 
6.612499 -1.111309 3.079141 -2.243745 -0.110660 0.095496 -0.419890 
6.612687 -1.111212 3.079077 -2.243909 -0.110809 0.095764 -0.419628 
6.612823 -1.111080 3.079159 -2.243706 -0.111035 0.096080 -0.419684 
6.612727 -1.111052 3.079243 -2.243723 -0.110827 0.096490 -0.419584 
6.612570 -1.111383 3.079296 -2.243783 -0.111103 0.096629 -0.419530 
6.612638 -1.111555 3.079035 -2.243934 -0.111173 0.096842 -0.419782 
6.612753 -1.111917 3.079071 -2.243895 -0.111351 0.097047 -0.419649 
6.612580 -1.112078 3.078978 -2.243915 -0.111674 0.097282 -0.419529 
6.612660 -1.112171 3.079296 -2.244192 -0.111820 0.097387 -0.419644 
6.612652 -1.112143 3.079364 -2.244020 -0.111874 0.097438 -0.419782 
6.612461 -1.112589 3.079308 -2.244172 -0.111675 0.097374 -0.419696 
6.612569 -1.112769 3.079210 -2.244157 -0.111945 0.097045 -0.419758 
6.612532 -1.112607 3.079160 -2.244238 -0.111651 0.097455 -0.419840 
6.612553 -1.112658 3.079197 -2.244214 -0.111425 0.097858 -0.419699 
6.612229 -1.112542 3.079203 -2.244335 -0.111242 0.098124 -0.419733 
6.612293 -1.112495 3.079283 -2.244343 -0.111056 0.098039 -0.419803 
6.612300 -1.112753 3.079120 -2.244281 -0.111283 0.098496 -0.419536 
6.612364 -1.112887 3.078787 -2.244412 -0.111360 0.098678 -0.419758 
6.612129 -1.113297 3.078745 -2.244376 -0.111423 0.098746 -0.419694 
6.612151 -1.113403 3.078727 -2.244777 -0.111490 0.098773 -0.419448 
6.612119 -1.113371 3.078554 -2.244729 -0.111402 0.098701 -0.419335 
6.612068 -1.113576 3.078700 -2.244753 -0.111751 0.099125 -0.419357 
6.612076 -1.113880 3.078717 -2.244763 -0.111803 0.099499 -0.419305 
6.612094 -1.114186 3.078735 -2.244771 -0.111850 0.099871 -0.419249 
6.612108 -1.114491 3.078752 -2.244778 -0.111902 0.100245 -0.419194 
6.612113 -1.114789 3.078766 -2.244785 -0.111969 0.100621 -0.419137 
6.612107 -1.115077 3.078776 -2.244789 -0.112059 0.101000 -0.419076 
6.612017 -1.115238 3.078746 -2.244763 -0.112333 0.101346 -0.418984 
6.612014 -1.115554 3.078834 -2.244866 -0.112322 0.101692 -0.418998 
6.612096 -1.115879 3.078817 -2.244817 -0.112272 0.102032 -0.418923 
6.612140 -1.116208 3.078814 -2.244883 -0.112249 0.102370 -0.418827 
6.612138 -1.116485 3.078865 -2.244781 -0.112294 0.102750 -0.418873 
6.612183 -1.116735 3.078762 -2.244665 -0.112387 0.103089 -0.418711 
6.612178 -1.117026 3.078766 -2.244672 -0.112471 0.103467 -0.418643 
6.612241 -1.117348 3.078726 -2.244766 -0.112436 0.103774 -0.418488 
6.612064 -1.117716 3.078672 -2.244677 -0.112465 0.104019 -0.418462 
6.612209 -1.117841 3.078488 -2.244730 -0.112537 0.104394 -0.418602 
6.612468 -1.118151 3.078581 -2.244700 -0.112788 0.104422 -0.418639 
6.612283 -1.117850 3.078585 -2.244604 -0.112385 0.104434 -0.418663 
6.612214 -1.117841 3.078597 -2.244639 -0.112385 0.104893 -0.418514 
6.612277 -1.117895 3.078294 -2.244495 -0.112313 0.105136 -0.418280 
6.612182 -1.118037 3.078278 -2.244738 -0.112168 0.105492 -0.418325 
6.612012 -1.118130 3.078260 -2.244617 -0.112211 0.105501 -0.418396 
6.611943 -1.117920 3.078247 -2.244440 -0.112433 0.105803 -0.418528 
6.611723 -1.117910 3.078454 -2.244269 -0.112545 0.106003 -0.418274 
6.611669 -1.117908 3.078579 -2.243901 -0.112413 0.106248 -0.418359 
6.611593 -1.117755 3.078404 -2.244288 -0.112426 0.105969 -0.418259 
6.611731 -1.118125 3.078407 -2.244277 -0.112960 0.106127 -0.418221 
6.611955 -1.118142 3.078544 -2.244470 -0.113147 0.106416 -0.418106 
6.611844 -1.118194 3.078877 -2.244569 -0.113366 0.106345 -0.418330 
6.612050 -1.117986 3.078555 -2.244371 -0.113250 0.106341 -0.418092 
6.612038 -1.118518 3.078564 -2.244456 -0.113285 0.106417 -0.417840 
6.612220 -1.118740 3.078319 -2.244528 -0.113430 0.106563 -0.418061 
6.612217 -1.118707 3.078247 -2.244711 -0.113468 0.106436 -0.418016 
6.611974 -1.118779 3.078262 -2.244453 -0.113612 0.106904 -0.417923 
6.612003 -1.118972 3.078393 -2.244381 -0.113566 0.107303 -0.417797 
6.612030 -1.119167 3.078523 -2.244307 -0.113520 0.107703 -0.417671 
6.611943 -1.119394 3.078587 -2.244162 -0.113519 0.108078 -0.417554 
6.611943 -1.119503 3.078661 -2.244282 -0.113566 0.108478 -0.417344 
6.612094 -1.119764 3.078720 -2.244240 -0.113530 0.108854 -0.417337 
6.611998 -1.119994 3.078633 -2.244209 -0.113659 0.109234 -0.417258 
6.611930 -1.120282 3.078603 -2.244169 -0.113771 0.109567 -0.417098 
6.611878 -1.120576 3.078562 -2.244115 -0.113874 0.109911 -0.416975 
6.611853 -1.120881 3.078588 -2.244084 -0.113954 0.110219 -0.416769 
6.611843 -1.121183 3.078566 -2.244023 -0.114030 0.110576 -0.416672 
6.611943 -1.121493 3.078674 -2.243996 -0.114023 0.110869 -0.416489 
6.611934 -1.121695 3.078668 -2.243900 -0.114193 0.111232 -0.416321 
6.611883 -1.121939 3.078632 -2.243850 -0.114286 0.111600 -0.416153 
6.611940 -1.122210 3.078602 -2.243726 -0.114412 0.111958 -0.416189 
6.612023 -1.122418 3.078652 -2.243644 -0.114485 0.112342 -0.416025 
6.612035 -1.122734 3.078650 -2.243615 -0.114483 0.112696 -0.415916 
6.611979 -1.122940 3.078592 -2.243544 -0.114606 0.113081 -0.415772 
6.612049 -1.123093 3.078663 -2.243488 -0.114661 0.113449 -0.415521 
6.611963 -1.123362 3.078797 -2.243488 -0.114846 0.113772 -0.415473 
6.611889 -1.123669 3.078828 -2.243484 -0.114926 0.114121 -0.415377 
6.611878 -1.123928 3.078849 -2.243457 -0.114969 0.114492 -0.415202 
6.611898 -1.124172 3.078886 -2.243393 -0.115064 0.114895 -0.415163 
6.611940 -1.124392 3.078906 -2.243336 -0.115104 0.115289 -0.414996 
6.611836 -1.124735 3.078876 -2.243346 -0.115139 0.115613 -0.414941 
6.611822 -1.124975 3.078843 -2.243342 -0.115093 0.115928 -0.414662 
6.611915 -1.125241 3.078804 -2.243445 -0.115373 0.116183 -0.414599 
6.611900 -1.125544 3.078848 -2.243348 -0.115598 0.116464 -0.414526 
6.611819 -1.125604 3.078878 -2.243557 -0.115720 0.116875 -0.414523 
6.612006 -1.125887 3.079127 -2.243733 -0.115645 0.117027 -0.414566 
6.612156 -1.126112 3.078941 -2.243780 -0.115674 0.117377 -0.414636 
6.612102 -1.126441 3.078870 -2.243992 -0.115802 0.117611 -0.414557 
6.612319 -1.126516 3.078919 -2.244052 -0.115983 0.117958 -0.414393 
6.612421 -1.126658 3.078979 -2.244130 -0.116277 0.118227 -0.414590 
6.612371 -1.126809 3.079029 -2.244063 -0.116109 0.118612 -0.414418 
6.612349 -1.126947 3.079057 -2.244050 -0.115934 0.119006 -0.414239 
6.612362 -1.127136 3.079124 -2.244040 -0.115940 0.119448 -0.414194 
6.612552 -1.127181 3.079104 -2.244202 -0.115934 0.119801 -0.413972 
6.612328 -1.127552 3.079016 -2.244331 -0.115919 0.119917 -0.413864 
6.612354 -1.127635 3.078773 -2.244435 -0.115682 0.120092 -0.414136 
6.612455 -1.127678 3.079136 -2.244347 -0.115835 0.119845 -0.413887 
6.612419 -1.127763 3.078833 -2.243996 -0.115991 0.119970 -0.413684 
6.612230 -1.127970 3.078984 -2.243864 -0.116026 0.120211 -0.413439 
6.612238 -1.128219 3.079024 -2.243887 -0.116417 0.120357 -0.413452 
6.612165 -1.128504 3.078992 -2.243924 -0.116642 0.120454 -0.413152 
6.611869 -1.128708 3.079057 -2.243697 -0.116752 0.120326 -0.413310 
6.612200 -1.128394 3.079110 -2.243854 -0.116742 0.120358 -0.413062 
6.612329 -1.128569 3.078989 -2.243873 -0.116660 0.120905 -0.413187 
6.612618 -1.128659 3.078651 -2.243730 -0.116762 0.120916 -0.413222 
6.612204 -1.128429 3.078870 -2.243873 -0.116740 0.120967 -0.413177 
6.612420 -1.128671 3.079060 -2.244187 -0.116729 0.121228 -0.413273 
6.612434 -1.128754 3.079061 -2.244209 -0.116472 0.121592 -0.413095 
6.612311 -1.128988 3.079163 -2.244076 -0.116471 0.121935 -0.413247 
6.612421 -1.128827 3.079233 -2.244054 -0.116230 0.122169 -0.413535 
6.612403 -1.128899 3.079281 -2.243988 -0.116579 0.121994 -0.413169 
6.612316 -1.129193 3.079345 -2.244047 -0.116720 0.122217 -0.412909 
6.612279 -1.129437 3.079461 -2.244093 -0.116777 0.122580 -0.412745 
6.612373 -1.129482 3.079682 -2.244038 -0.116846 0.122979 -0.412640 
6.612222 -1.129775 3.079722 -2.244010 -0.116789 0.123313 -0.412754 
6.612227 -1.129869 3.079659 -2.244132 -0.116499 0.123602 -0.412547 
6.612114 -1.129764 3.079910 -2.244039 -0.116707 0.123247 -0.412729 
6.612423 -1.130132 3.079806 -2.243783 -0.116835 0.123232 -0.412694 
6.612208 -1.130243 3.079760 -2.243546 -0.117131 0.123359 -0.412560 
6.612280 -1.130487 3.079847 -2.243732 -0.117457 0.123472 -0.412667 
6.612313 -1.130133 3.079881 -2.243469 -0.117156 0.123483 -0.412569 
6.612283 -1.130254 3.079819 -2.243121 -0.117148 0.123588 -0.412864 
6.612473 -1.130260 3.079748 -2.242801 -0.117384 0.123503 -0.412686 
6.612355 -1.130298 3.079674 -2.243150 -0.117090 0.123740 -0.412801 
6.612249 -1.130530 3.079827 -2.243063 -0.116911 0.124013 -0.412613 
6.612041 -1.130492 3.079739 -2.243037 -0.116891 0.124438 -0.412548 
6.612232 -1.130680 3.079769 -2.243041 -0.116591 0.124713 -0.412559 
6.612001 -1.130374 3.079690 -2.242947 -0.116727 0.124377 -0.412494 
6.611832 -1.130851 3.079539 -2.243129 -0.117000 0.124373 -0.412510 
6.611951 -1.130987 3.079522 -2.242943 -0.117326 0.124450 -0.412268 
6.611935 -1.130976 3.079608 -2.243311 -0.117405 0.124471 -0.411970 
6.611826 -1.131039 3.079803 -2.243249 -0.117378 0.124454 -0.411944 
6.611709 -1.131205 3.079864 -2.243342 -0.117757 0.124569 -0.412112 
6.611789 -1.131067 3.079776 -2.243240 -0.117303 0.124679 -0.411922 
6.612065 -1.131429 3.079843 -2.243290 -0.117164 0.124750 -0.411914 
6.611947 -1.131691 3.079697 -2.243175 -0.117066 0.124922 -0.411627 
6.612119 -1.131701 3.079833 -2.243046 -0.117029 0.125277 -0.411413 
