-0.591429 3.397135 -1.540548 0.054063 -0.343055 -0.075708 
0.408571 3.397135 -1.540548 0.054063 -0.343055 -0.075708 
-0.591429 4.397135 -1.540548 0.054063 -0.343055 -0.075708 
-0.591429 3.397135 -0.540548 0.054063 -0.343055 -0.075708 
-0.591429 3.397135 -1.540548 1.054063 -0.343055 -0.075708 
-0.591429 3.397135 -1.540548 0.054063 0.656945 -0.075708 
-0.591429 3.397135 -1.540548 0.054063 -0.343055 0.924292 
-1.174069 3.383247 -1.541402 -0.723832 -0.576216 -0.104908 
-0.882749 3.390191 -1.540975 -0.334885 -0.459635 -0.090308 
-0.376789 3.394945 -1.540683 -0.068621 -0.379828 -0.080313 
-0.591429 3.272155 -1.540548 0.056294 -0.343055 -0.075708 
-0.553404 3.266000 -1.541224 0.218842 -0.527608 -0.098820 
-0.591429 3.272155 -1.665547 0.056294 -0.342597 -0.075708 
-0.534849 3.260340 -1.665304 0.149330 -0.120514 -0.110098 
-0.607017 3.271783 -1.665570 0.035482 -0.348835 -0.197814 
-0.746384 3.260531 -1.666315 -0.140050 -0.458511 -0.187349 
-0.597696 3.270099 -1.666078 0.096721 -0.455371 -0.218667 
-0.555357 3.271207 -1.665621 0.003198 -0.362789 -0.198192 
-0.548262 3.248903 -1.666452 -0.001014 -0.333059 -0.317250 
-0.589881 3.266875 -1.665867 -0.041290 -0.389015 -0.203533 
-0.609067 3.316989 -1.666075 -0.067510 -0.402865 -0.215674 
-0.609035 3.316990 -1.697323 -0.067467 -0.402738 -0.215424 
-0.639464 3.287183 -1.697550 -0.107058 -0.425614 -0.214368 
-0.610346 3.317840 -1.697179 -0.082238 -0.376206 -0.208215 
-0.560863 3.333188 -1.697258 -0.081187 -0.427913 -0.193034 
-0.588026 3.311094 -1.697765 -0.076051 -0.396175 -0.272984 
-0.625460 3.328674 -1.697372 -0.043755 -0.402937 -0.218249 
-0.625255 3.348211 -1.697400 -0.022332 -0.413031 -0.212419 
-0.632279 3.356733 -1.697461 -0.031753 -0.418184 -0.215038 
-0.660384 3.350648 -1.697603 -0.029827 -0.429692 -0.218710 
-0.672939 3.354738 -1.697883 -0.026583 -0.432353 -0.246719 
-0.699783 3.363271 -1.697867 -0.028858 -0.419795 -0.242220 
-0.718552 3.362347 -1.713862 -0.035420 -0.437800 -0.242813 
-0.718237 3.372146 -1.713473 -0.024816 -0.442940 -0.239811 
-0.729326 3.376045 -1.687701 -0.023911 -0.456088 -0.239100 
-0.733146 3.365032 -1.687693 -0.013607 -0.455343 -0.237874 
-0.746890 3.367956 -1.690939 0.013475 -0.450824 -0.241711 
-0.751750 3.365789 -1.692640 0.023407 -0.450408 -0.212616 
-0.754693 3.366883 -1.699188 0.010250 -0.460986 -0.242331 
-0.742217 3.358694 -1.701272 0.029495 -0.479418 -0.248612 
-0.775113 3.346976 -1.699082 0.015397 -0.453331 -0.251172 
-0.797395 3.363115 -1.692256 0.024602 -0.458161 -0.259229 
-0.796439 3.367181 -1.704190 0.030259 -0.451294 -0.261493 
-0.817507 3.357105 -1.717372 0.016990 -0.453756 -0.270171 
-0.790733 3.366064 -1.703508 0.031194 -0.455566 -0.275304 
-0.797823 3.356088 -1.707126 0.054170 -0.465540 -0.253231 
-0.796946 3.367834 -1.696246 0.030441 -0.438120 -0.264093 
-0.800650 3.372762 -1.702452 0.032238 -0.453088 -0.262909 
-0.788973 3.376878 -1.705740 0.021270 -0.451378 -0.258152 
-0.801110 3.365895 -1.706932 0.025129 -0.450679 -0.263324 
-0.805917 3.363727 -1.711487 0.022821 -0.451640 -0.260827 
-0.800092 3.365612 -1.708282 0.025267 -0.453700 -0.265106 
-0.802048 3.365483 -1.704707 0.022983 -0.444988 -0.267571 
-0.799310 3.370173 -1.705300 0.017766 -0.443954 -0.265866 
-0.802582 3.364455 -1.701789 0.021422 -0.446492 -0.266732 
-0.803334 3.363324 -1.706576 0.025765 -0.440922 -0.272762 
-0.808145 3.362087 -1.709264 0.026505 -0.438001 -0.268283 
-0.803149 3.358546 -1.708837 0.028556 -0.434942 -0.265155 
-0.808558 3.364282 -1.707021 0.028378 -0.436738 -0.267908 
-0.811579 3.362649 -1.714351 0.029365 -0.441737 -0.269235 
-0.809099 3.364849 -1.711929 0.021067 -0.434190 -0.269427 
-0.813929 3.361270 -1.708899 0.017401 -0.433771 -0.270878 
-0.808968 3.365421 -1.711399 0.019443 -0.436286 -0.266670 
-0.809473 3.369883 -1.713958 0.021052 -0.429664 -0.272737 
-0.806376 3.366662 -1.717189 0.021279 -0.424162 -0.272188 
-0.806816 3.370032 -1.711807 0.019714 -0.429622 -0.274064 
-0.809619 3.369346 -1.719226 0.021794 -0.432715 -0.277544 
-0.808996 3.368871 -1.712698 0.024516 -0.429867 -0.273355 
-0.813250 3.374714 -1.714755 0.019520 -0.425623 -0.270708 
-0.811861 3.377960 -1.717250 0.018898 -0.426815 -0.264341 
-0.815935 3.377744 -1.718019 0.015162 -0.425869 -0.258961 
-0.812700 3.377741 -1.720021 0.018031 -0.428926 -0.265613 
-0.810054 3.383822 -1.717128 0.020504 -0.422423 -0.263109 
-0.813233 3.377365 -1.716895 0.022078 -0.427871 -0.263049 
-0.812338 3.379019 -1.716165 0.018522 -0.427857 -0.264584 
-0.808987 3.376396 -1.716383 0.017347 -0.427298 -0.263261 
-0.813047 3.377587 -1.717150 0.017835 -0.426039 -0.263616 
-0.812860 3.378190 -1.717532 0.017808 -0.426048 -0.262977 
-0.812747 3.378901 -1.717628 0.017556 -0.424379 -0.263640 
-0.813421 3.378874 -1.717503 0.018591 -0.422960 -0.263131 
-0.814292 3.378872 -1.718017 0.019297 -0.421458 -0.262938 
-0.813898 3.378564 -1.717253 0.019576 -0.419960 -0.262126 
-0.814540 3.378744 -1.716870 0.019017 -0.419967 -0.261902 
-0.815564 3.379982 -1.715988 0.019634 -0.419820 -0.262133 
-0.815384 3.380542 -1.716363 0.019621 -0.419924 -0.261458 
-0.816805 3.379047 -1.715876 0.020095 -0.420304 -0.261162 
-0.818168 3.378967 -1.716192 0.018983 -0.419523 -0.261097 
-0.819371 3.378841 -1.715762 0.017577 -0.419221 -0.260784 
-0.820421 3.378578 -1.716512 0.017797 -0.417796 -0.260765 
-0.821664 3.378691 -1.717766 0.017636 -0.418145 -0.261499 
-0.820213 3.377747 -1.716528 0.017600 -0.417768 -0.261189 
-0.819889 3.378328 -1.717699 0.017119 -0.417582 -0.259518 
-0.819499 3.378792 -1.717812 0.016685 -0.417195 -0.260002 
-0.820683 3.378151 -1.717430 0.017303 -0.415956 -0.258884 
-0.821631 3.378003 -1.716924 0.017043 -0.414538 -0.258134 
-0.822281 3.377847 -1.716790 0.017503 -0.412882 -0.257507 
-0.823293 3.377400 -1.716396 0.017325 -0.411996 -0.256235 
-0.823931 3.377484 -1.716100 0.016621 -0.410487 -0.255499 
-0.824547 3.377460 -1.715947 0.016090 -0.408981 -0.254571 
-0.825292 3.377208 -1.715808 0.015805 -0.407691 -0.253375 
-0.825537 3.377505 -1.715820 0.015077 -0.405992 -0.252873 
-0.825845 3.377373 -1.716038 0.015913 -0.404345 -0.252381 
-0.826252 3.378570 -1.714879 0.015719 -0.404085 -0.251505 
-0.827950 3.379015 -1.715532 0.015214 -0.403961 -0.251701 
-0.829341 3.378611 -1.715140 0.014161 -0.403292 -0.251766 
-0.830430 3.378816 -1.715815 0.013036 -0.402845 -0.250949 
-0.831161 3.379666 -1.715722 0.012448 -0.401944 -0.252128 
-0.832982 3.379381 -1.715296 0.012880 -0.402151 -0.252060 
-0.833119 3.379596 -1.713801 0.012143 -0.401538 -0.251288 
-0.833304 3.378580 -1.714043 0.012421 -0.399929 -0.251148 
-0.833699 3.377189 -1.714145 0.011868 -0.398752 -0.251308 
-0.834067 3.377344 -1.714478 0.012601 -0.397151 -0.250642 
-0.833963 3.377039 -1.713827 0.013869 -0.395901 -0.250984 
-0.834454 3.376618 -1.713685 0.014256 -0.396307 -0.250536 
-0.832824 3.376551 -1.714344 0.013911 -0.395349 -0.249678 
-0.833912 3.376835 -1.714597 0.014263 -0.396056 -0.251356 
-0.835261 3.377659 -1.714014 0.013484 -0.394724 -0.250562 
-0.836217 3.376913 -1.713725 0.012464 -0.393637 -0.250757 
-0.837444 3.377059 -1.713345 0.011723 -0.392380 -0.250638 
-0.838617 3.376717 -1.714361 0.011525 -0.391349 -0.251069 
-0.838378 3.376238 -1.714801 0.011039 -0.390159 -0.249772 
-0.839016 3.376427 -1.715418 0.009448 -0.390555 -0.249220 
-0.838926 3.375845 -1.714667 0.011410 -0.390514 -0.249306 
-0.839301 3.375149 -1.714162 0.011677 -0.388823 -0.249261 
-0.840109 3.374564 -1.714056 0.010910 -0.387392 -0.248844 
-0.840966 3.374250 -1.714009 0.010366 -0.385840 -0.248318 
-0.841817 3.373917 -1.713964 0.009815 -0.384290 -0.247798 
-0.842634 3.373435 -1.713916 0.009188 -0.382775 -0.247328 
-0.843462 3.374216 -1.713953 0.009401 -0.381381 -0.246599 
-0.843586 3.374507 -1.712489 0.008713 -0.380729 -0.245778 
-0.845064 3.374832 -1.711975 0.008444 -0.380316 -0.246786 
-0.846403 3.374620 -1.712263 0.008131 -0.380938 -0.245599 
-0.844922 3.375313 -1.712351 0.007699 -0.380362 -0.246852 
-0.845609 3.374486 -1.711682 0.008761 -0.378537 -0.246570 
-0.846214 3.374621 -1.711191 0.009391 -0.376888 -0.246297 
-0.846491 3.373171 -1.710763 0.008830 -0.375843 -0.246510 
-0.846984 3.372558 -1.712201 0.009437 -0.375210 -0.247108 
-0.846594 3.372101 -1.712140 0.010036 -0.375352 -0.246651 
-0.846547 3.372905 -1.712816 0.008231 -0.374070 -0.246497 
-0.846966 3.373206 -1.712483 0.007169 -0.372749 -0.247247 
-0.846704 3.372963 -1.712197 0.006431 -0.370999 -0.247218 
-0.846846 3.373842 -1.713252 0.006492 -0.369764 -0.247834 
-0.848275 3.373811 -1.713390 0.005575 -0.369105 -0.247144 
-0.849293 3.373587 -1.713708 0.004112 -0.368441 -0.246925 
-0.849729 3.374933 -1.712807 0.003924 -0.367931 -0.246085 
-0.851067 3.374455 -1.712194 0.004709 -0.367071 -0.246337 
-0.851586 3.373981 -1.712653 0.005345 -0.366164 -0.244965 
-0.853260 3.374382 -1.713201 0.005870 -0.366587 -0.244659 
-0.853739 3.373408 -1.712065 0.005651 -0.367308 -0.243776 
-0.853580 3.374219 -1.713402 0.005038 -0.366289 -0.244716 
-0.854589 3.374040 -1.713241 0.005174 -0.364647 -0.244563 
-0.855462 3.374416 -1.713086 0.005033 -0.363098 -0.243879 
-0.856463 3.374201 -1.713175 0.005090 -0.361478 -0.243517 
-0.856872 3.372795 -1.713413 0.005694 -0.361129 -0.244578 
-0.855688 3.373886 -1.712984 0.004950 -0.361056 -0.243381 
-0.856453 3.373811 -1.714536 0.005329 -0.361533 -0.242195 
-0.856743 3.373303 -1.714011 0.005079 -0.361837 -0.241770 
-0.856944 3.373162 -1.714689 0.003315 -0.361728 -0.242180 
-0.857397 3.374194 -1.713529 0.004776 -0.360638 -0.240859 
-0.856954 3.375512 -1.713098 0.004218 -0.361281 -0.239872 
-0.858545 3.374072 -1.713165 0.004800 -0.359222 -0.240271 
-0.859657 3.374126 -1.712735 0.004749 -0.357863 -0.239537 
-0.860665 3.374469 -1.712225 0.004583 -0.356618 -0.238618 
-0.861849 3.373938 -1.712001 0.004764 -0.355216 -0.238333 
-0.862292 3.374677 -1.712771 0.005075 -0.353766 -0.237805 
-0.863310 3.374375 -1.711783 0.005180 -0.353158 -0.236651 
-0.863144 3.375688 -1.711969 0.005382 -0.352912 -0.235263 
-0.864044 3.374714 -1.711944 0.005363 -0.353606 -0.236853 
-0.863683 3.375015 -1.710533 0.004944 -0.352211 -0.237518 
-0.864475 3.374821 -1.710660 0.003240 -0.351741 -0.237427 
-0.865397 3.374523 -1.710686 0.001673 -0.351096 -0.237376 
-0.866077 3.374877 -1.709598 0.001112 -0.349997 -0.238100 
-0.867094 3.374265 -1.709833 -0.000264 -0.349361 -0.237868 
-0.866241 3.374847 -1.710016 0.001601 -0.349310 -0.238301 
-0.866679 3.375241 -1.709023 0.002054 -0.348072 -0.239163 
-0.866128 3.376168 -1.709850 0.001355 -0.347732 -0.240330 
-0.865944 3.374913 -1.708863 0.001873 -0.347622 -0.238951 
-0.866032 3.376270 -1.708912 0.001838 -0.347027 -0.237683 
-0.866209 3.376385 -1.709297 0.002845 -0.345423 -0.237503 
-0.865684 3.376776 -1.708170 0.001954 -0.347134 -0.237731 
-0.866277 3.376227 -1.708697 0.001555 -0.346814 -0.237753 
-0.866618 3.376101 -1.708709 0.000743 -0.346566 -0.237436 
-0.867086 3.375980 -1.708703 0.000527 -0.345748 -0.237378 
-0.868015 3.375973 -1.708605 0.000415 -0.345537 -0.237221 
-0.868294 3.376426 -1.708958 -0.000027 -0.345198 -0.237705 
-0.868648 3.375889 -1.708781 -0.000421 -0.344607 -0.237772 
-0.868776 3.376229 -1.708302 -0.000674 -0.343995 -0.237380 
-0.869040 3.376195 -1.708626 -0.000834 -0.343350 -0.236800 
-0.869408 3.376214 -1.708639 -0.000660 -0.342495 -0.236561 
-0.869779 3.376231 -1.708652 -0.000505 -0.341642 -0.236310 
-0.870143 3.376227 -1.708775 -0.000582 -0.340866 -0.235865 
-0.870504 3.376270 -1.708618 -0.000252 -0.340037 -0.235850 
-0.870721 3.376524 -1.708229 -0.000639 -0.339456 -0.235399 
-0.871013 3.376113 -1.708154 -0.001055 -0.338759 -0.235211 
-0.871393 3.376128 -1.708272 -0.001462 -0.337992 -0.235009 
-0.871688 3.375957 -1.708460 -0.001559 -0.337403 -0.234340 
-0.872394 3.375867 -1.708370 -0.001897 -0.336876 -0.234126 
-0.872856 3.375785 -1.708324 -0.002272 -0.336144 -0.233891 
-0.873344 3.375505 -1.708131 -0.002442 -0.335568 -0.233400 
-0.873419 3.375400 -1.708260 -0.002687 -0.334756 -0.232953 
-0.873770 3.375253 -1.708352 -0.003366 -0.334387 -0.232503 
-0.874276 3.374930 -1.708631 -0.003213 -0.333686 -0.232529 
-0.874807 3.375100 -1.708661 -0.003062 -0.332930 -0.232310 
-0.875204 3.374960 -1.708548 -0.003027 -0.332059 -0.232252 
-0.875652 3.374810 -1.708696 -0.002814 -0.331335 -0.231880 
-0.876150 3.375035 -1.708571 -0.003096 -0.330613 -0.231681 
-0.876633 3.374926 -1.708549 -0.003412 -0.329843 -0.231560 
-0.877145 3.374880 -1.708560 -0.003683 -0.329087 -0.231350 
-0.877628 3.374716 -1.708580 -0.003909 -0.328301 -0.231193 
-0.878147 3.374693 -1.708605 -0.004113 -0.327541 -0.230939 
-0.878646 3.374583 -1.708637 -0.004287 -0.326757 -0.230724 
-0.879177 3.374639 -1.708666 -0.004471 -0.326022 -0.230417 
-0.879681 3.374551 -1.708700 -0.004635 -0.325242 -0.230184 
-0.880184 3.374949 -1.708754 -0.004645 -0.324724 -0.229664 
-0.880435 3.375224 -1.709139 -0.004845 -0.323963 -0.229881 
-0.881318 3.375235 -1.709019 -0.004916 -0.323609 -0.230051 
-0.881774 3.375246 -1.708839 -0.005210 -0.322834 -0.229889 
-0.882307 3.375137 -1.708862 -0.005354 -0.322064 -0.229679 
-0.882709 3.375120 -1.708727 -0.005633 -0.321258 -0.229466 
-0.883226 3.375007 -1.708755 -0.005778 -0.320481 -0.229245 
-0.883518 3.375001 -1.708603 -0.006090 -0.319654 -0.228991 
-0.884076 3.374911 -1.708698 -0.006491 -0.319020 -0.228742 
-0.884580 3.374868 -1.708629 -0.006566 -0.318207 -0.228578 
-0.885074 3.374855 -1.708531 -0.006680 -0.317394 -0.228418 
-0.885553 3.374904 -1.708399 -0.006972 -0.316626 -0.228249 
-0.886169 3.374778 -1.708487 -0.007059 -0.315911 -0.228069 
-0.886766 3.374757 -1.708525 -0.007458 -0.315280 -0.227872 
-0.887229 3.374781 -1.708351 -0.007399 -0.314446 -0.227781 
-0.887683 3.374911 -1.708116 -0.007635 -0.313666 -0.227674 
-0.888346 3.374832 -1.708163 -0.007621 -0.312963 -0.227567 
-0.888949 3.374896 -1.708079 -0.007908 -0.312269 -0.227446 
-0.889201 3.374745 -1.708137 -0.008008 -0.311410 -0.227104 
-0.889565 3.374763 -1.708062 -0.008358 -0.310620 -0.226843 
-0.890133 3.374614 -1.708217 -0.008486 -0.309905 -0.226602 
-0.890648 3.374618 -1.708205 -0.008827 -0.309181 -0.226385 
-0.891092 3.374602 -1.708114 -0.008765 -0.308331 -0.226238 
-0.891538 3.374666 -1.707969 -0.008937 -0.307510 -0.226077 
-0.892154 3.374589 -1.708031 -0.008987 -0.306776 -0.225920 
-0.892663 3.374642 -1.707934 -0.009234 -0.306006 -0.225754 
-0.893345 3.374554 -1.708057 -0.009384 -0.305360 -0.225594 
-0.893839 3.374637 -1.707938 -0.009714 -0.304617 -0.225427 
-0.894339 3.374723 -1.707728 -0.009474 -0.303846 -0.225449 
-0.894544 3.374170 -1.707631 -0.009743 -0.303173 -0.225716 
-0.894977 3.373775 -1.707164 -0.009772 -0.302879 -0.225165 
-0.895370 3.373683 -1.707229 -0.009915 -0.302042 -0.224908 
-0.895856 3.373601 -1.707238 -0.010092 -0.301241 -0.224713 
-0.896355 3.373518 -1.707235 -0.010273 -0.300448 -0.224523 
-0.896885 3.373429 -1.707202 -0.010462 -0.299676 -0.224341 
-0.897437 3.373333 -1.707142 -0.010656 -0.298924 -0.224163 
-0.897878 3.373264 -1.707128 -0.010836 -0.298099 -0.223960 
-0.898383 3.373172 -1.707028 -0.011030 -0.297322 -0.223761 
-0.898928 3.373029 -1.707054 -0.011153 -0.296560 -0.223564 
-0.899319 3.372898 -1.706927 -0.011284 -0.295737 -0.223293 
-0.899951 3.372853 -1.706701 -0.011582 -0.295105 -0.223181 
-0.900583 3.372662 -1.706671 -0.011690 -0.294420 -0.222991 
-0.901003 3.372518 -1.706381 -0.011850 -0.293665 -0.222715 
-0.901427 3.372574 -1.706405 -0.012127 -0.292837 -0.222616 
-0.901915 3.372508 -1.706431 -0.012305 -0.292030 -0.222454 
-0.902393 3.372402 -1.706349 -0.012470 -0.291232 -0.222245 
-0.903129 3.372163 -1.706427 -0.012526 -0.290662 -0.222099 
-0.903471 3.371900 -1.706320 -0.012814 -0.289888 -0.222368 
-0.903834 3.371730 -1.706409 -0.013417 -0.289318 -0.222056 
-0.904362 3.371837 -1.706329 -0.013617 -0.288539 -0.221952 
-0.904885 3.371731 -1.705995 -0.013821 -0.287847 -0.221759 
-0.905299 3.371663 -1.706024 -0.013942 -0.286991 -0.221590 
-0.905641 3.371567 -1.706075 -0.014009 -0.286109 -0.221381 
-0.906012 3.371472 -1.706087 -0.014096 -0.285239 -0.221176 
-0.906437 3.371345 -1.705896 -0.014218 -0.284433 -0.220941 
-0.906907 3.371412 -1.705903 -0.014376 -0.283603 -0.220816 
-0.907436 3.371410 -1.705599 -0.014576 -0.282889 -0.220640 
-0.907862 3.371309 -1.705590 -0.014808 -0.282076 -0.220423 
-0.908284 3.371172 -1.705536 -0.014964 -0.281224 -0.220364 
-0.908643 3.371078 -1.705684 -0.015270 -0.280480 -0.219980 
-0.909061 3.370805 -1.705414 -0.015581 -0.279824 -0.219657 
-0.909765 3.370668 -1.705511 -0.015504 -0.279240 -0.219368 
-0.910175 3.370678 -1.705469 -0.015619 -0.278411 -0.219081 
-0.910554 3.370368 -1.705595 -0.015782 -0.277592 -0.219061 
-0.911145 3.370387 -1.705630 -0.016148 -0.276919 -0.218932 
-0.911661 3.370307 -1.705670 -0.016409 -0.276177 -0.218686 
-0.912078 3.370087 -1.705743 -0.016566 -0.275373 -0.218452 
-0.912594 3.370016 -1.705778 -0.016824 -0.274636 -0.218185 
-0.912992 3.369787 -1.705846 -0.016957 -0.273832 -0.217911 
-0.913497 3.369707 -1.705879 -0.017199 -0.273091 -0.217623 
-0.913911 3.369509 -1.705936 -0.017342 -0.272300 -0.217317 
-0.914429 3.369455 -1.705961 -0.017598 -0.271574 -0.217020 
-0.914870 3.369296 -1.706006 -0.017766 -0.270799 -0.216698 
-0.915413 3.369290 -1.706019 -0.018050 -0.270102 -0.216394 
-0.915919 3.369170 -1.705996 -0.018226 -0.269317 -0.216207 
-0.916391 3.369035 -1.706011 -0.018401 -0.268538 -0.215933 
-0.916905 3.368958 -1.706010 -0.018619 -0.267787 -0.215662 
-0.917310 3.368760 -1.706063 -0.018752 -0.267000 -0.215331 
-0.917788 3.368577 -1.706004 -0.018854 -0.266179 -0.215260 
-0.918383 3.368308 -1.706078 -0.019042 -0.265515 -0.215050 
-0.918850 3.368250 -1.706044 -0.019228 -0.264719 -0.214799 
-0.919379 3.368137 -1.706078 -0.019451 -0.264000 -0.214492 
-0.919636 3.368295 -1.705901 -0.019574 -0.263118 -0.214298 
-0.920045 3.368281 -1.706180 -0.019681 -0.262289 -0.214193 
-0.920327 3.368051 -1.706158 -0.020086 -0.261492 -0.214046 
-0.920789 3.367904 -1.706118 -0.020189 -0.260690 -0.213798 
-0.921392 3.367917 -1.706050 -0.020457 -0.259975 -0.213739 
-0.921895 3.367902 -1.706044 -0.020707 -0.259210 -0.213510 
-0.922383 3.367823 -1.705994 -0.020885 -0.258393 -0.213424 
-0.922851 3.367808 -1.706013 -0.021134 -0.257628 -0.213129 
-0.923313 3.367719 -1.705976 -0.021304 -0.256799 -0.213009 
-0.923724 3.367713 -1.706036 -0.021559 -0.256057 -0.212603 
-0.924162 3.367610 -1.706006 -0.021715 -0.255215 -0.212469 
-0.924634 3.367814 -1.706041 -0.022177 -0.254526 -0.212490 
-0.925342 3.367388 -1.706249 -0.022404 -0.254133 -0.212339 
-0.925791 3.367263 -1.705677 -0.022661 -0.253633 -0.212033 
-0.926454 3.367555 -1.705716 -0.022334 -0.253104 -0.211828 
-0.926959 3.367604 -1.705782 -0.022303 -0.252309 -0.211589 
-0.927540 3.367759 -1.705863 -0.022378 -0.251598 -0.211315 
-0.927777 3.367534 -1.705891 -0.022187 -0.250708 -0.211185 
-0.928487 3.367658 -1.705811 -0.022146 -0.250075 -0.211348 
-0.929118 3.367681 -1.705832 -0.021972 -0.249520 -0.210883 
-0.929369 3.367659 -1.705505 -0.022523 -0.248854 -0.210689 
-0.929369 3.368205 -1.705195 -0.022602 -0.248130 -0.210522 
-0.929770 3.368072 -1.705380 -0.023127 -0.247455 -0.210424 
-0.930222 3.367843 -1.705301 -0.023575 -0.246763 -0.210316 
-0.930608 3.367743 -1.704930 -0.023870 -0.246020 -0.210177 
-0.931110 3.367690 -1.704996 -0.024200 -0.245302 -0.209914 
-0.931579 3.367676 -1.704877 -0.024475 -0.244543 -0.209654 
-0.932108 3.367672 -1.704861 -0.024770 -0.243777 -0.209647 
-0.932552 3.367671 -1.704666 -0.025019 -0.243017 -0.209367 
-0.933047 3.367700 -1.704502 -0.025263 -0.242229 -0.209380 
-0.933420 3.367711 -1.704192 -0.025463 -0.241502 -0.208993 
-0.933921 3.367749 -1.704248 -0.025717 -0.240773 -0.208674 
-0.934418 3.367799 -1.704155 -0.025950 -0.239994 -0.208485 
-0.934825 3.367839 -1.703797 -0.026137 -0.239221 -0.208324 
-0.935199 3.367771 -1.703752 -0.026351 -0.238375 -0.208109 
-0.935554 3.367689 -1.703708 -0.026561 -0.237524 -0.207888 
-0.935925 3.367621 -1.703646 -0.026772 -0.236677 -0.207673 
-0.936303 3.367568 -1.703544 -0.026982 -0.235834 -0.207465 
-0.936659 3.367589 -1.703113 -0.027149 -0.235069 -0.207303 
-0.937122 3.367597 -1.703108 -0.027390 -0.234297 -0.207010 
-0.937450 3.367478 -1.703136 -0.027593 -0.233420 -0.206863 
-0.937897 3.367481 -1.703054 -0.027820 -0.232616 -0.206643 
-0.938277 3.367454 -1.702839 -0.028011 -0.231770 -0.206536 
-0.938783 3.367508 -1.702819 -0.028260 -0.231035 -0.206232 
-0.939269 3.367570 -1.702645 -0.028487 -0.230274 -0.206006 
-0.939694 3.367529 -1.702690 -0.028714 -0.229443 -0.205839 
-0.940136 3.367530 -1.702586 -0.028933 -0.228621 -0.205683 
-0.940664 3.367749 -1.702139 -0.029137 -0.228093 -0.205358 
-0.941027 3.367677 -1.702055 -0.029481 -0.227331 -0.205023 
-0.941447 3.367663 -1.701922 -0.029705 -0.226501 -0.204882 
-0.941934 3.367773 -1.701665 -0.029767 -0.225707 -0.204940 
-0.942389 3.367810 -1.701474 -0.029943 -0.224888 -0.204849 
-0.942843 3.367847 -1.701284 -0.030118 -0.224069 -0.204761 
-0.943298 3.367885 -1.701088 -0.030303 -0.223256 -0.204652 
-0.943759 3.367931 -1.700876 -0.030509 -0.222463 -0.204499 
-0.944266 3.367988 -1.700848 -0.030649 -0.221648 -0.204410 
-0.944762 3.368036 -1.700845 -0.030767 -0.220817 -0.204369 
-0.945368 3.368183 -1.700980 -0.030922 -0.220152 -0.204088 
-0.945933 3.368288 -1.701027 -0.031071 -0.219401 -0.203901 
-0.946512 3.368417 -1.701024 -0.031239 -0.218682 -0.203662 
-0.947053 3.368494 -1.701110 -0.031368 -0.217897 -0.203539 
-0.947619 3.368609 -1.701098 -0.031520 -0.217147 -0.203352 
-0.948149 3.368699 -1.701050 -0.031628 -0.216343 -0.203294 
-0.948735 3.368847 -1.701007 -0.031817 -0.215662 -0.202999 
-0.949289 3.368971 -1.700893 -0.031953 -0.214899 -0.202864 
-0.949757 3.368978 -1.700991 -0.032104 -0.214106 -0.202595 
-0.950253 3.369029 -1.700964 -0.032228 -0.213289 -0.202450 
-0.950809 3.369171 -1.700863 -0.032447 -0.212665 -0.202029 
-0.951342 3.369275 -1.700746 -0.032587 -0.211893 -0.201859 
-0.951727 3.369209 -1.700878 -0.032739 -0.211088 -0.201524 
-0.952223 3.369267 -1.700808 -0.032859 -0.210270 -0.201391 
-0.952724 3.369396 -1.700600 -0.033088 -0.209684 -0.200895 
-0.953261 3.369518 -1.700420 -0.033216 -0.208918 -0.200775 
-0.953633 3.369453 -1.700452 -0.033359 -0.208088 -0.200457 
-0.954138 3.369544 -1.700318 -0.033438 -0.207272 -0.200484 
-0.954234 3.369250 -1.700633 -0.033498 -0.206438 -0.200241 
-0.954138 3.369863 -1.700796 -0.034077 -0.205985 -0.200195 
-0.954831 3.369597 -1.700846 -0.034661 -0.205742 -0.200175 
-0.955602 3.369735 -1.700993 -0.034743 -0.205255 -0.199900 
-0.956270 3.369742 -1.700889 -0.034979 -0.204647 -0.199636 
-0.956751 3.370126 -1.700920 -0.035094 -0.203969 -0.199318 
-0.957429 3.370269 -1.701026 -0.035257 -0.203316 -0.199227 
-0.958011 3.370327 -1.700869 -0.035515 -0.202651 -0.198949 
-0.958743 3.370351 -1.701003 -0.035691 -0.202044 -0.198966 
-0.959333 3.370514 -1.701206 -0.035919 -0.201561 -0.198463 
-0.959618 3.370846 -1.701179 -0.036330 -0.200792 -0.198478 
-0.960003 3.370396 -1.700585 -0.036600 -0.200469 -0.198210 
-0.960673 3.370973 -1.700219 -0.036649 -0.200653 -0.198252 
-0.959959 3.370470 -1.700455 -0.036189 -0.200268 -0.198136 
-0.960179 3.370383 -1.700540 -0.035699 -0.199487 -0.197936 
-0.959922 3.370641 -1.700352 -0.035520 -0.198938 -0.197264 
-0.959824 3.370576 -1.699990 -0.035189 -0.198270 -0.197768 
-0.960036 3.370308 -1.700052 -0.035537 -0.199000 -0.197121 
-0.960320 3.370078 -1.700322 -0.034735 -0.199017 -0.196799 
-0.959712 3.370011 -1.700253 -0.035577 -0.198941 -0.197112 
-0.960626 3.370192 -1.700263 -0.036004 -0.198458 -0.196934 
-0.961183 3.370220 -1.700170 -0.036517 -0.197957 -0.196587 
-0.961775 3.370828 -1.699723 -0.036415 -0.198113 -0.196594 
-0.961713 3.370810 -1.699536 -0.036244 -0.197757 -0.196804 
-0.961507 3.371122 -1.699701 -0.036594 -0.198111 -0.195721 
-0.961336 3.371405 -1.699784 -0.036874 -0.198067 -0.195924 
-0.961537 3.370721 -1.699180 -0.037207 -0.198491 -0.195712 
-0.962101 3.371064 -1.700376 -0.036892 -0.198272 -0.195557 
-0.961373 3.371195 -1.699800 -0.036427 -0.198532 -0.195746 
-0.961655 3.371273 -1.699588 -0.036567 -0.198148 -0.195724 
-0.961781 3.371282 -1.699597 -0.036355 -0.197740 -0.195619 
-0.961943 3.371221 -1.699521 -0.036217 -0.197330 -0.195492 
-0.962045 3.371262 -1.699570 -0.035904 -0.196994 -0.195379 
-0.962347 3.371262 -1.699273 -0.035930 -0.196776 -0.195274 
-0.962320 3.370927 -1.699085 -0.035873 -0.196617 -0.195026 
-0.962644 3.370810 -1.699356 -0.036011 -0.196565 -0.194869 
-0.962860 3.370552 -1.699364 -0.035933 -0.196463 -0.195198 
-0.962772 3.370563 -1.699395 -0.036075 -0.196294 -0.195244 
-0.963057 3.370553 -1.699424 -0.036217 -0.195941 -0.195138 
-0.963304 3.370475 -1.699485 -0.036346 -0.195576 -0.195003 
-0.963631 3.370436 -1.699511 -0.036449 -0.195246 -0.194903 
-0.963918 3.370348 -1.699563 -0.036553 -0.194898 -0.194789 
-0.964272 3.370257 -1.699591 -0.036617 -0.194587 -0.194728 
-0.964492 3.370059 -1.699683 -0.036700 -0.194232 -0.194635 
-0.964640 3.370180 -1.699712 -0.036899 -0.193918 -0.194383 
-0.964909 3.370085 -1.699702 -0.037159 -0.193632 -0.194299 
-0.965140 3.370140 -1.699897 -0.037198 -0.193257 -0.194264 
-0.965289 3.370140 -1.699794 -0.037158 -0.192811 -0.194193 
-0.965525 3.370118 -1.699804 -0.037141 -0.192414 -0.194035 
-0.965749 3.370087 -1.699793 -0.037193 -0.191987 -0.193996 
-0.965998 3.370059 -1.699823 -0.037190 -0.191599 -0.193839 
-0.966222 3.370023 -1.699815 -0.037270 -0.191174 -0.193836 
-0.966476 3.369990 -1.699849 -0.037293 -0.190780 -0.193711 
-0.966692 3.369949 -1.699842 -0.037410 -0.190364 -0.193765 
-0.966947 3.369912 -1.699874 -0.037456 -0.189963 -0.193674 
-0.966933 3.369878 -1.699940 -0.037528 -0.189499 -0.193560 
-0.967188 3.370081 -1.699865 -0.037553 -0.189146 -0.193519 
-0.967416 3.370000 -1.699900 -0.037355 -0.188782 -0.193601 
-0.967604 3.369866 -1.699633 -0.037530 -0.188548 -0.193431 
-0.967881 3.369832 -1.699645 -0.037794 -0.188275 -0.193305 
-0.968117 3.369803 -1.699602 -0.038089 -0.187971 -0.193275 
-0.968395 3.369782 -1.699615 -0.038274 -0.187712 -0.193032 
-0.968588 3.369743 -1.699429 -0.038476 -0.187385 -0.192902 
-0.968896 3.369674 -1.699479 -0.038630 -0.187051 -0.192880 
-0.969094 3.369605 -1.699309 -0.038805 -0.186684 -0.192903 
-0.969378 3.369546 -1.699268 -0.038873 -0.186371 -0.192680 
-0.969495 3.369495 -1.698965 -0.038951 -0.186057 -0.192520 
-0.969761 3.369647 -1.698936 -0.039077 -0.185727 -0.192382 
-0.969854 3.369583 -1.698996 -0.039245 -0.185330 -0.192191 
-0.970125 3.369529 -1.698966 -0.039426 -0.185017 -0.192016 
-0.970174 3.369592 -1.698786 -0.039685 -0.184659 -0.191949 
-0.970385 3.369556 -1.698806 -0.039576 -0.184241 -0.191878 
-0.970593 3.369539 -1.698823 -0.039488 -0.183833 -0.191733 
-0.970783 3.369540 -1.698802 -0.039464 -0.183409 -0.191586 
-0.970929 3.369547 -1.698707 -0.039549 -0.182963 -0.191547 
-0.971122 3.369555 -1.698705 -0.039506 -0.182567 -0.191341 
-0.971256 3.369577 -1.698597 -0.039622 -0.182131 -0.191273 
-0.971440 3.369599 -1.698591 -0.039597 -0.181754 -0.191025 
-0.971834 3.369454 -1.698598 -0.039592 -0.181521 -0.191114 
-0.971923 3.369512 -1.698920 -0.039627 -0.181188 -0.191223 
-0.971886 3.369137 -1.698913 -0.039556 -0.180887 -0.191200 
-0.972083 3.369275 -1.698775 -0.039321 -0.180579 -0.191306 
-0.972389 3.369222 -1.698808 -0.039595 -0.180355 -0.191180 
-0.972695 3.369170 -1.698841 -0.039868 -0.180131 -0.191054 
-0.973030 3.369130 -1.698874 -0.040085 -0.179883 -0.190931 
-0.973350 3.369143 -1.698828 -0.040262 -0.179567 -0.190879 
-0.973689 3.369044 -1.698978 -0.040435 -0.179432 -0.190672 
-0.973895 3.369187 -1.698945 -0.040177 -0.179196 -0.190443 
-0.974276 3.369090 -1.698938 -0.040021 -0.179211 -0.190685 
-0.974320 3.369294 -1.699032 -0.040067 -0.179268 -0.190728 
-0.974184 3.369022 -1.699262 -0.039954 -0.178899 -0.190820 
-0.974195 3.369078 -1.699130 -0.040066 -0.178758 -0.190902 
-0.974452 3.369068 -1.699092 -0.040180 -0.178379 -0.190787 
-0.974707 3.369063 -1.699049 -0.040285 -0.177994 -0.190676 
-0.974959 3.369061 -1.699000 -0.040387 -0.177605 -0.190570 
-0.975198 3.369073 -1.698929 -0.040479 -0.177204 -0.190485 
-0.975460 3.369036 -1.698960 -0.040579 -0.176833 -0.190347 
-0.975716 3.369007 -1.698976 -0.040674 -0.176449 -0.190221 
-0.975971 3.368986 -1.698974 -0.040771 -0.176063 -0.190101 
-0.976221 3.368958 -1.698997 -0.040858 -0.175672 -0.189982 
-0.976474 3.368954 -1.698952 -0.040961 -0.175285 -0.189873 
-0.976718 3.368943 -1.698937 -0.041049 -0.174884 -0.189772 
-0.976940 3.368843 -1.699148 -0.041099 -0.174556 -0.189617 
-0.977185 3.368742 -1.699152 -0.041392 -0.174272 -0.189576 
-0.977465 3.368499 -1.699042 -0.041430 -0.173999 -0.189464 
-0.977500 3.368437 -1.698990 -0.041629 -0.173672 -0.189174 
-0.977822 3.368442 -1.698988 -0.041783 -0.173371 -0.189033 
-0.978043 3.368373 -1.698997 -0.041931 -0.172970 -0.188985 
-0.978300 3.368279 -1.699026 -0.042110 -0.172624 -0.188882 
-0.978524 3.368185 -1.698895 -0.041956 -0.172282 -0.188734 
-0.978752 3.368179 -1.698673 -0.042068 -0.171933 -0.188685 
-0.978958 3.368238 -1.698695 -0.042077 -0.171514 -0.188556 
-0.979069 3.368140 -1.698662 -0.042122 -0.171071 -0.188423 
-0.979358 3.368090 -1.698667 -0.042114 -0.170681 -0.188418 
-0.979633 3.368074 -1.698637 -0.042151 -0.170326 -0.188233 
-0.979853 3.367962 -1.698589 -0.042194 -0.169931 -0.188100 
-0.980084 3.367982 -1.698534 -0.042187 -0.169524 -0.187976 
-0.980179 3.367723 -1.698469 -0.042240 -0.169132 -0.187944 
-0.980368 3.367752 -1.698597 -0.042573 -0.168861 -0.187907 
-0.980580 3.367687 -1.698854 -0.042658 -0.168557 -0.187751 
-0.980921 3.367632 -1.698843 -0.042869 -0.168295 -0.187679 
-0.981142 3.367677 -1.698867 -0.043055 -0.167907 -0.187633 
-0.981401 3.367560 -1.698876 -0.043203 -0.167547 -0.187557 
-0.981541 3.367603 -1.698916 -0.043346 -0.167107 -0.187520 
-0.981821 3.367638 -1.698898 -0.043429 -0.166762 -0.187338 
-0.982076 3.367579 -1.698900 -0.043543 -0.166385 -0.187217 
-0.982242 3.367503 -1.698938 -0.043693 -0.165961 -0.187195 
-0.982526 3.367427 -1.698927 -0.043793 -0.165614 -0.187047 
-0.982742 3.367278 -1.698948 -0.043930 -0.165229 -0.186996 
-0.983085 3.367206 -1.698901 -0.043977 -0.164985 -0.186769 
-0.983439 3.367245 -1.698954 -0.043940 -0.164664 -0.186834 
-0.983728 3.367257 -1.698984 -0.044065 -0.164303 -0.186745 
-0.984010 3.367061 -1.699009 -0.044152 -0.163969 -0.186732 
-0.984282 3.367065 -1.699034 -0.044301 -0.163610 -0.186620 
-0.984498 3.366805 -1.699043 -0.044452 -0.163299 -0.186552 
-0.984745 3.366867 -1.699065 -0.044625 -0.162951 -0.186403 
-0.984832 3.366583 -1.699046 -0.044874 -0.162706 -0.186235 
-0.984958 3.366617 -1.698644 -0.044894 -0.162478 -0.186322 
-0.985093 3.366599 -1.698648 -0.044716 -0.162063 -0.186197 
-0.985288 3.366583 -1.698648 -0.044575 -0.161653 -0.186086 
-0.985559 3.366580 -1.698557 -0.044511 -0.161267 -0.186030 
-0.985708 3.366444 -1.698587 -0.044483 -0.160859 -0.185857 
-0.985929 3.366322 -1.698422 -0.044581 -0.160496 -0.185779 
-0.986225 3.366335 -1.698355 -0.044512 -0.160123 -0.185731 
-0.986375 3.366170 -1.698401 -0.044529 -0.159733 -0.185548 
-0.986597 3.366033 -1.698198 -0.044691 -0.159417 -0.185493 
-0.986891 3.365988 -1.698097 -0.044709 -0.159048 -0.185435 
-0.987080 3.365814 -1.698078 -0.044791 -0.158672 -0.185281 
-0.987358 3.365754 -1.698038 -0.044786 -0.158288 -0.185190 
-0.987374 3.365499 -1.698191 -0.044863 -0.157995 -0.184949 
-0.987348 3.365482 -1.698175 -0.044987 -0.157550 -0.185103 
-0.987454 3.365479 -1.697975 -0.045037 -0.157187 -0.184874 
-0.987610 3.365174 -1.697813 -0.044908 -0.156910 -0.184904 
-0.987914 3.365155 -1.697853 -0.045175 -0.156653 -0.184823 
-0.988218 3.365133 -1.697891 -0.045448 -0.156400 -0.184745 
-0.988526 3.365072 -1.697906 -0.045676 -0.156114 -0.184672 
-0.988824 3.364883 -1.697833 -0.045842 -0.155830 -0.184644 
-0.989032 3.364920 -1.697748 -0.046051 -0.155507 -0.184448 
-0.989238 3.364923 -1.697851 -0.046226 -0.155115 -0.184484 
-0.989318 3.364834 -1.697702 -0.046338 -0.154680 -0.184474 
-0.989493 3.364686 -1.697755 -0.046455 -0.154302 -0.184310 
-0.989775 3.364554 -1.697714 -0.046615 -0.153970 -0.184247 
-0.989930 3.364725 -1.697644 -0.046793 -0.153679 -0.183993 
-0.989872 3.364581 -1.697663 -0.047230 -0.153541 -0.183935 
-0.989938 3.364836 -1.697796 -0.046820 -0.153610 -0.184129 
-0.990187 3.364821 -1.697789 -0.046694 -0.153222 -0.184031 
-0.990423 3.364780 -1.697789 -0.046652 -0.152812 -0.183927 
-0.990639 3.364757 -1.697841 -0.046686 -0.152383 -0.183863 
-0.990870 3.364658 -1.697710 -0.046525 -0.152080 -0.183663 
-0.991237 3.364659 -1.697950 -0.046545 -0.151929 -0.183510 
-0.991576 3.364738 -1.697934 -0.046578 -0.151590 -0.183545 
-0.991799 3.364808 -1.698035 -0.046555 -0.151183 -0.183461 
-0.991933 3.364520 -1.698051 -0.046817 -0.150922 -0.183444 
-0.992177 3.364292 -1.698173 -0.046709 -0.150655 -0.183614 
-0.992479 3.364236 -1.698155 -0.046875 -0.150335 -0.183501 
-0.992793 3.364178 -1.698145 -0.047018 -0.150008 -0.183402 
-0.993117 3.364108 -1.698151 -0.047128 -0.149675 -0.183329 
-0.993449 3.364008 -1.698186 -0.047178 -0.149337 -0.183312 
-0.993721 3.364024 -1.698126 -0.047395 -0.149055 -0.183128 
-0.993945 3.364032 -1.698277 -0.047649 -0.148745 -0.183196 
-0.994026 3.363946 -1.698066 -0.047703 -0.148324 -0.183207 
-0.994201 3.363778 -1.698047 -0.047763 -0.147935 -0.183050 
-0.994451 3.363606 -1.697947 -0.047862 -0.147589 -0.182967 
-0.994650 3.363490 -1.698061 -0.047993 -0.147215 -0.182843 
-0.994904 3.363406 -1.698087 -0.048187 -0.146857 -0.182841 
-0.995142 3.363166 -1.698004 -0.048199 -0.146585 -0.182633 
-0.995317 3.363225 -1.697980 -0.048123 -0.146165 -0.182484 
-0.995433 3.363215 -1.697938 -0.048153 -0.145729 -0.182305 
-0.995721 3.363228 -1.697876 -0.048116 -0.145347 -0.182239 
-0.995937 3.363116 -1.697804 -0.048145 -0.144966 -0.182072 
-0.996139 3.363109 -1.697883 -0.048221 -0.144546 -0.181977 
-0.996324 3.363007 -1.697883 -0.048297 -0.144145 -0.181812 
-0.996655 3.362939 -1.697882 -0.048316 -0.143798 -0.181759 
-0.996884 3.362796 -1.697835 -0.048370 -0.143432 -0.181596 
-0.997083 3.362758 -1.697966 -0.048487 -0.143032 -0.181510 
-0.997286 3.362739 -1.697936 -0.048590 -0.142603 -0.181474 
-0.997455 3.362644 -1.697939 -0.048699 -0.142191 -0.181336 
-0.997645 3.362652 -1.697778 -0.048781 -0.141780 -0.181358 
-0.997956 3.362555 -1.697810 -0.048851 -0.141428 -0.181304 
-0.998203 3.362444 -1.697809 -0.048937 -0.141045 -0.181198 
-0.998347 3.362358 -1.697717 -0.049039 -0.140625 -0.181076 
-0.998630 3.362219 -1.697784 -0.049115 -0.140286 -0.180958 
-0.998781 3.362076 -1.697770 -0.049215 -0.139900 -0.180770 
-0.999100 3.361943 -1.697626 -0.049247 -0.139590 -0.180734 
-0.999374 3.361992 -1.697650 -0.049200 -0.139220 -0.180587 
-0.999598 3.361917 -1.697686 -0.049384 -0.138837 -0.180625 
-0.999777 3.361835 -1.697648 -0.049546 -0.138424 -0.180594 
-0.999971 3.361794 -1.697594 -0.049625 -0.138002 -0.180486 
-1.000223 3.361618 -1.697678 -0.049770 -0.137671 -0.180403 
-1.000468 3.361512 -1.697704 -0.049846 -0.137295 -0.180265 
-1.000649 3.361480 -1.697635 -0.049935 -0.136867 -0.180174 
-1.000918 3.361377 -1.697691 -0.049941 -0.136535 -0.179968 
-1.001048 3.361443 -1.697548 -0.049944 -0.136110 -0.179840 
-1.001090 3.361213 -1.697657 -0.049786 -0.135760 -0.179995 
-1.001402 3.361201 -1.697658 -0.050064 -0.135525 -0.179904 
-1.001687 3.361190 -1.697643 -0.050376 -0.135286 -0.179853 
-1.002018 3.361147 -1.697676 -0.050585 -0.135020 -0.179745 
-1.002300 3.361029 -1.697733 -0.050722 -0.134669 -0.179728 
-1.002551 3.361043 -1.697670 -0.050884 -0.134304 -0.179621 
-1.002795 3.360951 -1.697683 -0.051000 -0.133908 -0.179605 
-1.002983 3.361020 -1.697551 -0.051132 -0.133522 -0.179487 
-1.003255 3.360950 -1.697574 -0.051180 -0.133177 -0.179292 
-1.003496 3.360871 -1.697576 -0.051261 -0.132775 -0.179215 
-1.003829 3.360849 -1.697594 -0.051417 -0.132464 -0.179139 
-1.004009 3.360749 -1.697582 -0.051478 -0.132027 -0.179113 
-1.004281 3.360716 -1.697575 -0.051655 -0.131669 -0.179171 
-1.004557 3.360521 -1.697721 -0.051644 -0.131375 -0.179041 
-1.004628 3.360268 -1.697636 -0.051885 -0.131114 -0.178851 
-1.004573 3.360402 -1.697930 -0.052025 -0.130806 -0.178723 
-1.004805 3.360386 -1.697924 -0.051994 -0.130392 -0.178614 
-1.005036 3.360368 -1.697920 -0.051965 -0.129976 -0.178508 
-1.005240 3.360318 -1.697958 -0.051950 -0.129543 -0.178442 
-1.005581 3.360391 -1.697979 -0.052045 -0.129251 -0.178291 
-1.005794 3.360397 -1.697994 -0.051985 -0.128905 -0.178028 
-1.006046 3.360396 -1.698116 -0.052088 -0.128526 -0.177951 
-1.006252 3.360372 -1.698223 -0.052114 -0.128123 -0.177805 
-1.006408 3.360518 -1.698110 -0.052255 -0.127724 -0.177786 
-1.006693 3.360319 -1.698002 -0.052422 -0.127453 -0.177718 
-1.007050 3.360287 -1.697987 -0.052456 -0.127123 -0.177717 
-1.007353 3.360259 -1.697995 -0.052619 -0.126795 -0.177610 
-1.007604 3.360180 -1.697953 -0.052680 -0.126405 -0.177502 
-1.007864 3.360129 -1.697945 -0.052833 -0.126051 -0.177363 
-1.008177 3.360103 -1.697938 -0.052880 -0.125684 -0.177308 
-1.008488 3.360099 -1.697960 -0.053027 -0.125353 -0.177210 
-1.008686 3.360002 -1.697902 -0.053062 -0.124943 -0.177078 
-1.008883 3.359936 -1.697890 -0.053242 -0.124588 -0.176888 
-1.009159 3.359893 -1.697867 -0.053271 -0.124196 -0.176809 
-1.009438 3.359859 -1.697857 -0.053340 -0.123815 -0.176714 
-1.009698 3.359830 -1.697864 -0.053494 -0.123460 -0.176571 
-1.009997 3.359803 -1.697847 -0.053486 -0.123077 -0.176531 
-1.010296 3.359789 -1.697853 -0.053571 -0.122711 -0.176444 
-1.010471 3.359751 -1.697874 -0.053845 -0.122427 -0.176222 
-1.010619 3.359585 -1.697896 -0.053952 -0.122022 -0.176339 
-1.010904 3.359502 -1.697733 -0.053981 -0.121679 -0.176267 
-1.011237 3.359521 -1.697764 -0.054015 -0.121327 -0.176235 
-1.011540 3.359483 -1.697732 -0.054179 -0.120992 -0.176168 
-1.011642 3.359452 -1.697765 -0.054098 -0.120561 -0.175983 
-1.011789 3.359382 -1.697741 -0.054165 -0.120145 -0.175799 
-1.012052 3.359356 -1.697742 -0.054231 -0.119754 -0.175698 
-1.012315 3.359276 -1.697621 -0.054307 -0.119390 -0.175597 
-1.012601 3.359279 -1.697664 -0.054368 -0.119009 -0.175519 
-1.012929 3.359231 -1.697563 -0.054440 -0.118675 -0.175476 
-1.013131 3.359177 -1.697559 -0.054566 -0.118279 -0.175327 
-1.013418 3.359246 -1.697724 -0.054618 -0.117934 -0.175285 
-1.013688 3.358990 -1.697835 -0.054555 -0.117699 -0.175117 
-1.013892 3.358977 -1.697814 -0.054548 -0.117266 -0.175023 
-1.014198 3.358936 -1.697777 -0.054668 -0.116916 -0.174950 
-1.014426 3.358946 -1.697733 -0.054716 -0.116496 -0.174877 
-1.014771 3.358907 -1.697676 -0.054922 -0.116230 -0.174834 
-1.015013 3.358739 -1.697568 -0.054952 -0.115882 -0.174700 
-1.015230 3.358778 -1.697499 -0.055022 -0.115462 -0.174642 
-1.015350 3.358624 -1.697383 -0.054930 -0.115068 -0.174490 
-1.015621 3.358796 -1.697324 -0.054934 -0.114924 -0.174157 
-1.015871 3.358776 -1.697354 -0.055065 -0.114535 -0.174081 
-1.016128 3.358757 -1.697380 -0.055190 -0.114146 -0.174011 
-1.016407 3.358745 -1.697394 -0.055291 -0.113763 -0.173952 
-1.016636 3.358677 -1.697444 -0.055424 -0.113382 -0.173826 
-1.016899 3.358630 -1.697475 -0.055528 -0.113004 -0.173718 
-1.017192 3.358681 -1.697459 -0.055620 -0.112629 -0.173747 
-1.017372 3.358673 -1.697428 -0.055829 -0.112242 -0.173639 
-1.017630 3.358651 -1.697426 -0.055952 -0.111865 -0.173522 
-1.017906 3.358746 -1.697307 -0.056072 -0.111528 -0.173417 
-1.018056 3.358827 -1.697409 -0.056146 -0.111101 -0.173311 
-1.018333 3.358863 -1.697528 -0.056358 -0.110794 -0.173226 
-1.018512 3.358806 -1.697504 -0.056431 -0.110354 -0.173168 
-1.018731 3.358739 -1.697489 -0.056545 -0.109942 -0.173113 
-1.018997 3.358691 -1.697516 -0.056719 -0.109580 -0.173053 
-1.019115 3.358799 -1.697437 -0.056823 -0.109146 -0.173141 
-1.019251 3.358774 -1.697405 -0.056877 -0.108715 -0.172971 
-1.019411 3.358859 -1.697439 -0.057000 -0.108314 -0.172801 
-1.019610 3.358782 -1.697388 -0.057103 -0.107902 -0.172704 
-1.019819 3.358771 -1.697375 -0.057240 -0.107496 -0.172596 
-1.020080 3.358767 -1.697396 -0.057176 -0.107096 -0.172522 
-1.020240 3.358707 -1.697456 -0.057213 -0.106650 -0.172452 
-1.020462 3.358876 -1.697535 -0.057267 -0.106291 -0.172302 
-1.020692 3.358859 -1.697409 -0.057285 -0.105898 -0.172181 
-1.020990 3.358781 -1.697432 -0.057584 -0.105666 -0.172168 
-1.021214 3.358888 -1.697392 -0.057628 -0.105370 -0.172461 
-1.021593 3.358788 -1.697480 -0.057646 -0.105102 -0.172390 
-1.021861 3.358741 -1.697502 -0.057796 -0.104735 -0.172310 
-1.022144 3.358718 -1.697525 -0.057871 -0.104347 -0.172278 
-1.022433 3.358698 -1.697542 -0.057952 -0.103965 -0.172241 
-1.022738 3.358683 -1.697542 -0.058068 -0.103607 -0.172176 
-1.022990 3.358667 -1.697589 -0.058054 -0.103194 -0.172207 
-1.023287 3.358660 -1.697602 -0.058107 -0.102811 -0.172186 
-1.023578 3.358629 -1.697608 -0.058253 -0.102457 -0.172105 
-1.023884 3.358633 -1.697615 -0.058292 -0.102078 -0.172090 
-1.024195 3.358620 -1.697606 -0.058425 -0.101736 -0.172012 
-1.024500 3.358651 -1.697611 -0.058384 -0.101360 -0.172047 
-1.024834 3.358663 -1.697588 -0.058479 -0.101023 -0.171988 
-1.024980 3.358624 -1.697635 -0.058577 -0.100571 -0.171989 
-1.025211 3.358598 -1.697645 -0.058723 -0.100171 -0.171935 
-1.025511 3.358601 -1.697638 -0.058812 -0.099799 -0.171893 
-1.025731 3.358357 -1.697615 -0.058844 -0.099444 -0.171943 
-1.025969 3.358322 -1.697831 -0.058922 -0.099087 -0.171955 
-1.026308 3.358307 -1.697816 -0.058960 -0.098738 -0.171939 
-1.026525 3.358237 -1.697801 -0.059201 -0.098399 -0.171824 
-1.026880 3.358233 -1.697682 -0.059215 -0.098087 -0.171798 
-1.027186 3.358346 -1.697833 -0.059293 -0.097768 -0.171755 
-1.027165 3.358433 -1.697755 -0.059298 -0.097300 -0.171824 
-1.027201 3.358363 -1.697787 -0.059112 -0.096997 -0.171499 
-1.027378 3.358335 -1.697773 -0.059137 -0.096544 -0.171481 
-1.027672 3.358428 -1.697927 -0.059175 -0.096217 -0.171375 
-1.027830 3.358617 -1.697814 -0.059257 -0.095849 -0.171225 
-1.028042 3.358760 -1.697814 -0.059046 -0.095494 -0.171276 
-1.027989 3.358767 -1.697997 -0.059273 -0.095123 -0.171157 
-1.028240 3.358616 -1.697966 -0.059480 -0.094853 -0.170969 
-1.028457 3.358551 -1.697996 -0.059639 -0.094590 -0.170666 
-1.028696 3.358344 -1.698050 -0.059777 -0.094251 -0.170633 
-1.028846 3.358243 -1.698189 -0.059927 -0.093873 -0.170488 
-1.029131 3.358154 -1.698169 -0.060026 -0.093524 -0.170356 
-1.029376 3.358076 -1.698199 -0.060140 -0.093157 -0.170202 
-1.029530 3.357998 -1.698328 -0.060283 -0.092778 -0.170037 
-1.029821 3.357931 -1.698294 -0.060373 -0.092433 -0.169890 
-1.030063 3.357868 -1.698322 -0.060484 -0.092065 -0.169724 
-1.030153 3.357801 -1.698507 -0.060638 -0.091694 -0.169551 
-1.030356 3.357768 -1.698473 -0.060727 -0.091266 -0.169615 
-1.030476 3.357945 -1.698353 -0.060884 -0.090909 -0.169451 
-1.030807 3.358034 -1.698475 -0.060870 -0.090590 -0.169389 
-1.031014 3.357968 -1.698457 -0.060827 -0.090176 -0.169256 
-1.031321 3.357925 -1.698477 -0.061006 -0.089851 -0.169190 
-1.031675 3.357761 -1.698399 -0.061262 -0.089804 -0.169078 
-1.031608 3.357734 -1.698554 -0.061314 -0.089816 -0.168913 
-1.031593 3.357692 -1.698567 -0.061488 -0.089520 -0.169337 
-1.031479 3.357756 -1.698418 -0.061600 -0.089471 -0.169265 
-1.031786 3.358104 -1.698696 -0.061543 -0.089413 -0.169329 
-1.031806 3.358070 -1.698671 -0.061416 -0.089227 -0.169249 
-1.031912 3.358043 -1.698676 -0.061229 -0.088803 -0.169142 
-1.032109 3.358214 -1.698766 -0.061151 -0.088411 -0.169089 
-1.032255 3.357991 -1.699058 -0.061025 -0.088263 -0.169299 
-1.032286 3.358033 -1.698914 -0.060949 -0.088256 -0.169472 
-1.031941 3.358172 -1.699232 -0.060773 -0.088149 -0.169298 
-1.032368 3.358023 -1.699074 -0.060866 -0.088380 -0.169219 
-1.032450 3.357827 -1.698954 -0.061195 -0.087925 -0.169161 
-1.032727 3.357885 -1.699013 -0.061514 -0.087695 -0.169152 
-1.032927 3.357676 -1.698965 -0.061809 -0.087448 -0.169086 
-1.032973 3.357789 -1.699013 -0.061846 -0.086993 -0.168972 
-1.033318 3.357852 -1.699019 -0.061787 -0.086746 -0.168747 
-1.033301 3.358066 -1.698746 -0.061989 -0.086645 -0.168487 
-1.033490 3.358135 -1.698506 -0.061936 -0.086373 -0.168739 
-1.033693 3.358205 -1.698583 -0.062032 -0.085956 -0.168693 
-1.033957 3.358163 -1.698588 -0.062158 -0.085572 -0.168626 
-1.034163 3.358174 -1.698586 -0.062320 -0.085164 -0.168573 
-1.034474 3.358233 -1.698604 -0.062411 -0.084814 -0.168486 
-1.034657 3.358290 -1.698600 -0.062586 -0.084404 -0.168437 
-1.034981 3.358470 -1.698628 -0.062643 -0.084108 -0.168338 
-1.035144 3.358413 -1.698617 -0.062589 -0.083674 -0.168208 
-1.035347 3.358354 -1.698649 -0.062585 -0.083242 -0.168129 
-1.035608 3.358373 -1.698689 -0.062611 -0.082840 -0.168052 
-1.035664 3.358444 -1.698601 -0.062662 -0.082397 -0.167897 
-1.035972 3.358274 -1.698334 -0.062667 -0.082242 -0.167760 
-1.036039 3.358152 -1.698536 -0.062796 -0.082210 -0.167359 
-1.036273 3.358135 -1.698573 -0.062604 -0.081871 -0.167183 
-1.036472 3.357994 -1.698597 -0.062813 -0.081504 -0.167166 
-1.036741 3.357985 -1.698597 -0.063038 -0.081171 -0.167101 
-1.036954 3.357889 -1.698587 -0.063238 -0.080798 -0.167034 
-1.037249 3.357910 -1.698592 -0.063387 -0.080454 -0.166931 
-1.037484 3.357811 -1.698612 -0.063479 -0.080058 -0.166842 
-1.037760 3.357775 -1.698636 -0.063554 -0.079680 -0.166736 
-1.038013 3.357715 -1.698644 -0.063674 -0.079297 -0.166638 
-1.038372 3.357948 -1.698688 -0.063637 -0.079115 -0.166498 
-1.038745 3.357763 -1.698860 -0.063739 -0.078984 -0.166588 
-1.038648 3.357923 -1.699179 -0.063834 -0.078686 -0.166652 
-1.038715 3.358026 -1.698973 -0.063753 -0.078477 -0.167013 
-1.038698 3.357947 -1.699023 -0.063538 -0.078418 -0.166985 
-1.038864 3.357960 -1.699005 -0.063629 -0.077979 -0.166888 
-1.039045 3.357988 -1.699004 -0.063714 -0.077543 -0.166802 
-1.039229 3.358016 -1.699013 -0.063782 -0.077105 -0.166720 
-1.039417 3.358035 -1.699045 -0.063793 -0.076663 -0.166640 
-1.039598 3.358174 -1.698946 -0.064044 -0.076334 -0.166714 
-1.039812 3.358298 -1.698905 -0.064131 -0.075937 -0.166813 
-1.039954 3.358305 -1.698896 -0.064351 -0.075570 -0.166624 
-1.040124 3.358314 -1.698907 -0.064440 -0.075140 -0.166498 
-1.040319 3.358378 -1.698890 -0.064562 -0.074716 -0.166458 
-1.040506 3.358409 -1.698895 -0.064569 -0.074268 -0.166423 
-1.040699 3.358546 -1.698830 -0.064835 -0.073941 -0.166454 
-1.040908 3.358652 -1.698793 -0.064920 -0.073528 -0.166522 
-1.041074 3.358675 -1.698804 -0.065106 -0.073143 -0.166359 
-1.041266 3.358726 -1.698802 -0.065215 -0.072715 -0.166293 
-1.041476 3.358830 -1.698766 -0.065293 -0.072301 -0.166362 
-1.041643 3.358831 -1.698794 -0.065389 -0.071882 -0.166205 
-1.041842 3.358887 -1.698791 -0.065437 -0.071442 -0.166188 
-1.042019 3.359005 -1.698758 -0.065766 -0.071159 -0.166127 
-1.042231 3.359114 -1.698725 -0.065871 -0.070751 -0.166184 
-1.042401 3.359120 -1.698758 -0.065980 -0.070339 -0.166022 
-1.042601 3.359179 -1.698756 -0.066039 -0.069901 -0.166001 
-1.042798 3.359291 -1.698736 -0.066305 -0.069565 -0.165953 
-1.043002 3.359374 -1.698715 -0.066309 -0.069135 -0.166023 
-1.043160 3.359346 -1.698765 -0.066332 -0.068710 -0.165851 
-1.043363 3.359427 -1.698764 -0.066499 -0.068311 -0.165796 
-1.043562 3.359494 -1.698752 -0.066469 -0.067875 -0.165857 
-1.043767 3.359624 -1.698727 -0.066729 -0.067541 -0.165844 
-1.043923 3.359607 -1.698785 -0.066841 -0.067152 -0.165628 
-1.044129 3.359674 -1.698788 -0.066899 -0.066719 -0.165616 
-1.044318 3.359812 -1.698765 -0.067229 -0.066449 -0.165578 
-1.044374 3.359688 -1.698882 -0.067291 -0.066200 -0.165204 
-1.044253 3.359417 -1.698796 -0.067464 -0.065883 -0.165318 
-1.044070 3.359551 -1.698854 -0.067462 -0.065817 -0.165308 
-1.044382 3.359464 -1.698389 -0.067413 -0.065753 -0.165132 
-1.044797 3.359402 -1.698390 -0.067438 -0.065513 -0.165066 
-1.045212 3.359336 -1.698386 -0.067477 -0.065279 -0.164991 
-1.045624 3.359267 -1.698352 -0.067540 -0.065058 -0.164893 
-1.045997 3.359202 -1.698200 -0.067647 -0.064878 -0.164726 
-1.046340 3.359134 -1.698458 -0.067627 -0.064672 -0.164810 
-1.046605 3.358985 -1.698401 -0.067343 -0.064433 -0.164740 
-1.046929 3.359057 -1.698229 -0.067263 -0.064245 -0.164978 
-1.047037 3.359258 -1.698282 -0.067206 -0.063850 -0.164820 
-1.047300 3.359090 -1.698279 -0.067185 -0.063478 -0.164774 
-1.047680 3.359046 -1.698310 -0.067075 -0.063222 -0.164655 
-1.047846 3.358952 -1.698408 -0.066867 -0.062845 -0.164734 
-1.047965 3.358900 -1.698038 -0.066869 -0.062645 -0.164522 
-1.048244 3.358937 -1.698074 -0.067209 -0.062441 -0.164500 
-1.048443 3.358851 -1.698207 -0.067490 -0.062237 -0.164269 
-1.048815 3.358682 -1.698151 -0.067726 -0.062184 -0.164367 
-1.049067 3.358979 -1.698171 -0.067912 -0.061970 -0.164293 
-1.048900 3.358918 -1.698112 -0.068223 -0.061669 -0.164422 
-1.048869 3.358942 -1.697941 -0.068314 -0.061764 -0.164314 
-1.048892 3.359005 -1.698420 -0.068502 -0.061892 -0.164513 
-1.048895 3.358816 -1.698207 -0.068250 -0.061620 -0.164229 
-1.049149 3.358718 -1.698158 -0.068111 -0.061245 -0.164184 
-1.049141 3.358839 -1.698170 -0.067891 -0.060845 -0.164059 
-1.049239 3.358506 -1.698109 -0.067692 -0.060574 -0.164094 
-1.049614 3.358574 -1.698231 -0.067787 -0.060315 -0.164055 
-1.049855 3.358620 -1.697930 -0.067879 -0.060154 -0.163824 
-1.050133 3.358683 -1.697980 -0.067554 -0.060322 -0.163678 
-1.049900 3.358710 -1.697824 -0.067829 -0.060146 -0.164014 
-1.050087 3.358655 -1.697954 -0.068041 -0.059768 -0.163740 
-1.050290 3.358599 -1.697906 -0.068152 -0.059355 -0.163646 
-1.050590 3.358628 -1.697927 -0.068221 -0.058999 -0.163519 
-1.050841 3.358599 -1.697901 -0.068301 -0.058607 -0.163404 
-1.051207 3.358709 -1.697990 -0.068309 -0.058357 -0.163256 
-1.051536 3.358632 -1.697988 -0.068516 -0.058076 -0.163201 
-1.051812 3.358633 -1.697982 -0.068679 -0.057722 -0.163101 
-1.052119 3.358440 -1.697942 -0.068634 -0.057410 -0.163021 
-1.052379 3.358320 -1.697893 -0.068777 -0.057246 -0.162695 
-1.052608 3.358191 -1.698126 -0.068876 -0.056924 -0.162659 
-1.052963 3.358145 -1.698112 -0.068967 -0.056605 -0.162657 
-1.053273 3.358131 -1.698176 -0.069197 -0.056357 -0.162501 
-1.053151 3.358222 -1.698101 -0.069121 -0.055919 -0.162388 
-1.053101 3.357949 -1.697951 -0.069297 -0.055601 -0.162470 
-1.053275 3.357896 -1.697958 -0.069154 -0.055179 -0.162390 
-1.053382 3.358043 -1.698028 -0.069190 -0.054757 -0.162535 
-1.053570 3.358139 -1.697723 -0.069159 -0.054456 -0.162440 
-1.053638 3.358112 -1.697759 -0.069143 -0.054012 -0.162255 
-1.053608 3.358053 -1.697650 -0.068832 -0.053689 -0.162399 
-1.053650 3.357930 -1.697701 -0.069267 -0.053981 -0.162339 
-1.054104 3.357869 -1.697806 -0.069381 -0.053921 -0.162308 
-1.054298 3.357933 -1.697780 -0.069766 -0.053714 -0.162235 
-1.054267 3.358204 -1.697872 -0.069984 -0.053563 -0.162527 
-1.054339 3.358276 -1.697672 -0.069975 -0.053643 -0.162579 
-1.054226 3.358283 -1.697700 -0.070178 -0.053298 -0.162223 
-1.054229 3.358425 -1.697779 -0.070213 -0.053439 -0.162114 
-1.054144 3.358050 -1.697657 -0.070549 -0.053487 -0.162264 
-1.054454 3.358251 -1.697754 -0.070229 -0.053271 -0.162209 
-1.054563 3.358283 -1.697769 -0.070025 -0.052847 -0.162149 
-1.054670 3.358249 -1.697775 -0.069896 -0.052393 -0.162088 
-1.054975 3.358053 -1.697819 -0.070068 -0.052121 -0.162048 
-1.055313 3.358086 -1.697561 -0.070031 -0.051887 -0.162068 
-1.055555 3.358110 -1.697728 -0.070018 -0.051592 -0.162322 
-1.055842 3.357858 -1.697792 -0.069794 -0.051410 -0.162250 
-1.056084 3.358019 -1.697896 -0.069896 -0.051113 -0.162039 
-1.056247 3.357985 -1.697866 -0.070033 -0.050679 -0.161984 
-1.056473 3.357964 -1.697852 -0.070187 -0.050279 -0.161929 
-1.056702 3.357945 -1.697840 -0.070342 -0.049881 -0.161873 
-1.056971 3.357954 -1.697851 -0.070501 -0.049514 -0.161799 
-1.057037 3.357832 -1.697757 -0.070621 -0.049072 -0.161821 
-1.057215 3.357884 -1.697747 -0.070679 -0.048631 -0.161743 
-1.057459 3.357806 -1.697742 -0.070785 -0.048233 -0.161681 
-1.057697 3.357778 -1.697744 -0.070873 -0.047824 -0.161606 
-1.057951 3.357471 -1.697727 -0.071042 -0.047600 -0.161614 
-1.057955 3.357392 -1.698001 -0.071228 -0.047270 -0.161496 
-1.058032 3.357326 -1.697829 -0.071379 -0.047046 -0.161142 
-1.058265 3.357305 -1.697812 -0.071510 -0.046638 -0.161124 
-1.058469 3.357198 -1.697823 -0.071474 -0.046215 -0.161057 
-1.058623 3.357087 -1.697796 -0.071494 -0.045767 -0.161027 
-1.058986 3.357118 -1.697886 -0.071524 -0.045461 -0.160971 
-1.059248 3.356993 -1.697944 -0.071476 -0.045120 -0.160793 
-1.059509 3.356981 -1.697937 -0.071607 -0.044732 -0.160741 
-1.059766 3.356950 -1.697932 -0.071722 -0.044340 -0.160672 
-1.060024 3.356902 -1.697933 -0.071817 -0.043949 -0.160585 
-1.060283 3.356834 -1.697945 -0.071881 -0.043561 -0.160474 
-1.060495 3.356880 -1.697891 -0.072106 -0.043191 -0.160500 
-1.060696 3.356835 -1.698082 -0.072217 -0.042808 -0.160511 
-1.060949 3.356786 -1.698072 -0.072317 -0.042415 -0.160423 
-1.061193 3.356708 -1.698159 -0.072378 -0.042022 -0.160338 
-1.061448 3.356658 -1.698139 -0.072473 -0.041632 -0.160241 
-1.061694 3.356573 -1.698215 -0.072523 -0.041242 -0.160142 
-1.061951 3.356528 -1.698159 -0.072619 -0.040858 -0.160036 
-1.062203 3.356441 -1.698209 -0.072664 -0.040471 -0.159921 
-1.062454 3.356415 -1.698051 -0.072769 -0.040121 -0.159797 
-1.062671 3.356378 -1.698068 -0.072917 -0.039713 -0.159757 
-1.062925 3.356290 -1.698093 -0.072959 -0.039329 -0.159631 
-1.063135 3.356237 -1.698167 -0.073090 -0.038919 -0.159597 
-1.063391 3.356122 -1.698232 -0.073078 -0.038555 -0.159445 
-1.063626 3.356076 -1.698138 -0.073192 -0.038171 -0.159338 
-1.063835 3.356021 -1.698192 -0.073325 -0.037759 -0.159296 
-1.064082 3.355911 -1.698228 -0.073339 -0.037382 -0.159149 
-1.064214 3.355853 -1.698478 -0.073467 -0.037013 -0.159202 
-1.064256 3.356166 -1.698506 -0.073367 -0.036675 -0.159086 
-1.064622 3.356085 -1.698458 -0.073368 -0.036400 -0.159229 
-1.065002 3.356058 -1.698509 -0.073567 -0.036195 -0.159134 
-1.065338 3.355971 -1.698519 -0.073730 -0.035898 -0.159078 
-1.065581 3.355823 -1.698429 -0.073697 -0.035546 -0.159233 
-1.065979 3.355725 -1.698573 -0.073643 -0.035330 -0.159206 
-1.066305 3.355775 -1.698584 -0.073855 -0.035085 -0.159363 
-1.066650 3.355766 -1.698280 -0.073847 -0.034983 -0.159232 
-1.066804 3.355708 -1.698317 -0.073924 -0.034546 -0.159120 
-1.066989 3.355567 -1.698348 -0.074040 -0.034143 -0.159031 
-1.066785 3.355779 -1.698569 -0.073985 -0.033832 -0.158973 
-1.066819 3.355836 -1.698646 -0.074120 -0.033909 -0.158815 
-1.066657 3.355456 -1.698739 -0.074328 -0.033783 -0.158805 
-1.066685 3.355364 -1.698819 -0.074158 -0.033812 -0.158685 
-1.066929 3.355437 -1.699064 -0.074368 -0.033770 -0.159042 
-1.066806 3.355437 -1.698658 -0.074348 -0.033625 -0.158732 
-1.066870 3.355422 -1.698659 -0.074495 -0.033182 -0.158604 
-1.066950 3.355393 -1.698645 -0.074650 -0.032746 -0.158476 
-1.067122 3.355298 -1.698550 -0.074824 -0.032366 -0.158350 
-1.067096 3.355274 -1.698497 -0.075068 -0.031956 -0.158270 
-1.067182 3.355156 -1.698576 -0.075024 -0.031575 -0.158019 
-1.067174 3.354836 -1.698422 -0.075145 -0.031365 -0.157788 
-1.067339 3.354997 -1.698470 -0.075360 -0.031259 -0.157434 
-1.067493 3.355039 -1.698329 -0.075305 -0.030828 -0.157371 
-1.067706 3.354973 -1.698365 -0.075359 -0.030399 -0.157358 
-1.067843 3.354945 -1.698370 -0.075380 -0.029936 -0.157296 
-1.068129 3.354811 -1.698126 -0.075552 -0.029713 -0.157317 
-1.068519 3.354701 -1.698114 -0.075361 -0.029554 -0.157208 
-1.068826 3.354919 -1.698091 -0.075436 -0.029311 -0.157387 
-1.068840 3.354722 -1.698000 -0.075263 -0.029103 -0.157730 
-1.068890 3.354616 -1.698177 -0.075370 -0.029124 -0.157780 
-1.069189 3.354539 -1.698209 -0.075569 -0.028808 -0.157728 
-1.069547 3.354460 -1.698214 -0.075774 -0.028559 -0.157713 
-1.069551 3.354466 -1.698107 -0.075740 -0.028092 -0.157628 
-1.069633 3.354532 -1.698435 -0.075718 -0.027758 -0.157541 
-1.069470 3.354591 -1.698449 -0.076097 -0.027521 -0.157636 
-1.069435 3.354236 -1.698478 -0.076180 -0.027333 -0.157374 
-1.069492 3.354490 -1.698397 -0.076303 -0.027340 -0.156988 
-1.069710 3.354455 -1.698362 -0.076389 -0.027335 -0.157032 
-1.069875 3.354421 -1.698301 -0.076399 -0.026882 -0.157013 
-1.070036 3.354390 -1.698228 -0.076401 -0.026428 -0.156996 
-1.070259 3.354340 -1.698197 -0.076457 -0.026001 -0.156983 
-1.070446 3.354311 -1.698149 -0.076493 -0.025557 -0.156944 
-1.070779 3.354239 -1.698191 -0.076658 -0.025251 -0.156927 
-1.071075 3.354201 -1.698206 -0.076798 -0.024896 -0.156867 
-1.071300 3.354139 -1.698179 -0.076853 -0.024472 -0.156868 
-1.071532 3.354093 -1.698154 -0.076921 -0.024052 -0.156844 
-1.071785 3.354049 -1.698139 -0.077011 -0.023648 -0.156807 
-1.072007 3.354026 -1.698101 -0.077078 -0.023224 -0.156753 
-1.072297 3.354000 -1.698107 -0.077216 -0.022865 -0.156676 
-1.072524 3.354022 -1.698062 -0.077308 -0.022465 -0.156553 
-1.072774 3.353943 -1.698060 -0.077385 -0.022060 -0.156569 
-1.072974 3.353909 -1.698016 -0.077428 -0.021622 -0.156537 
-1.073266 3.353858 -1.698032 -0.077559 -0.021259 -0.156496 
-1.073534 3.353824 -1.698026 -0.077671 -0.020872 -0.156438 
-1.073735 3.353802 -1.697979 -0.077719 -0.020436 -0.156388 
-1.074022 3.353780 -1.697984 -0.077857 -0.020076 -0.156307 
-1.074239 3.353781 -1.697940 -0.077931 -0.019657 -0.156215 
-1.074578 3.353782 -1.697995 -0.078153 -0.019425 -0.156082 
-1.074793 3.353638 -1.697665 -0.078280 -0.019219 -0.156146 
-1.075113 3.353544 -1.697671 -0.077946 -0.019170 -0.156034 
-1.075388 3.353832 -1.697667 -0.077857 -0.019009 -0.156248 
-1.075658 3.353712 -1.697748 -0.077767 -0.018641 -0.156209 
-1.075919 3.353767 -1.697674 -0.077671 -0.018323 -0.155982 
-1.076333 3.353625 -1.697751 -0.077640 -0.018123 -0.155985 
-1.076548 3.353483 -1.697715 -0.077408 -0.017789 -0.156062 
-1.076653 3.353594 -1.698138 -0.077330 -0.017705 -0.155912 
-1.076581 3.353656 -1.697711 -0.077473 -0.017726 -0.156205 
-1.076648 3.353570 -1.697715 -0.077854 -0.017445 -0.156158 
-1.076926 3.353582 -1.697644 -0.078189 -0.017244 -0.156100 
-1.077008 3.353353 -1.697818 -0.078442 -0.017181 -0.156385 
-1.076976 3.353522 -1.697604 -0.078047 -0.017073 -0.156149 
-1.076870 3.353582 -1.697519 -0.078178 -0.016636 -0.156056 
-1.076872 3.353215 -1.697297 -0.078230 -0.016590 -0.155834 
-1.076910 3.353180 -1.697489 -0.078198 -0.016558 -0.155699 
-1.077208 3.353211 -1.697405 -0.078213 -0.016201 -0.155581 
-1.077418 3.353207 -1.697339 -0.078190 -0.015782 -0.155464 
-1.077413 3.353104 -1.697522 -0.078078 -0.015403 -0.155269 
-1.077370 3.353221 -1.697436 -0.077957 -0.015440 -0.155124 
-1.077655 3.353082 -1.697532 -0.078474 -0.015252 -0.155283 
-1.078043 3.352957 -1.697542 -0.078679 -0.015125 -0.155400 
-1.077940 3.352802 -1.697302 -0.078970 -0.014894 -0.155492 
-1.077965 3.353128 -1.697438 -0.079087 -0.014695 -0.155736 
-1.077884 3.353012 -1.697601 -0.079141 -0.014745 -0.155824 
-1.078174 3.353238 -1.697463 -0.079429 -0.014668 -0.155483 
-1.077953 3.353078 -1.697530 -0.079016 -0.014511 -0.155638 
-1.078200 3.352966 -1.697466 -0.078836 -0.014167 -0.155737 
-1.078178 3.352976 -1.697375 -0.078634 -0.013734 -0.155706 
-1.078429 3.353104 -1.697612 -0.078328 -0.013801 -0.155639 
-1.078228 3.353125 -1.697457 -0.078770 -0.013650 -0.155760 
-1.078504 3.352981 -1.697449 -0.079042 -0.013499 -0.155548 
-1.078579 3.352721 -1.697699 -0.079228 -0.013308 -0.155725 
-1.078906 3.352729 -1.697501 -0.079451 -0.013178 -0.155886 
-1.078976 3.352753 -1.697585 -0.079812 -0.012947 -0.155680 
-1.079005 3.352778 -1.697579 -0.079669 -0.012755 -0.155655 
-1.079377 3.352845 -1.697822 -0.079491 -0.012731 -0.155586 
-1.079544 3.352539 -1.697704 -0.079305 -0.012501 -0.155462 
-1.079663 3.352576 -1.697737 -0.079114 -0.012093 -0.155601 
-1.079798 3.352810 -1.697469 -0.078951 -0.012001 -0.155359 
-1.079677 3.352588 -1.697794 -0.079287 -0.011982 -0.155483 
-1.079492 3.352526 -1.698057 -0.079094 -0.011824 -0.155220 
-1.079863 3.352613 -1.697926 -0.079256 -0.012055 -0.155457 
-1.080165 3.352433 -1.697878 -0.079445 -0.011780 -0.155488 
-1.080387 3.352570 -1.697947 -0.079691 -0.011486 -0.155622 
-1.080666 3.352423 -1.697888 -0.080030 -0.011385 -0.155520 
-1.080318 3.352453 -1.698084 -0.079770 -0.011531 -0.155741 
-1.080421 3.352502 -1.698113 -0.079476 -0.011109 -0.155491 
-1.080647 3.352460 -1.697997 -0.079213 -0.010897 -0.155732 
-1.080915 3.352673 -1.698298 -0.079068 -0.010903 -0.155636 
-1.080866 3.352830 -1.698310 -0.079171 -0.010786 -0.155725 
-1.080757 3.352939 -1.698274 -0.079046 -0.010362 -0.155593 
-1.080713 3.352870 -1.698375 -0.079030 -0.010847 -0.155806 
