-0.969456 -0.902407 31.454371 -0.163293 0.764327 -1.429898 
0.030544 -0.902407 31.454371 -0.163293 0.764327 -1.429898 
-0.969456 0.097593 31.454371 -0.163293 0.764327 -1.429898 
-0.969456 -0.902407 32.454371 -0.163293 0.764327 -1.429898 
-0.969456 -0.902407 31.454371 0.836707 0.764327 -1.429898 
-0.969456 -0.902407 31.454371 -0.163293 1.764327 -1.429898 
-0.969456 -0.902407 31.454371 -0.163293 0.764327 -0.429898 
-1.136828 -0.912839 31.453900 -1.135939 0.604267 -1.444690 
-1.053142 -0.907623 31.454135 -0.649616 0.684297 -1.437294 
-1.063722 -0.908283 31.454106 0.049740 0.674179 -1.438229 
-0.961680 -1.027165 31.454371 -0.163293 0.764327 -1.429898 
-0.721849 -1.013325 31.454243 -0.109660 0.720776 -1.433923 
-0.961680 -1.027165 31.329372 -0.163293 0.764695 -1.429898 
-0.958653 -1.028281 31.329984 -0.100180 1.006529 -1.434634 
-0.962664 -1.027226 31.329369 -0.169011 0.763754 -1.554760 
-1.031902 -1.036639 31.328732 -0.393492 0.678761 -1.553495 
-1.019755 -1.032030 31.329100 -0.075176 0.704571 -1.560651 
-0.916594 -1.024355 31.329245 -0.167399 0.721648 -1.554881 
-0.894426 -1.025708 31.329399 -0.102802 0.844311 -1.564414 
-0.987229 -1.030757 31.329139 -0.219765 0.737057 -1.556043 
-0.960037 -1.058352 31.329371 -0.168522 0.764525 -1.554793 
-0.927114 -1.056866 31.328916 -0.193678 0.808850 -1.569706 
-0.960190 -1.058365 31.298123 -0.168270 0.764458 -1.554802 
-0.991602 -1.063331 31.298309 -0.123634 0.742875 -1.575699 
-0.963627 -1.059633 31.298016 -0.161432 0.765421 -1.492793 
-0.937485 -1.057162 31.298038 -0.166650 0.743082 -1.555029 
-0.968090 -1.059414 31.298102 -0.178038 0.755259 -1.554042 
-0.976384 -1.061636 31.297791 -0.206881 0.748020 -1.558336 
-0.971423 -1.059915 31.298105 -0.177548 0.752146 -1.539114 
-0.971052 -1.067699 31.298110 -0.177025 0.752144 -1.539310 
-0.980910 -1.067746 31.298206 -0.169983 0.743078 -1.543205 
-0.986418 -1.068055 31.298216 -0.170669 0.748567 -1.543278 
-0.992982 -1.069529 31.298091 -0.182604 0.741212 -1.544801 
-0.999829 -1.070712 31.285077 -0.182579 0.736069 -1.545020 
-1.002120 -1.071116 31.308570 -0.182887 0.734274 -1.545080 
-0.992492 -1.069472 31.298023 -0.183238 0.741771 -1.552552 
-0.993453 -1.065661 31.298091 -0.182659 0.740950 -1.544817 
-0.991274 -1.069344 31.297704 -0.189775 0.743231 -1.543241 
-0.995847 -1.069707 31.297224 -0.182540 0.743715 -1.544801 
-0.997958 -1.070248 31.291261 -0.180708 0.739554 -1.545028 
-0.995601 -1.069804 31.289354 -0.179413 0.741591 -1.544818 
-0.995944 -1.069746 31.290601 -0.171750 0.742379 -1.544702 
-0.994328 -1.069611 31.286491 -0.179430 0.743496 -1.543488 
-0.995356 -1.071729 31.289353 -0.179400 0.741734 -1.544982 
-0.995118 -1.069370 31.288519 -0.179368 0.742293 -1.548512 
-0.995071 -1.069851 31.288481 -0.179079 0.739962 -1.544862 
-0.991656 -1.069427 31.290304 -0.179340 0.739955 -1.544703 
-0.995424 -1.069278 31.289212 -0.177497 0.740458 -1.544583 
-0.995270 -1.070434 31.288341 -0.173908 0.740182 -1.545009 
-0.997499 -1.068859 31.290096 -0.172009 0.740831 -1.544173 
-0.993669 -1.070157 31.289336 -0.173509 0.740292 -1.544893 
-0.995188 -1.070602 31.288145 -0.173902 0.740178 -1.544070 
-0.995041 -1.069656 31.287256 -0.173795 0.741578 -1.545142 
-0.995377 -1.071087 31.288663 -0.173991 0.740818 -1.545046 
-0.996253 -1.071234 31.287805 -0.174039 0.738874 -1.545447 
-0.997881 -1.070809 31.288454 -0.173453 0.738446 -1.545265 
-0.998498 -1.070549 31.288715 -0.175200 0.737949 -1.545246 
-0.997488 -1.071016 31.289163 -0.173376 0.737954 -1.545192 
-0.998155 -1.071639 31.288565 -0.172503 0.736728 -1.545791 
-0.999269 -1.070686 31.289360 -0.171499 0.736664 -1.545647 
-0.998284 -1.071879 31.288911 -0.172556 0.737099 -1.546578 
-0.998894 -1.073113 31.288792 -0.172392 0.737194 -1.544887 
-0.997220 -1.072436 31.287633 -0.171566 0.736147 -1.546263 
-0.998545 -1.071699 31.288525 -0.173197 0.736178 -1.545902 
-0.998480 -1.072084 31.288101 -0.173387 0.735471 -1.546192 
-0.998385 -1.071755 31.288914 -0.173132 0.735951 -1.545851 
-0.999144 -1.071341 31.289180 -0.172915 0.735655 -1.545838 
-0.998939 -1.070956 31.289144 -0.172973 0.735583 -1.546034 
-0.998968 -1.070722 31.289526 -0.173782 0.735691 -1.545741 
-0.998800 -1.070833 31.289007 -0.172670 0.735496 -1.545742 
-0.998708 -1.070827 31.289058 -0.172241 0.735595 -1.545925 
-0.998721 -1.070902 31.289130 -0.172663 0.735313 -1.545754 
-0.998774 -1.070964 31.288755 -0.172638 0.735024 -1.545832 
-0.998911 -1.070798 31.289199 -0.172613 0.735240 -1.545748 
-0.998533 -1.070726 31.289119 -0.172724 0.735152 -1.545377 
-0.998366 -1.070433 31.289158 -0.172978 0.735048 -1.545594 
-0.998588 -1.071009 31.289201 -0.172929 0.735021 -1.545077 
-0.998423 -1.070690 31.289129 -0.172511 0.735126 -1.545357 
-0.998428 -1.070586 31.288995 -0.172443 0.735263 -1.545274 
-0.998416 -1.070672 31.289225 -0.172516 0.735196 -1.545338 
-0.998594 -1.070586 31.289185 -0.172443 0.735017 -1.545341 
-0.998633 -1.070673 31.289186 -0.172413 0.735026 -1.545272 
-0.998500 -1.070568 31.289217 -0.172411 0.734801 -1.545382 
-0.998509 -1.070611 31.289231 -0.172306 0.734722 -1.545583 
-0.998413 -1.070440 31.289142 -0.172369 0.734641 -1.545328 
-0.998401 -1.070389 31.289125 -0.172500 0.734443 -1.545326 
-0.998285 -1.070282 31.289269 -0.172454 0.734346 -1.545276 
-0.998050 -1.070284 31.289273 -0.172463 0.734285 -1.545262 
-0.997967 -1.070304 31.289329 -0.172373 0.734122 -1.545140 
-0.997831 -1.070185 31.289388 -0.172322 0.733991 -1.545080 
-0.997711 -1.070151 31.289375 -0.172343 0.733792 -1.545019 
-0.997588 -1.070117 31.289372 -0.172368 0.733596 -1.544951 
-0.997450 -1.070038 31.289420 -0.172359 0.733435 -1.544876 
-0.997336 -1.070047 31.289438 -0.172430 0.733253 -1.544786 
-0.997259 -1.070007 31.289473 -0.172316 0.733102 -1.544908 
-0.997152 -1.069909 31.289404 -0.172178 0.732981 -1.544911 
-0.997058 -1.069927 31.289532 -0.172015 0.732901 -1.544879 
-0.997252 -1.069884 31.289415 -0.172159 0.732928 -1.544878 
-0.997228 -1.069695 31.289428 -0.172213 0.732824 -1.544974 
-0.997232 -1.069720 31.289297 -0.172197 0.732652 -1.545083 
-0.997301 -1.069638 31.289256 -0.172055 0.732745 -1.545215 
-0.997200 -1.069672 31.289225 -0.172166 0.732656 -1.545010 
-0.997173 -1.069497 31.289131 -0.172203 0.732539 -1.544944 
-0.997175 -1.069531 31.288940 -0.172164 0.732399 -1.544912 
-0.997031 -1.069496 31.288810 -0.172277 0.732462 -1.544976 
-0.997088 -1.069531 31.288978 -0.172105 0.732357 -1.544936 
-0.996941 -1.069464 31.289011 -0.171978 0.732242 -1.544882 
-0.996907 -1.069422 31.288990 -0.171838 0.732082 -1.544775 
-0.996688 -1.069370 31.288916 -0.171820 0.732033 -1.544805 
-0.996726 -1.069460 31.288715 -0.171832 0.731941 -1.544839 
-0.996719 -1.069481 31.288807 -0.171918 0.731757 -1.544936 
-0.996776 -1.069380 31.288788 -0.171801 0.731739 -1.545114 
-0.996692 -1.069574 31.288839 -0.171857 0.731770 -1.544962 
-0.996680 -1.069454 31.288782 -0.172022 0.731543 -1.544935 
-0.996709 -1.069495 31.288547 -0.172011 0.731530 -1.544897 
-0.996596 -1.069448 31.288757 -0.172070 0.731584 -1.544991 
-0.996730 -1.069507 31.288778 -0.172241 0.731606 -1.545080 
-0.996445 -1.069324 31.288756 -0.171973 0.731556 -1.544884 
-0.996297 -1.069173 31.288765 -0.171927 0.731527 -1.544775 
-0.996120 -1.069104 31.288734 -0.172044 0.731591 -1.544845 
-0.996262 -1.069251 31.288784 -0.171964 0.731539 -1.544699 
-0.996162 -1.069240 31.288776 -0.171767 0.731440 -1.544836 
-0.996296 -1.069165 31.288865 -0.171903 0.731591 -1.544790 
-0.996290 -1.069160 31.288612 -0.171822 0.731671 -1.544713 
-0.996294 -1.069081 31.288803 -0.172003 0.731323 -1.544729 
-0.996285 -1.068947 31.288721 -0.172012 0.731176 -1.544613 
-0.996320 -1.068911 31.288667 -0.172112 0.730966 -1.544624 
-0.996355 -1.068909 31.288727 -0.172086 0.731226 -1.544588 
-0.996183 -1.068857 31.288867 -0.171889 0.731137 -1.544559 
-0.996256 -1.068770 31.288795 -0.171696 0.731135 -1.544627 
-0.996119 -1.068793 31.288844 -0.171924 0.731163 -1.544625 
-0.995933 -1.068829 31.288775 -0.171870 0.731183 -1.544499 
-0.996042 -1.068809 31.288922 -0.171940 0.730956 -1.544690 
-0.995967 -1.068927 31.289067 -0.171890 0.731006 -1.544809 
-0.996003 -1.068686 31.289072 -0.172007 0.730840 -1.544638 
-0.995970 -1.068714 31.289054 -0.172143 0.730649 -1.544689 
-0.996095 -1.068653 31.289090 -0.172001 0.730832 -1.544708 
-0.995922 -1.068599 31.289055 -0.171806 0.730774 -1.544620 
-0.996025 -1.068711 31.289121 -0.171720 0.730697 -1.544483 
-0.995827 -1.068462 31.289100 -0.171690 0.730851 -1.544519 
-0.995880 -1.068609 31.289025 -0.171799 0.730692 -1.544641 
-0.995926 -1.068574 31.289028 -0.171767 0.730645 -1.544700 
-0.995951 -1.068570 31.288934 -0.171750 0.730647 -1.544683 
-0.995915 -1.068600 31.289026 -0.171737 0.730662 -1.544722 
-0.995915 -1.068570 31.289025 -0.171820 0.730562 -1.544716 
-0.995868 -1.068509 31.289032 -0.171795 0.730509 -1.544690 
-0.995835 -1.068435 31.289041 -0.171799 0.730453 -1.544679 
-0.995809 -1.068392 31.289044 -0.171832 0.730373 -1.544682 
-0.995786 -1.068300 31.289059 -0.171811 0.730372 -1.544664 
-0.995798 -1.068283 31.289089 -0.171766 0.730318 -1.544603 
-0.995723 -1.068277 31.289083 -0.171784 0.730319 -1.544541 
-0.995659 -1.068255 31.289081 -0.171724 0.730282 -1.544564 
-0.995605 -1.068199 31.289128 -0.171706 0.730245 -1.544557 
-0.995567 -1.068133 31.289101 -0.171676 0.730200 -1.544536 
-0.995524 -1.068090 31.289120 -0.171607 0.730217 -1.544508 
-0.995581 -1.068155 31.289112 -0.171660 0.730172 -1.544510 
-0.995542 -1.068164 31.289106 -0.171697 0.730091 -1.544530 
-0.995588 -1.068130 31.289120 -0.171683 0.730034 -1.544586 
-0.995600 -1.068090 31.289133 -0.171750 0.729987 -1.544548 
-0.995596 -1.068104 31.289057 -0.171758 0.729925 -1.544557 
-0.995534 -1.068099 31.289096 -0.171749 0.729860 -1.544573 
-0.995513 -1.068145 31.289139 -0.171788 0.729811 -1.544613 
-0.995516 -1.068077 31.289085 -0.171770 0.729878 -1.544602 
-0.995497 -1.068043 31.289105 -0.171700 0.729811 -1.544551 
-0.995477 -1.067996 31.289074 -0.171658 0.729746 -1.544529 
-0.995441 -1.067954 31.289078 -0.171617 0.729675 -1.544514 
-0.995432 -1.067914 31.289032 -0.171580 0.729610 -1.544493 
-0.995385 -1.067882 31.289069 -0.171546 0.729544 -1.544486 
-0.995352 -1.067846 31.289068 -0.171509 0.729466 -1.544472 
-0.995364 -1.067815 31.288994 -0.171483 0.729419 -1.544451 
-0.995289 -1.067825 31.288979 -0.171484 0.729423 -1.544388 
-0.995275 -1.067846 31.288968 -0.171450 0.729432 -1.544411 
-0.995281 -1.067749 31.289014 -0.171464 0.729396 -1.544345 
-0.995256 -1.067748 31.289031 -0.171500 0.729307 -1.544340 
-0.995252 -1.067728 31.289004 -0.171530 0.729223 -1.544313 
-0.995207 -1.067725 31.289032 -0.171523 0.729138 -1.544320 
-0.995180 -1.067681 31.289052 -0.171517 0.729059 -1.544295 
-0.995133 -1.067659 31.289050 -0.171506 0.728980 -1.544265 
-0.995112 -1.067608 31.289067 -0.171500 0.728905 -1.544233 
-0.995053 -1.067603 31.289047 -0.171487 0.728835 -1.544200 
-0.995026 -1.067590 31.289027 -0.171456 0.728747 -1.544207 
-0.994986 -1.067560 31.289017 -0.171441 0.728669 -1.544175 
-0.994972 -1.067524 31.289008 -0.171414 0.728581 -1.544172 
-0.994919 -1.067498 31.289001 -0.171413 0.728523 -1.544117 
-0.994885 -1.067456 31.288999 -0.171403 0.728449 -1.544077 
-0.994862 -1.067414 31.288994 -0.171385 0.728367 -1.544053 
-0.994816 -1.067383 31.289003 -0.171406 0.728350 -1.543975 
-0.994842 -1.067432 31.289026 -0.171373 0.728305 -1.543919 
-0.994857 -1.067442 31.289011 -0.171414 0.728288 -1.543918 
-0.994764 -1.067404 31.289035 -0.171340 0.728261 -1.543914 
-0.994724 -1.067338 31.289045 -0.171299 0.728215 -1.543898 
-0.994653 -1.067313 31.289042 -0.171297 0.728151 -1.543892 
-0.994591 -1.067283 31.289040 -0.171292 0.728079 -1.543878 
-0.994522 -1.067264 31.289036 -0.171295 0.728010 -1.543870 
-0.994457 -1.067236 31.289034 -0.171292 0.727941 -1.543859 
-0.994389 -1.067228 31.289027 -0.171305 0.727869 -1.543851 
-0.994322 -1.067203 31.289024 -0.171304 0.727800 -1.543841 
-0.994254 -1.067173 31.289022 -0.171298 0.727734 -1.543832 
-0.994237 -1.067229 31.289004 -0.171358 0.727683 -1.543824 
-0.994239 -1.067226 31.289050 -0.171374 0.727679 -1.543834 
-0.994284 -1.067175 31.289044 -0.171378 0.727608 -1.543817 
-0.994290 -1.067188 31.289042 -0.171358 0.727592 -1.543857 
-0.994227 -1.067184 31.289066 -0.171320 0.727533 -1.543832 
-0.994161 -1.067176 31.289088 -0.171286 0.727475 -1.543811 
-0.994092 -1.067165 31.289106 -0.171254 0.727414 -1.543803 
-0.994062 -1.067202 31.289135 -0.171217 0.727355 -1.543758 
-0.994028 -1.067137 31.289143 -0.171228 0.727327 -1.543698 
-0.994025 -1.067094 31.289174 -0.171146 0.727348 -1.543692 
-0.994030 -1.067134 31.289189 -0.171246 0.727328 -1.543709 
-0.993944 -1.067155 31.289192 -0.171264 0.727365 -1.543686 
-0.993921 -1.067143 31.289186 -0.171260 0.727342 -1.543721 
-0.993879 -1.067120 31.289182 -0.171290 0.727260 -1.543711 
-0.993842 -1.067062 31.289162 -0.171341 0.727211 -1.543719 
-0.993799 -1.067082 31.289164 -0.171352 0.727124 -1.543726 
-0.993767 -1.067083 31.289176 -0.171381 0.727093 -1.543642 
-0.993737 -1.067028 31.289203 -0.171315 0.727063 -1.543637 
-0.993768 -1.067007 31.289288 -0.171336 0.727035 -1.543651 
-0.993774 -1.067021 31.289184 -0.171307 0.727041 -1.543626 
-0.993725 -1.066975 31.289181 -0.171256 0.726987 -1.543627 
-0.993670 -1.066935 31.289178 -0.171218 0.726927 -1.543608 
-0.993622 -1.066896 31.289172 -0.171185 0.726863 -1.543580 
-0.993678 -1.066892 31.289139 -0.171195 0.726813 -1.543524 
-0.993679 -1.066933 31.289151 -0.171172 0.726800 -1.543523 
-0.993677 -1.066838 31.289143 -0.171118 0.726803 -1.543494 
-0.993660 -1.066812 31.289109 -0.171110 0.726727 -1.543539 
-0.993601 -1.066796 31.289061 -0.171108 0.726665 -1.543531 
-0.993559 -1.066764 31.289067 -0.171119 0.726581 -1.543530 
-0.993519 -1.066731 31.289080 -0.171132 0.726497 -1.543529 
-0.993466 -1.066706 31.289060 -0.171138 0.726419 -1.543523 
-0.993416 -1.066678 31.289042 -0.171143 0.726339 -1.543523 
-0.993444 -1.066644 31.289077 -0.171145 0.726274 -1.543574 
-0.993405 -1.066600 31.289117 -0.171119 0.726236 -1.543521 
-0.993364 -1.066550 31.289104 -0.171071 0.726183 -1.543497 
-0.993308 -1.066512 31.289104 -0.171057 0.726118 -1.543465 
-0.993259 -1.066469 31.289099 -0.171036 0.726049 -1.543443 
-0.993253 -1.066420 31.289069 -0.170971 0.726002 -1.543462 
-0.993266 -1.066342 31.289047 -0.171007 0.726001 -1.543417 
-0.993200 -1.066296 31.289068 -0.171013 0.726038 -1.543457 
-0.993218 -1.066283 31.289111 -0.171005 0.726033 -1.543456 
-0.993161 -1.066252 31.289125 -0.170981 0.725993 -1.543397 
-0.993129 -1.066219 31.289133 -0.171016 0.725913 -1.543407 
-0.993095 -1.066181 31.289141 -0.171046 0.725833 -1.543414 
-0.993049 -1.066142 31.289153 -0.171062 0.725757 -1.543398 
-0.993047 -1.066089 31.289199 -0.171077 0.725689 -1.543410 
-0.992979 -1.066049 31.289172 -0.171110 0.725656 -1.543441 
-0.993008 -1.066006 31.289119 -0.171151 0.725625 -1.543398 
-0.992970 -1.066056 31.289193 -0.171148 0.725672 -1.543426 
-0.992950 -1.066090 31.289162 -0.171092 0.725576 -1.543464 
-0.992892 -1.066049 31.289169 -0.171028 0.725550 -1.543449 
-0.992842 -1.066002 31.289173 -0.170967 0.725517 -1.543467 
-0.992768 -1.066001 31.289209 -0.170964 0.725494 -1.543416 
-0.992722 -1.066028 31.289140 -0.170928 0.725523 -1.543401 
-0.992766 -1.066027 31.289237 -0.170940 0.725513 -1.543429 
-0.992808 -1.065984 31.289213 -0.170914 0.725446 -1.543358 
-0.992811 -1.065955 31.289220 -0.170910 0.725483 -1.543343 
-0.992778 -1.065942 31.289224 -0.170922 0.725363 -1.543375 
-0.992754 -1.065910 31.289235 -0.170946 0.725276 -1.543378 
-0.992730 -1.065876 31.289246 -0.170940 0.725187 -1.543394 
-0.992709 -1.065854 31.289258 -0.170987 0.725106 -1.543381 
-0.992694 -1.065823 31.289265 -0.170934 0.725037 -1.543415 
-0.992677 -1.065796 31.289276 -0.170916 0.724946 -1.543430 
-0.992658 -1.065781 31.289287 -0.170975 0.724873 -1.543409 
-0.992627 -1.065779 31.289312 -0.170961 0.724881 -1.543382 
-0.992601 -1.065686 31.289329 -0.170945 0.724893 -1.543387 
-0.992587 -1.065697 31.289406 -0.170960 0.724899 -1.543446 
-0.992563 -1.065693 31.289305 -0.170952 0.724897 -1.543406 
-0.992492 -1.065670 31.289312 -0.170892 0.724870 -1.543392 
-0.992409 -1.065636 31.289321 -0.170876 0.724889 -1.543356 
-0.992367 -1.065588 31.289303 -0.170851 0.724823 -1.543380 
-0.992340 -1.065556 31.289279 -0.170772 0.724829 -1.543419 
-0.992375 -1.065588 31.289264 -0.170845 0.724819 -1.543351 
-0.992316 -1.065627 31.289317 -0.170855 0.724750 -1.543362 
-0.992336 -1.065584 31.289368 -0.170836 0.724702 -1.543312 
-0.992296 -1.065542 31.289374 -0.170885 0.724638 -1.543297 
-0.992332 -1.065540 31.289371 -0.170904 0.724551 -1.543325 
-0.992283 -1.065525 31.289401 -0.170935 0.724492 -1.543281 
-0.992305 -1.065559 31.289433 -0.170932 0.724407 -1.543267 
-0.992294 -1.065556 31.289469 -0.170931 0.724411 -1.543299 
-0.992249 -1.065513 31.289448 -0.170869 0.724373 -1.543319 
-0.992212 -1.065440 31.289441 -0.170837 0.724330 -1.543336 
-0.992200 -1.065430 31.289388 -0.170789 0.724268 -1.543305 
-0.992125 -1.065438 31.289355 -0.170789 0.724236 -1.543351 
-0.992059 -1.065420 31.289377 -0.170721 0.724231 -1.543336 
-0.992074 -1.065398 31.289349 -0.170659 0.724212 -1.543403 
-0.992066 -1.065436 31.289408 -0.170721 0.724197 -1.543344 
-0.992022 -1.065391 31.289411 -0.170742 0.724124 -1.543328 
-0.991968 -1.065375 31.289408 -0.170754 0.724044 -1.543308 
-0.991908 -1.065343 31.289424 -0.170776 0.723977 -1.543305 
-0.991861 -1.065349 31.289407 -0.170776 0.723896 -1.543274 
-0.991864 -1.065287 31.289429 -0.170770 0.723836 -1.543229 
-0.991882 -1.065264 31.289399 -0.170836 0.723776 -1.543241 
-0.991855 -1.065294 31.289435 -0.170799 0.723854 -1.543195 
-0.991809 -1.065231 31.289377 -0.170740 0.723850 -1.543220 
-0.991746 -1.065209 31.289412 -0.170689 0.723810 -1.543213 
-0.991748 -1.065210 31.289386 -0.170616 0.723773 -1.543161 
-0.991771 -1.065173 31.289406 -0.170613 0.723780 -1.543151 
-0.991677 -1.065178 31.289407 -0.170572 0.723780 -1.543200 
-0.991761 -1.065196 31.289372 -0.170618 0.723740 -1.543189 
-0.991726 -1.065167 31.289364 -0.170673 0.723679 -1.543156 
-0.991730 -1.065188 31.289418 -0.170693 0.723600 -1.543156 
-0.991724 -1.065159 31.289387 -0.170744 0.723526 -1.543149 
-0.991756 -1.065194 31.289437 -0.170741 0.723457 -1.543174 
-0.991723 -1.065158 31.289375 -0.170706 0.723508 -1.543124 
-0.991649 -1.065116 31.289397 -0.170675 0.723486 -1.543154 
-0.991567 -1.065156 31.289392 -0.170674 0.723464 -1.543119 
-0.991535 -1.065104 31.289436 -0.170666 0.723446 -1.543057 
-0.991470 -1.065068 31.289412 -0.170620 0.723405 -1.543051 
-0.991423 -1.065077 31.289447 -0.170544 0.723432 -1.543047 
-0.991484 -1.065084 31.289433 -0.170608 0.723367 -1.543057 
-0.991444 -1.065057 31.289439 -0.170663 0.723302 -1.543077 
-0.991441 -1.065047 31.289397 -0.170683 0.723228 -1.543030 
-0.991476 -1.064966 31.289393 -0.170673 0.723192 -1.543059 
-0.991465 -1.064991 31.289332 -0.170674 0.723157 -1.543126 
-0.991432 -1.064982 31.289334 -0.170638 0.723152 -1.543123 
-0.991368 -1.064950 31.289358 -0.170623 0.723088 -1.543118 
-0.991335 -1.064925 31.289341 -0.170583 0.723020 -1.543076 
-0.991262 -1.064867 31.289312 -0.170591 0.723010 -1.543058 
-0.991203 -1.064831 31.289330 -0.170551 0.722952 -1.543055 
-0.991171 -1.064820 31.289322 -0.170589 0.722867 -1.543047 
-0.991128 -1.064799 31.289294 -0.170591 0.722784 -1.543041 
-0.991070 -1.064766 31.289307 -0.170567 0.722715 -1.543037 
-0.991014 -1.064735 31.289311 -0.170544 0.722642 -1.543032 
-0.990960 -1.064705 31.289304 -0.170528 0.722565 -1.543027 
-0.990891 -1.064656 31.289296 -0.170496 0.722526 -1.543018 
-0.990866 -1.064640 31.289218 -0.170523 0.722479 -1.543009 
-0.990796 -1.064691 31.289219 -0.170535 0.722445 -1.542974 
-0.990771 -1.064652 31.289226 -0.170557 0.722366 -1.542941 
-0.990719 -1.064634 31.289230 -0.170587 0.722305 -1.542990 
-0.990692 -1.064624 31.289210 -0.170559 0.722216 -1.542984 
-0.990659 -1.064609 31.289190 -0.170537 0.722128 -1.542976 
-0.990621 -1.064591 31.289172 -0.170522 0.722040 -1.542971 
-0.990566 -1.064565 31.289165 -0.170540 0.721966 -1.542991 
-0.990533 -1.064547 31.289144 -0.170519 0.721880 -1.542976 
-0.990492 -1.064525 31.289125 -0.170507 0.721795 -1.542966 
-0.990445 -1.064501 31.289109 -0.170505 0.721711 -1.542966 
-0.990458 -1.064504 31.289082 -0.170445 0.721661 -1.542911 
-0.990477 -1.064532 31.289070 -0.170450 0.721568 -1.542908 
-0.990452 -1.064562 31.289098 -0.170446 0.721568 -1.542894 
-0.990441 -1.064518 31.289156 -0.170386 0.721540 -1.542907 
-0.990382 -1.064524 31.289131 -0.170315 0.721527 -1.542933 
-0.990323 -1.064480 31.289144 -0.170278 0.721498 -1.542886 
-0.990314 -1.064481 31.289172 -0.170185 0.721486 -1.542865 
-0.990332 -1.064494 31.289138 -0.170282 0.721452 -1.542885 
-0.990276 -1.064476 31.289164 -0.170309 0.721403 -1.542937 
-0.990293 -1.064403 31.289114 -0.170300 0.721372 -1.542965 
-0.990269 -1.064423 31.289079 -0.170290 0.721376 -1.542973 
-0.990221 -1.064406 31.289062 -0.170339 0.721312 -1.542949 
-0.990200 -1.064413 31.289050 -0.170385 0.721238 -1.542992 
-0.990155 -1.064394 31.289071 -0.170323 0.721185 -1.542972 
-0.990079 -1.064346 31.289087 -0.170296 0.721159 -1.542957 
-0.990040 -1.064322 31.289082 -0.170255 0.721096 -1.542909 
-0.989996 -1.064310 31.289112 -0.170207 0.721042 -1.542951 
-0.989921 -1.064270 31.289116 -0.170212 0.720992 -1.542944 
-0.989864 -1.064249 31.289115 -0.170220 0.720913 -1.542940 
-0.989811 -1.064235 31.289113 -0.170240 0.720832 -1.542945 
-0.989752 -1.064215 31.289113 -0.170256 0.720755 -1.542946 
-0.989673 -1.064157 31.289126 -0.170258 0.720770 -1.542941 
-0.989671 -1.064143 31.289093 -0.170263 0.720753 -1.542850 
-0.989659 -1.064170 31.289129 -0.170268 0.720755 -1.542832 
-0.989715 -1.064082 31.289149 -0.170251 0.720722 -1.542841 
-0.989707 -1.064089 31.289148 -0.170202 0.720716 -1.542839 
-0.989668 -1.064051 31.289162 -0.170206 0.720634 -1.542833 
-0.989630 -1.064018 31.289175 -0.170211 0.720549 -1.542830 
-0.989591 -1.063986 31.289187 -0.170218 0.720463 -1.542827 
-0.989551 -1.063954 31.289200 -0.170206 0.720379 -1.542823 
-0.989529 -1.063905 31.289224 -0.170230 0.720302 -1.542817 
-0.989503 -1.063863 31.289249 -0.170181 0.720236 -1.542805 
-0.989496 -1.063801 31.289289 -0.170152 0.720177 -1.542789 
-0.989480 -1.063717 31.289337 -0.170150 0.720185 -1.542773 
-0.989527 -1.063736 31.289411 -0.170144 0.720142 -1.542772 
-0.989523 -1.063746 31.289411 -0.170150 0.720143 -1.542724 
-0.989593 -1.063691 31.289367 -0.170134 0.720105 -1.542758 
-0.989585 -1.063688 31.289365 -0.170179 0.720084 -1.542763 
-0.989559 -1.063677 31.289366 -0.170073 0.720035 -1.542757 
-0.989550 -1.063651 31.289374 -0.169999 0.719974 -1.542755 
-0.989521 -1.063626 31.289375 -0.170006 0.719883 -1.542761 
-0.989514 -1.063659 31.289348 -0.169981 0.719797 -1.542773 
-0.989459 -1.063610 31.289305 -0.169960 0.719751 -1.542774 
-0.989442 -1.063557 31.289302 -0.169943 0.719669 -1.542773 
-0.989424 -1.063520 31.289280 -0.169911 0.719587 -1.542775 
-0.989390 -1.063485 31.289289 -0.169888 0.719532 -1.542839 
-0.989343 -1.063458 31.289297 -0.169865 0.719455 -1.542817 
-0.989311 -1.063419 31.289283 -0.169858 0.719370 -1.542808 
-0.989279 -1.063377 31.289272 -0.169866 0.719287 -1.542800 
-0.989243 -1.063342 31.289263 -0.169850 0.719203 -1.542787 
-0.989213 -1.063300 31.289248 -0.169842 0.719119 -1.542793 
-0.989173 -1.063288 31.289248 -0.169794 0.719052 -1.542757 
-0.989148 -1.063206 31.289284 -0.169783 0.719024 -1.542732 
-0.989174 -1.063210 31.289345 -0.169790 0.718950 -1.542725 
-0.989100 -1.063186 31.289358 -0.169802 0.718891 -1.542711 
-0.989051 -1.063147 31.289353 -0.169809 0.718821 -1.542679 
-0.988990 -1.063109 31.289365 -0.169793 0.718754 -1.542680 
-0.988927 -1.063072 31.289378 -0.169778 0.718688 -1.542675 
-0.988865 -1.063035 31.289391 -0.169766 0.718622 -1.542667 
-0.988799 -1.063003 31.289415 -0.169741 0.718564 -1.542675 
-0.988743 -1.062964 31.289418 -0.169734 0.718493 -1.542663 
-0.988671 -1.062941 31.289457 -0.169705 0.718448 -1.542664 
-0.988619 -1.062901 31.289454 -0.169707 0.718376 -1.542641 
-0.988562 -1.062863 31.289458 -0.169705 0.718307 -1.542619 
-0.988490 -1.062841 31.289496 -0.169680 0.718261 -1.542607 
-0.988460 -1.062791 31.289496 -0.169709 0.718212 -1.542665 
-0.988431 -1.062838 31.289457 -0.169693 0.718146 -1.542693 
-0.988374 -1.062808 31.289392 -0.169671 0.718179 -1.542700 
-0.988453 -1.062820 31.289455 -0.169654 0.718137 -1.542700 
-0.988407 -1.062824 31.289463 -0.169710 0.718052 -1.542695 
-0.988372 -1.062824 31.289490 -0.169718 0.717970 -1.542731 
-0.988394 -1.062814 31.289454 -0.169761 0.717894 -1.542751 
-0.988370 -1.062865 31.289472 -0.169699 0.717960 -1.542722 
-0.988329 -1.062856 31.289510 -0.169681 0.717907 -1.542660 
-0.988285 -1.062898 31.289573 -0.169711 0.717875 -1.542642 
-0.988195 -1.062879 31.289536 -0.169700 0.717864 -1.542642 
-0.988152 -1.062856 31.289552 -0.169631 0.717812 -1.542645 
-0.988097 -1.062831 31.289550 -0.169582 0.717766 -1.542604 
-0.988028 -1.062843 31.289580 -0.169550 0.717728 -1.542645 
-0.988062 -1.062856 31.289653 -0.169531 0.717684 -1.542612 
-0.988080 -1.062928 31.289614 -0.169481 0.717667 -1.542603 
-0.988053 -1.062860 31.289670 -0.169510 0.717723 -1.542603 
-0.988086 -1.062800 31.289646 -0.169533 0.717607 -1.542632 
-0.988069 -1.062791 31.289645 -0.169590 0.717530 -1.542609 
-0.988104 -1.062803 31.289669 -0.169639 0.717491 -1.542673 
-0.988109 -1.062788 31.289649 -0.169600 0.717538 -1.542583 
-0.988055 -1.062746 31.289564 -0.169620 0.717516 -1.542617 
-0.988020 -1.062692 31.289580 -0.169602 0.717446 -1.542597 
-0.987958 -1.062641 31.289612 -0.169645 0.717432 -1.542574 
-0.987916 -1.062641 31.289598 -0.169634 0.717349 -1.542543 
-0.987877 -1.062602 31.289593 -0.169605 0.717272 -1.542530 
-0.987844 -1.062558 31.289599 -0.169567 0.717199 -1.542521 
-0.987810 -1.062515 31.289603 -0.169530 0.717124 -1.542510 
-0.987764 -1.062514 31.289582 -0.169525 0.717044 -1.542480 
-0.987709 -1.062483 31.289582 -0.169523 0.716971 -1.542454 
-0.987667 -1.062452 31.289575 -0.169499 0.716891 -1.542435 
-0.987619 -1.062420 31.289572 -0.169484 0.716814 -1.542413 
-0.987552 -1.062392 31.289588 -0.169523 0.716772 -1.542378 
-0.987514 -1.062360 31.289548 -0.169512 0.716697 -1.542364 
-0.987476 -1.062327 31.289558 -0.169477 0.716621 -1.542349 
-0.987439 -1.062296 31.289569 -0.169441 0.716544 -1.542333 
-0.987400 -1.062262 31.289551 -0.169418 0.716465 -1.542318 
-0.987357 -1.062223 31.289577 -0.169388 0.716395 -1.542300 
-0.987304 -1.062185 31.289575 -0.169383 0.716323 -1.542277 
-0.987244 -1.062149 31.289581 -0.169392 0.716258 -1.542250 
-0.987208 -1.062111 31.289578 -0.169357 0.716181 -1.542238 
-0.987167 -1.062073 31.289570 -0.169333 0.716104 -1.542222 
-0.987112 -1.062036 31.289566 -0.169332 0.716033 -1.542198 
-0.987070 -1.061999 31.289552 -0.169311 0.715956 -1.542182 
-0.987016 -1.061962 31.289541 -0.169314 0.715885 -1.542158 
-0.986977 -1.061926 31.289519 -0.169291 0.715808 -1.542144 
-0.986940 -1.061890 31.289497 -0.169267 0.715730 -1.542131 
-0.986878 -1.061855 31.289500 -0.169282 0.715667 -1.542102 
-0.986834 -1.061824 31.289458 -0.169285 0.715597 -1.542084 
-0.986754 -1.061811 31.289448 -0.169256 0.715548 -1.542079 
-0.986741 -1.061773 31.289447 -0.169253 0.715473 -1.542026 
-0.986727 -1.061705 31.289454 -0.169264 0.715402 -1.542034 
-0.986696 -1.061649 31.289479 -0.169253 0.715332 -1.542020 
-0.986680 -1.061594 31.289470 -0.169235 0.715253 -1.542013 
-0.986643 -1.061546 31.289505 -0.169217 0.715187 -1.541990 
-0.986603 -1.061490 31.289506 -0.169240 0.715121 -1.541971 
-0.986584 -1.061442 31.289500 -0.169209 0.715042 -1.541958 
-0.986547 -1.061402 31.289530 -0.169178 0.714976 -1.541930 
-0.986515 -1.061352 31.289531 -0.169166 0.714900 -1.541908 
-0.986457 -1.061324 31.289583 -0.169168 0.714862 -1.541867 
-0.986454 -1.061340 31.289609 -0.169177 0.714768 -1.541879 
-0.986453 -1.061293 31.289631 -0.169165 0.714685 -1.541865 
-0.986411 -1.061264 31.289616 -0.169168 0.714601 -1.541854 
-0.986367 -1.061211 31.289636 -0.169162 0.714541 -1.541820 
-0.986358 -1.061156 31.289648 -0.169149 0.714461 -1.541802 
-0.986299 -1.061124 31.289677 -0.169115 0.714420 -1.541844 
-0.986244 -1.061111 31.289697 -0.169071 0.714354 -1.541829 
-0.986187 -1.061072 31.289726 -0.169070 0.714288 -1.541835 
-0.986137 -1.061030 31.289752 -0.169063 0.714218 -1.541838 
-0.986102 -1.060993 31.289770 -0.169028 0.714142 -1.541827 
-0.986058 -1.060947 31.289794 -0.169019 0.714069 -1.541828 
-0.986042 -1.060909 31.289804 -0.168974 0.713993 -1.541810 
-0.985975 -1.060857 31.289794 -0.168941 0.713951 -1.541811 
-0.985945 -1.060821 31.289869 -0.168907 0.713919 -1.541802 
-0.985918 -1.060835 31.289860 -0.168896 0.713835 -1.541843 
-0.985877 -1.060839 31.289850 -0.168914 0.713752 -1.541811 
-0.985848 -1.060822 31.289836 -0.168929 0.713660 -1.541800 
-0.985800 -1.060856 31.289820 -0.168895 0.713595 -1.541771 
-0.985722 -1.060873 31.289835 -0.168946 0.713571 -1.541789 
-0.985754 -1.060922 31.289878 -0.168977 0.713512 -1.541775 
-0.985764 -1.060943 31.289838 -0.168993 0.713511 -1.541787 
-0.985715 -1.060883 31.289881 -0.168994 0.713480 -1.541699 
-0.985672 -1.060842 31.289906 -0.168964 0.713411 -1.541712 
-0.985616 -1.060814 31.289939 -0.168928 0.713350 -1.541712 
-0.985553 -1.060788 31.289973 -0.168899 0.713296 -1.541689 
-0.985515 -1.060749 31.289966 -0.168884 0.713216 -1.541705 
-0.985477 -1.060727 31.289983 -0.168862 0.713133 -1.541724 
-0.985431 -1.060681 31.289970 -0.168859 0.713060 -1.541707 
-0.985371 -1.060643 31.289984 -0.168834 0.712997 -1.541695 
-0.985318 -1.060608 31.289999 -0.168816 0.712925 -1.541681 
-0.985303 -1.060583 31.289989 -0.168840 0.712835 -1.541661 
-0.985236 -1.060560 31.289977 -0.168857 0.712769 -1.541672 
-0.985211 -1.060544 31.289999 -0.168841 0.712678 -1.541688 
-0.985172 -1.060526 31.290025 -0.168839 0.712593 -1.541677 
-0.985143 -1.060468 31.290005 -0.168779 0.712550 -1.541683 
-0.985126 -1.060511 31.289953 -0.168736 0.712495 -1.541663 
-0.985120 -1.060459 31.289928 -0.168723 0.712417 -1.541682 
-0.985063 -1.060439 31.289942 -0.168673 0.712367 -1.541715 
-0.985084 -1.060414 31.289979 -0.168607 0.712314 -1.541695 
-0.985012 -1.060368 31.289956 -0.168597 0.712281 -1.541664 
-0.984968 -1.060322 31.289908 -0.168551 0.712254 -1.541692 
-0.984919 -1.060330 31.289929 -0.168583 0.712176 -1.541692 
-0.984855 -1.060371 31.289941 -0.168583 0.712115 -1.541672 
-0.984810 -1.060330 31.289992 -0.168621 0.712069 -1.541686 
-0.984802 -1.060301 31.289985 -0.168672 0.711990 -1.541670 
-0.984825 -1.060308 31.290026 -0.168654 0.711919 -1.541719 
-0.984787 -1.060328 31.290006 -0.168718 0.711907 -1.541779 
-0.984843 -1.060332 31.290052 -0.168679 0.711926 -1.541705 
-0.984775 -1.060248 31.290039 -0.168632 0.711867 -1.541699 
-0.984706 -1.060207 31.290026 -0.168648 0.711818 -1.541728 
-0.984669 -1.060235 31.289990 -0.168614 0.711754 -1.541694 
-0.984655 -1.060176 31.289959 -0.168593 0.711685 -1.541678 
-0.984592 -1.060144 31.289966 -0.168538 0.711641 -1.541677 
-0.984540 -1.060118 31.289989 -0.168542 0.711572 -1.541642 
-0.984488 -1.060095 31.289998 -0.168530 0.711492 -1.541631 
-0.984433 -1.060069 31.290001 -0.168500 0.711418 -1.541631 
-0.984382 -1.060045 31.290007 -0.168485 0.711338 -1.541624 
-0.984327 -1.060018 31.290004 -0.168435 0.711277 -1.541635 
-0.984268 -1.059987 31.290005 -0.168456 0.711233 -1.541579 
-0.984279 -1.059974 31.290054 -0.168430 0.711173 -1.541523 
-0.984263 -1.059903 31.290106 -0.168462 0.711159 -1.541551 
-0.984198 -1.059935 31.290166 -0.168482 0.711133 -1.541554 
-0.984164 -1.059899 31.290174 -0.168515 0.711054 -1.541548 
-0.984121 -1.059854 31.290188 -0.168541 0.710982 -1.541534 
-0.984055 -1.059815 31.290226 -0.168552 0.710936 -1.541512 
-0.984043 -1.059792 31.290277 -0.168553 0.710854 -1.541512 
-0.984023 -1.059770 31.290311 -0.168620 0.710808 -1.541475 
-0.984045 -1.059769 31.290291 -0.168569 0.710869 -1.541547 
-0.983983 -1.059794 31.290250 -0.168518 0.710793 -1.541539 
-0.983975 -1.059727 31.290233 -0.168460 0.710757 -1.541517 
-0.983924 -1.059727 31.290272 -0.168392 0.710723 -1.541512 
-0.983948 -1.059723 31.290242 -0.168360 0.710639 -1.541533 
-0.983905 -1.059698 31.290175 -0.168332 0.710592 -1.541530 
-0.983941 -1.059630 31.290169 -0.168286 0.710579 -1.541487 
-0.983915 -1.059705 31.290160 -0.168301 0.710617 -1.541554 
-0.983877 -1.059639 31.290200 -0.168365 0.710549 -1.541578 
-0.983843 -1.059622 31.290212 -0.168402 0.710466 -1.541571 
-0.983808 -1.059593 31.290219 -0.168423 0.710385 -1.541600 
-0.983749 -1.059640 31.290163 -0.168434 0.710353 -1.541591 
-0.983784 -1.059614 31.290112 -0.168506 0.710338 -1.541595 
-0.983720 -1.059608 31.290158 -0.168438 0.710373 -1.541578 
-0.983654 -1.059611 31.290219 -0.168451 0.710336 -1.541559 
-0.983647 -1.059578 31.290207 -0.168395 0.710281 -1.541508 
-0.983592 -1.059545 31.290207 -0.168337 0.710236 -1.541532 
-0.983540 -1.059540 31.290217 -0.168283 0.710210 -1.541473 
-0.983531 -1.059486 31.290201 -0.168322 0.710138 -1.541467 
-0.983553 -1.059410 31.290249 -0.168322 0.710101 -1.541466 
-0.983572 -1.059429 31.290254 -0.168325 0.710006 -1.541479 
-0.983576 -1.059375 31.290201 -0.168329 0.709940 -1.541481 
-0.983522 -1.059354 31.290222 -0.168382 0.709885 -1.541498 
-0.983551 -1.059351 31.290225 -0.168437 0.709852 -1.541427 
-0.983496 -1.059354 31.290228 -0.168352 0.709875 -1.541468 
-0.983458 -1.059329 31.290242 -0.168291 0.709814 -1.541484 
-0.983401 -1.059372 31.290186 -0.168273 0.709776 -1.541491 
-0.983333 -1.059307 31.290169 -0.168245 0.709781 -1.541485 
-0.983269 -1.059331 31.290229 -0.168210 0.709761 -1.541491 
-0.983260 -1.059324 31.290236 -0.168244 0.709732 -1.541474 
-0.983257 -1.059299 31.290229 -0.168240 0.709652 -1.541421 
-0.983240 -1.059264 31.290225 -0.168275 0.709577 -1.541461 
-0.983197 -1.059243 31.290216 -0.168328 0.709513 -1.541433 
-0.983183 -1.059217 31.290225 -0.168293 0.709425 -1.541446 
-0.983128 -1.059215 31.290271 -0.168287 0.709368 -1.541486 
-0.983148 -1.059148 31.290336 -0.168295 0.709340 -1.541479 
-0.983184 -1.059198 31.290362 -0.168315 0.709269 -1.541487 
-0.983160 -1.059133 31.290317 -0.168314 0.709338 -1.541517 
-0.983081 -1.059112 31.290335 -0.168246 0.709302 -1.541460 
-0.982995 -1.059086 31.290345 -0.168260 0.709279 -1.541427 
-0.982935 -1.059063 31.290375 -0.168191 0.709265 -1.541429 
-0.982932 -1.059018 31.290331 -0.168166 0.709230 -1.541365 
-0.982929 -1.059057 31.290341 -0.168167 0.709138 -1.541368 
-0.982886 -1.059114 31.290274 -0.168148 0.709143 -1.541371 
-0.982925 -1.059032 31.290321 -0.168174 0.709127 -1.541403 
-0.982895 -1.059004 31.290336 -0.168188 0.709038 -1.541402 
-0.982895 -1.058979 31.290346 -0.168171 0.708943 -1.541413 
-0.982864 -1.058918 31.290335 -0.168181 0.708879 -1.541382 
-0.982871 -1.058900 31.290320 -0.168237 0.708801 -1.541367 
-0.982892 -1.058873 31.290355 -0.168248 0.708810 -1.541371 
-0.982791 -1.058881 31.290327 -0.168199 0.708761 -1.541377 
-0.982761 -1.058829 31.290282 -0.168147 0.708730 -1.541402 
-0.982725 -1.058817 31.290283 -0.168082 0.708685 -1.541354 
-0.982640 -1.058777 31.290254 -0.168084 0.708689 -1.541336 
-0.982591 -1.058787 31.290257 -0.168039 0.708632 -1.541383 
-0.982590 -1.058825 31.290174 -0.168038 0.708594 -1.541366 
-0.982597 -1.058804 31.290181 -0.168066 0.708559 -1.541362 
-0.982596 -1.058746 31.290165 -0.168059 0.708480 -1.541356 
-0.982564 -1.058742 31.290180 -0.168082 0.708395 -1.541325 
-0.982540 -1.058713 31.290163 -0.168128 0.708322 -1.541355 
-0.982603 -1.058735 31.290187 -0.168112 0.708254 -1.541362 
-0.982553 -1.058727 31.290123 -0.168139 0.708320 -1.541334 
-0.982517 -1.058640 31.290200 -0.168143 0.708303 -1.541307 
-0.982447 -1.058623 31.290194 -0.168087 0.708263 -1.541304 
-0.982361 -1.058622 31.290218 -0.168068 0.708223 -1.541297 
-0.982312 -1.058562 31.290206 -0.168017 0.708195 -1.541319 
-0.982292 -1.058566 31.290235 -0.167942 0.708215 -1.541266 
-0.982335 -1.058566 31.290234 -0.168005 0.708165 -1.541331 
-0.982334 -1.058566 31.290185 -0.168014 0.708084 -1.541298 
-0.982310 -1.058620 31.290148 -0.167988 0.708051 -1.541356 
-0.982275 -1.058630 31.290174 -0.168008 0.708040 -1.541352 
-0.982252 -1.058585 31.290180 -0.168045 0.707965 -1.541371 
-0.982211 -1.058573 31.290200 -0.168022 0.707887 -1.541335 
-0.982184 -1.058575 31.290219 -0.168032 0.707800 -1.541301 
-0.982123 -1.058560 31.290241 -0.167993 0.707741 -1.541327 
-0.982045 -1.058532 31.290235 -0.167970 0.707691 -1.541326 
-0.981995 -1.058493 31.290281 -0.167938 0.707637 -1.541330 
-0.981940 -1.058488 31.290283 -0.167934 0.707566 -1.541375 
-0.981889 -1.058519 31.290293 -0.167892 0.707500 -1.541371 
-0.981830 -1.058486 31.290296 -0.167897 0.707427 -1.541380 
-0.981768 -1.058462 31.290303 -0.167891 0.707354 -1.541369 
-0.981707 -1.058438 31.290310 -0.167885 0.707279 -1.541360 
-0.981647 -1.058411 31.290320 -0.167880 0.707205 -1.541356 
-0.981594 -1.058367 31.290327 -0.167895 0.707137 -1.541375 
-0.981531 -1.058339 31.290325 -0.167894 0.707068 -1.541354 
-0.981472 -1.058317 31.290339 -0.167886 0.706992 -1.541357 
-0.981412 -1.058308 31.290330 -0.167870 0.706932 -1.541307 
-0.981326 -1.058324 31.290361 -0.167902 0.706915 -1.541312 
-0.981279 -1.058291 31.290335 -0.167874 0.706844 -1.541328 
-0.981261 -1.058266 31.290366 -0.167853 0.706757 -1.541322 
-0.981234 -1.058240 31.290398 -0.167837 0.706672 -1.541332 
-0.981193 -1.058209 31.290391 -0.167812 0.706592 -1.541345 
-0.981153 -1.058176 31.290382 -0.167785 0.706512 -1.541358 
-0.981114 -1.058152 31.290408 -0.167771 0.706429 -1.541372 
-0.981074 -1.058127 31.290430 -0.167756 0.706346 -1.541384 
-0.981030 -1.058097 31.290424 -0.167731 0.706265 -1.541390 
-0.980986 -1.058073 31.290444 -0.167716 0.706183 -1.541396 
-0.980940 -1.058048 31.290456 -0.167698 0.706100 -1.541400 
-0.980919 -1.058053 31.290452 -0.167645 0.706034 -1.541353 
-0.980897 -1.058039 31.290430 -0.167594 0.705978 -1.541409 
-0.980894 -1.057958 31.290416 -0.167598 0.705926 -1.541388 
-0.980904 -1.057984 31.290373 -0.167651 0.705858 -1.541387 
-0.980822 -1.057955 31.290352 -0.167660 0.705816 -1.541372 
-0.980779 -1.057921 31.290374 -0.167667 0.705736 -1.541366 
-0.980733 -1.057882 31.290373 -0.167667 0.705657 -1.541353 
-0.980674 -1.057851 31.290308 -0.167658 0.705632 -1.541329 
-0.980618 -1.057797 31.290293 -0.167690 0.705587 -1.541354 
-0.980577 -1.057772 31.290300 -0.167724 0.705554 -1.541280 
-0.980510 -1.057798 31.290292 -0.167693 0.705493 -1.541290 
-0.980484 -1.057798 31.290255 -0.167670 0.705406 -1.541292 
-0.980431 -1.057769 31.290251 -0.167612 0.705353 -1.541293 
-0.980374 -1.057746 31.290242 -0.167559 0.705295 -1.541295 
-0.980339 -1.057744 31.290208 -0.167533 0.705212 -1.541298 
-0.980281 -1.057731 31.290189 -0.167489 0.705148 -1.541301 
-0.980296 -1.057762 31.290138 -0.167517 0.705075 -1.541305 
-0.980315 -1.057760 31.290210 -0.167520 0.705012 -1.541323 
-0.980308 -1.057761 31.290219 -0.167529 0.705006 -1.541276 
-0.980345 -1.057807 31.290215 -0.167453 0.704990 -1.541254 
-0.980334 -1.057722 31.290207 -0.167521 0.704999 -1.541268 
-0.980293 -1.057704 31.290196 -0.167530 0.704911 -1.541260 
-0.980253 -1.057687 31.290184 -0.167540 0.704823 -1.541253 
-0.980258 -1.057647 31.290167 -0.167560 0.704736 -1.541238 
-0.980200 -1.057593 31.290198 -0.167508 0.704728 -1.541232 
-0.980138 -1.057562 31.290137 -0.167473 0.704735 -1.541213 
-0.980157 -1.057593 31.290136 -0.167389 0.704701 -1.541195 
-0.980163 -1.057585 31.290125 -0.167379 0.704696 -1.541241 
-0.980083 -1.057550 31.290158 -0.167352 0.704674 -1.541246 
-0.980098 -1.057462 31.290165 -0.167316 0.704695 -1.541228 
-0.980090 -1.057535 31.290146 -0.167367 0.704632 -1.541240 
-0.980046 -1.057521 31.290106 -0.167382 0.704555 -1.541230 
-0.980036 -1.057509 31.290143 -0.167406 0.704467 -1.541236 
-0.980055 -1.057493 31.290103 -0.167412 0.704408 -1.541302 
-0.980068 -1.057510 31.290102 -0.167371 0.704392 -1.541291 
-0.980074 -1.057515 31.290086 -0.167402 0.704324 -1.541226 
-0.980062 -1.057426 31.290096 -0.167365 0.704310 -1.541208 
-0.979985 -1.057401 31.290116 -0.167332 0.704266 -1.541209 
-0.979942 -1.057357 31.290165 -0.167299 0.704214 -1.541208 
-0.979874 -1.057312 31.290156 -0.167256 0.704180 -1.541195 
-0.979824 -1.057339 31.290177 -0.167272 0.704106 -1.541169 
-0.979795 -1.057308 31.290208 -0.167266 0.704030 -1.541133 
-0.979738 -1.057287 31.290192 -0.167255 0.703965 -1.541090 
-0.979692 -1.057281 31.290190 -0.167221 0.703894 -1.541052 
-0.979635 -1.057237 31.290179 -0.167257 0.703835 -1.541052 
-0.979565 -1.057201 31.290196 -0.167287 0.703813 -1.541006 
-0.979565 -1.057180 31.290163 -0.167333 0.703748 -1.540961 
-0.979557 -1.057089 31.290143 -0.167297 0.703742 -1.540956 
-0.979479 -1.057068 31.290089 -0.167290 0.703722 -1.540967 
-0.979433 -1.057016 31.290119 -0.167290 0.703659 -1.540985 
-0.979389 -1.056947 31.290133 -0.167330 0.703630 -1.541013 
-0.979342 -1.056915 31.290155 -0.167289 0.703566 -1.540989 
-0.979272 -1.056878 31.290143 -0.167260 0.703520 -1.540964 
-0.979239 -1.056818 31.290188 -0.167255 0.703464 -1.540951 
-0.979221 -1.056777 31.290195 -0.167225 0.703383 -1.540973 
-0.979190 -1.056724 31.290208 -0.167207 0.703308 -1.540987 
-0.979153 -1.056663 31.290259 -0.167212 0.703267 -1.540963 
-0.979096 -1.056623 31.290259 -0.167177 0.703207 -1.540944 
-0.979038 -1.056563 31.290259 -0.167183 0.703155 -1.540961 
-0.979005 -1.056506 31.290269 -0.167174 0.703084 -1.540983 
-0.978966 -1.056445 31.290283 -0.167170 0.703019 -1.540997 
-0.978900 -1.056384 31.290285 -0.167181 0.702976 -1.541007 
-0.978873 -1.056365 31.290253 -0.167136 0.702904 -1.541030 
-0.978844 -1.056323 31.290263 -0.167098 0.702827 -1.541028 
-0.978787 -1.056266 31.290264 -0.167092 0.702769 -1.541036 
-0.978773 -1.056223 31.290300 -0.167057 0.702699 -1.541015 
-0.978717 -1.056162 31.290313 -0.167054 0.702644 -1.541016 
-0.978647 -1.056162 31.290288 -0.167011 0.702630 -1.540966 
-0.978715 -1.056143 31.290322 -0.167023 0.702671 -1.541034 
-0.978691 -1.056186 31.290354 -0.167093 0.702576 -1.541047 
-0.978704 -1.056151 31.290344 -0.167146 0.702501 -1.541044 
-0.978645 -1.056173 31.290335 -0.167159 0.702435 -1.541006 
-0.978606 -1.056149 31.290367 -0.167175 0.702360 -1.541037 
-0.978615 -1.056092 31.290335 -0.167207 0.702296 -1.541013 
-0.978597 -1.056073 31.290404 -0.167256 0.702312 -1.540970 
-0.978589 -1.056086 31.290315 -0.167234 0.702316 -1.541031 
-0.978631 -1.056148 31.290342 -0.167215 0.702220 -1.541040 
-0.978582 -1.056108 31.290323 -0.167195 0.702288 -1.540985 
-0.978534 -1.056073 31.290328 -0.167121 0.702259 -1.540982 
-0.978499 -1.056050 31.290311 -0.167041 0.702234 -1.540951 
-0.978416 -1.056033 31.290291 -0.167052 0.702227 -1.540999 
-0.978406 -1.056005 31.290302 -0.167060 0.702258 -1.540978 
-0.978384 -1.056044 31.290367 -0.167052 0.702173 -1.540989 
-0.978367 -1.056096 31.290403 -0.167005 0.702226 -1.541015 
-0.978403 -1.056015 31.290382 -0.167038 0.702171 -1.541019 
-0.978388 -1.055987 31.290373 -0.167045 0.702077 -1.541010 
-0.978386 -1.055974 31.290379 -0.167103 0.701999 -1.541025 
-0.978444 -1.055970 31.290392 -0.167078 0.701947 -1.540969 
-0.978435 -1.055934 31.290401 -0.167094 0.701962 -1.540944 
-0.978379 -1.055902 31.290394 -0.167055 0.701898 -1.540936 
-0.978342 -1.055855 31.290410 -0.167013 0.701833 -1.540948 
-0.978287 -1.055831 31.290407 -0.166996 0.701755 -1.540934 
-0.978242 -1.055778 31.290424 -0.166983 0.701688 -1.540925 
-0.978211 -1.055748 31.290435 -0.166949 0.701605 -1.540921 
-0.978177 -1.055690 31.290460 -0.166931 0.701538 -1.540916 
-0.978155 -1.055658 31.290476 -0.166893 0.701455 -1.540915 
-0.978096 -1.055628 31.290474 -0.166905 0.701388 -1.540884 
-0.978085 -1.055582 31.290491 -0.166910 0.701322 -1.540829 
-0.978053 -1.055520 31.290432 -0.166897 0.701284 -1.540832 
-0.977977 -1.055488 31.290443 -0.166856 0.701255 -1.540807 
-0.977928 -1.055450 31.290452 -0.166877 0.701182 -1.540824 
-0.977879 -1.055437 31.290439 -0.166884 0.701097 -1.540822 
-0.977821 -1.055403 31.290431 -0.166911 0.701028 -1.540815 
-0.977804 -1.055370 31.290443 -0.166880 0.700945 -1.540839 
-0.977760 -1.055357 31.290434 -0.166842 0.700866 -1.540826 
-0.977712 -1.055324 31.290438 -0.166806 0.700793 -1.540822 
-0.977673 -1.055304 31.290430 -0.166785 0.700707 -1.540818 
-0.977625 -1.055267 31.290435 -0.166754 0.700633 -1.540816 
-0.977600 -1.055260 31.290415 -0.166753 0.700539 -1.540816 
-0.977559 -1.055229 31.290413 -0.166735 0.700455 -1.540817 
-0.977518 -1.055197 31.290412 -0.166718 0.700371 -1.540819 
-0.977465 -1.055203 31.290386 -0.166687 0.700307 -1.540783 
-0.977402 -1.055185 31.290376 -0.166724 0.700242 -1.540779 
-0.977380 -1.055132 31.290317 -0.166721 0.700185 -1.540775 
-0.977330 -1.055154 31.290288 -0.166696 0.700157 -1.540844 
-0.977293 -1.055142 31.290285 -0.166692 0.700065 -1.540841 
-0.977229 -1.055090 31.290310 -0.166662 0.700024 -1.540838 
-0.977168 -1.055057 31.290315 -0.166646 0.699954 -1.540832 
-0.977083 -1.055028 31.290300 -0.166631 0.699916 -1.540830 
-0.977055 -1.054975 31.290323 -0.166638 0.699846 -1.540860 
-0.977028 -1.054931 31.290339 -0.166606 0.699769 -1.540873 
-0.976981 -1.054871 31.290342 -0.166592 0.699727 -1.540921 
-0.976930 -1.054860 31.290396 -0.166593 0.699664 -1.540939 
-0.976899 -1.054792 31.290413 -0.166605 0.699604 -1.540920 
-0.976870 -1.054761 31.290399 -0.166624 0.699517 -1.540931 
-0.976851 -1.054713 31.290408 -0.166635 0.699434 -1.540946 
-0.976775 -1.054701 31.290380 -0.166613 0.699390 -1.540916 
-0.976705 -1.054679 31.290368 -0.166678 0.699376 -1.540921 
-0.976701 -1.054708 31.290400 -0.166688 0.699362 -1.540903 
-0.976721 -1.054654 31.290315 -0.166680 0.699324 -1.540861 
-0.976691 -1.054669 31.290273 -0.166641 0.699259 -1.540898 
-0.976646 -1.054624 31.290268 -0.166582 0.699210 -1.540899 
-0.976596 -1.054585 31.290254 -0.166522 0.699163 -1.540896 
-0.976556 -1.054622 31.290190 -0.166484 0.699127 -1.540913 
-0.976572 -1.054585 31.290194 -0.166480 0.699049 -1.540961 
-0.976580 -1.054530 31.290171 -0.166466 0.698971 -1.540950 
-0.976544 -1.054477 31.290194 -0.166417 0.698927 -1.540982 
-0.976534 -1.054457 31.290165 -0.166393 0.698848 -1.541025 
-0.976500 -1.054418 31.290132 -0.166345 0.698786 -1.541014 
-0.976512 -1.054429 31.290080 -0.166348 0.698713 -1.541054 
-0.976463 -1.054445 31.290085 -0.166303 0.698699 -1.541125 
-0.976479 -1.054431 31.290088 -0.166382 0.698701 -1.541049 
-0.976486 -1.054477 31.290140 -0.166366 0.698638 -1.541017 
-0.976500 -1.054444 31.290167 -0.166374 0.698627 -1.541035 
-0.976465 -1.054414 31.290151 -0.166415 0.698551 -1.541027 
-0.976461 -1.054433 31.290152 -0.166493 0.698501 -1.541059 
-0.976489 -1.054406 31.290149 -0.166438 0.698559 -1.540992 
-0.976391 -1.054369 31.290177 -0.166383 0.698536 -1.541002 
-0.976377 -1.054322 31.290154 -0.166319 0.698482 -1.540995 
-0.976388 -1.054268 31.290228 -0.166294 0.698485 -1.541024 
-0.976382 -1.054237 31.290203 -0.166308 0.698505 -1.541041 
-0.976300 -1.054220 31.290196 -0.166259 0.698522 -1.541026 
-0.976363 -1.054249 31.290204 -0.166317 0.698483 -1.541078 
-0.976339 -1.054210 31.290212 -0.166374 0.698421 -1.541051 
-0.976342 -1.054174 31.290189 -0.166395 0.698336 -1.541076 
-0.976311 -1.054165 31.290213 -0.166479 0.698306 -1.541095 
-0.976342 -1.054146 31.290225 -0.166379 0.698338 -1.541090 
-0.976260 -1.054126 31.290210 -0.166335 0.698318 -1.541071 
-0.976259 -1.054172 31.290255 -0.166303 0.698258 -1.541037 
-0.976268 -1.054148 31.290256 -0.166313 0.698259 -1.540995 
-0.976235 -1.054108 31.290238 -0.166244 0.698214 -1.540983 
-0.976152 -1.054085 31.290265 -0.166260 0.698175 -1.540972 
-0.976068 -1.054077 31.290296 -0.166232 0.698181 -1.540940 
-0.976054 -1.054101 31.290259 -0.166241 0.698176 -1.540925 
-0.976029 -1.054074 31.290248 -0.166272 0.698089 -1.540931 
-0.976006 -1.054043 31.290228 -0.166283 0.697999 -1.540936 
-0.975961 -1.054036 31.290243 -0.166344 0.697936 -1.540936 
-0.975932 -1.054031 31.290184 -0.166331 0.697864 -1.540917 
-0.975910 -1.053973 31.290190 -0.166303 0.697792 -1.540927 
-0.975854 -1.053932 31.290186 -0.166276 0.697725 -1.540919 
-0.975808 -1.053892 31.290184 -0.166266 0.697647 -1.540916 
-0.975741 -1.053857 31.290177 -0.166229 0.697596 -1.540899 
-0.975684 -1.053828 31.290159 -0.166209 0.697526 -1.540885 
-0.975646 -1.053769 31.290205 -0.166196 0.697475 -1.540898 
-0.975558 -1.053762 31.290232 -0.166222 0.697454 -1.540880 
-0.975551 -1.053704 31.290241 -0.166220 0.697434 -1.540802 
-0.975521 -1.053718 31.290283 -0.166170 0.697370 -1.540778 
-0.975458 -1.053661 31.290277 -0.166141 0.697328 -1.540783 
-0.975449 -1.053640 31.290283 -0.166187 0.697243 -1.540785 
-0.975434 -1.053611 31.290300 -0.166228 0.697159 -1.540785 
-0.975381 -1.053563 31.290276 -0.166217 0.697095 -1.540792 
-0.975333 -1.053528 31.290282 -0.166201 0.697017 -1.540788 
-0.975284 -1.053493 31.290288 -0.166186 0.696938 -1.540785 
-0.975241 -1.053494 31.290308 -0.166124 0.696879 -1.540766 
-0.975222 -1.053516 31.290326 -0.166142 0.696798 -1.540811 
-0.975210 -1.053457 31.290388 -0.166121 0.696796 -1.540855 
-0.975124 -1.053472 31.290415 -0.166156 0.696815 -1.540844 
-0.975142 -1.053472 31.290446 -0.166172 0.696804 -1.540814 
-0.975081 -1.053422 31.290407 -0.166152 0.696740 -1.540841 
-0.975036 -1.053382 31.290407 -0.166140 0.696661 -1.540843 
-0.974993 -1.053340 31.290408 -0.166129 0.696582 -1.540843 
-0.974967 -1.053293 31.290414 -0.166124 0.696499 -1.540830 
-0.974912 -1.053255 31.290408 -0.166110 0.696427 -1.540840 
-0.974872 -1.053213 31.290410 -0.166099 0.696346 -1.540838 
-0.974876 -1.053169 31.290431 -0.166100 0.696264 -1.540808 
-0.974858 -1.053126 31.290388 -0.166065 0.696204 -1.540840 
-0.974802 -1.053131 31.290339 -0.166086 0.696150 -1.540807 
-0.974768 -1.053161 31.290356 -0.166010 0.696113 -1.540785 
-0.974762 -1.053208 31.290372 -0.166029 0.696048 -1.540837 
-0.974726 -1.053191 31.290397 -0.166036 0.696057 -1.540850 
-0.974676 -1.053161 31.290388 -0.166004 0.695983 -1.540843 
-0.974647 -1.053121 31.290401 -0.165985 0.695902 -1.540822 
-0.974604 -1.053083 31.290376 -0.165945 0.695837 -1.540837 
-0.974545 -1.053049 31.290377 -0.165918 0.695769 -1.540833 
-0.974522 -1.053034 31.290363 -0.165890 0.695678 -1.540836 
-0.974478 -1.053026 31.290348 -0.165863 0.695596 -1.540855 
-0.974458 -1.052984 31.290366 -0.165847 0.695524 -1.540810 
-0.974375 -1.052937 31.290382 -0.165828 0.695508 -1.540803 
-0.974392 -1.052884 31.290423 -0.165777 0.695475 -1.540842 
-0.974394 -1.052862 31.290420 -0.165817 0.695467 -1.540860 
-0.974378 -1.052797 31.290364 -0.165836 0.695422 -1.540853 
-0.974340 -1.052774 31.290382 -0.165886 0.695350 -1.540857 
-0.974328 -1.052704 31.290412 -0.165935 0.695336 -1.540818 
-0.974274 -1.052672 31.290394 -0.165973 0.695299 -1.540872 
-0.974327 -1.052671 31.290378 -0.166010 0.695224 -1.540875 
-0.974282 -1.052651 31.290415 -0.165940 0.695284 -1.540887 
-0.974219 -1.052644 31.290420 -0.165890 0.695240 -1.540848 
-0.974174 -1.052661 31.290504 -0.165881 0.695221 -1.540858 
-0.974123 -1.052600 31.290512 -0.165821 0.695214 -1.540855 
-0.974133 -1.052589 31.290519 -0.165800 0.695118 -1.540842 
-0.974116 -1.052636 31.290497 -0.165740 0.695078 -1.540884 
-0.974144 -1.052644 31.290513 -0.165710 0.695090 -1.540864 
-0.974063 -1.052619 31.290489 -0.165768 0.695006 -1.540856 
-0.974040 -1.052572 31.290498 -0.165796 0.694929 -1.540878 
-0.973969 -1.052522 31.290491 -0.165807 0.694881 -1.540879 
-0.973920 -1.052539 31.290541 -0.165852 0.694830 -1.540890 
-0.973905 -1.052514 31.290496 -0.165894 0.694757 -1.540884 
-0.973910 -1.052481 31.290541 -0.165850 0.694704 -1.540838 
-0.973890 -1.052438 31.290572 -0.165808 0.694649 -1.540883 
-0.973883 -1.052354 31.290621 -0.165821 0.694629 -1.540887 
-0.973827 -1.052330 31.290643 -0.165771 0.694573 -1.540882 
-0.973791 -1.052309 31.290674 -0.165722 0.694502 -1.540884 
-0.973791 -1.052269 31.290724 -0.165697 0.694431 -1.540898 
-0.973736 -1.052224 31.290713 -0.165680 0.694369 -1.540924 
-0.973682 -1.052179 31.290714 -0.165661 0.694301 -1.540919 
-0.973643 -1.052123 31.290719 -0.165651 0.694231 -1.540938 
-0.973600 -1.052080 31.290735 -0.165626 0.694158 -1.540933 
-0.973558 -1.052035 31.290752 -0.165602 0.694084 -1.540931 
-0.973521 -1.051983 31.290765 -0.165586 0.694011 -1.540943 
-0.973478 -1.051955 31.290788 -0.165550 0.693941 -1.540917 
-0.973447 -1.051899 31.290803 -0.165538 0.693869 -1.540939 
-0.973418 -1.051842 31.290816 -0.165530 0.693800 -1.540966 
-0.973381 -1.051797 31.290837 -0.165505 0.693725 -1.540965 
-0.973370 -1.051736 31.290850 -0.165510 0.693665 -1.541014 
-0.973289 -1.051727 31.290876 -0.165516 0.693632 -1.541053 
-0.973242 -1.051673 31.290859 -0.165463 0.693605 -1.541084 
-0.973233 -1.051706 31.290823 -0.165474 0.693522 -1.541104 
-0.973196 -1.051678 31.290818 -0.165520 0.693446 -1.541096 
-0.973173 -1.051671 31.290843 -0.165537 0.693355 -1.541111 
-0.973144 -1.051651 31.290804 -0.165596 0.693321 -1.541162 
-0.973103 -1.051676 31.290812 -0.165598 0.693332 -1.541160 
-0.973064 -1.051684 31.290784 -0.165586 0.693275 -1.541095 
-0.973007 -1.051611 31.290811 -0.165562 0.693269 -1.541081 
-0.972969 -1.051581 31.290862 -0.165602 0.693247 -1.541027 
-0.972909 -1.051559 31.290870 -0.165541 0.693200 -1.541031 
-0.972842 -1.051527 31.290862 -0.165483 0.693170 -1.541023 
-0.972826 -1.051549 31.290920 -0.165472 0.693094 -1.541030 
-0.972771 -1.051531 31.290968 -0.165478 0.693043 -1.540988 
-0.972714 -1.051528 31.290978 -0.165424 0.692982 -1.540987 
-0.972647 -1.051469 31.290966 -0.165401 0.692989 -1.540950 
-0.972701 -1.051518 31.290959 -0.165453 0.692965 -1.541013 
-0.972752 -1.051460 31.290958 -0.165445 0.692902 -1.541008 
-0.972740 -1.051423 31.291019 -0.165447 0.692867 -1.541066 
-0.972728 -1.051420 31.291025 -0.165468 0.692771 -1.541067 
-0.972731 -1.051401 31.290989 -0.165430 0.692712 -1.541125 
-0.972748 -1.051349 31.290984 -0.165463 0.692643 -1.541159 
-0.972788 -1.051379 31.291029 -0.165413 0.692589 -1.541161 
-0.972734 -1.051329 31.291039 -0.165363 0.692562 -1.541125 
-0.972657 -1.051312 31.291051 -0.165323 0.692518 -1.541122 
-0.972628 -1.051291 31.291012 -0.165281 0.692467 -1.541069 
-0.972592 -1.051228 31.291032 -0.165216 0.692458 -1.541074 
-0.972602 -1.051201 31.291036 -0.165243 0.692429 -1.541083 
-0.972574 -1.051190 31.291091 -0.165281 0.692400 -1.541022 
-0.972517 -1.051152 31.291048 -0.165330 0.692432 -1.541016 
-0.972486 -1.051174 31.291051 -0.165331 0.692411 -1.541040 
-0.972458 -1.051156 31.291051 -0.165367 0.692324 -1.541036 
-0.972437 -1.051133 31.291113 -0.165421 0.692303 -1.541079 
-0.972418 -1.051103 31.291123 -0.165386 0.692301 -1.541082 
-0.972344 -1.051093 31.291135 -0.165354 0.692256 -1.541049 
-0.972288 -1.051060 31.291114 -0.165313 0.692196 -1.541063 
-0.972258 -1.050988 31.291112 -0.165318 0.692177 -1.541004 
-0.972276 -1.050981 31.291159 -0.165270 0.692112 -1.540974 
-0.972207 -1.050962 31.291190 -0.165217 0.692091 -1.540949 
-0.972179 -1.050980 31.291190 -0.165270 0.692015 -1.540931 
-0.972178 -1.051015 31.291126 -0.165249 0.691981 -1.540874 
-0.972178 -1.050995 31.291103 -0.165237 0.691960 -1.540905 
-0.972166 -1.050965 31.291107 -0.165271 0.691872 -1.540910 
-0.972145 -1.051012 31.291121 -0.165274 0.691800 -1.540954 
-0.972078 -1.050991 31.291084 -0.165330 0.691778 -1.540966 
-0.972142 -1.051003 31.291053 -0.165395 0.691766 -1.540988 
-0.972080 -1.051008 31.291052 -0.165317 0.691764 -1.540938 
-0.972032 -1.050967 31.291066 -0.165272 0.691707 -1.540914 
-0.971964 -1.051002 31.291068 -0.165221 0.691678 -1.540941 
-0.971929 -1.051032 31.291122 -0.165249 0.691661 -1.540878 
-0.971909 -1.051020 31.291117 -0.165237 0.691701 -1.540863 
-0.971907 -1.050999 31.291124 -0.165235 0.691573 -1.540861 
-0.971890 -1.050991 31.291099 -0.165222 0.691484 -1.540829 
-0.971850 -1.050952 31.291109 -0.165236 0.691403 -1.540836 
-0.971856 -1.050928 31.291144 -0.165188 0.691329 -1.540818 
-0.971854 -1.050952 31.291163 -0.165195 0.691234 -1.540814 
-0.971808 -1.050910 31.291159 -0.165166 0.691180 -1.540766 
-0.971760 -1.050877 31.291153 -0.165148 0.691116 -1.540720 
-0.971715 -1.050852 31.291149 -0.165134 0.691044 -1.540676 
-0.971679 -1.050834 31.291152 -0.165120 0.690961 -1.540639 
-0.971653 -1.050822 31.291164 -0.165104 0.690872 -1.540609 
-0.971587 -1.050790 31.291135 -0.165105 0.690838 -1.540558 
-0.971537 -1.050765 31.291105 -0.165039 0.690802 -1.540575 
-0.971539 -1.050689 31.291085 -0.165023 0.690757 -1.540536 
-0.971476 -1.050656 31.291142 -0.164999 0.690742 -1.540506 
-0.971473 -1.050686 31.291129 -0.164943 0.690734 -1.540431 
-0.971481 -1.050676 31.291153 -0.165007 0.690699 -1.540511 
-0.971426 -1.050647 31.291146 -0.165043 0.690634 -1.540536 
-0.971410 -1.050602 31.291174 -0.165040 0.690565 -1.540583 
-0.971401 -1.050566 31.291210 -0.165109 0.690516 -1.540569 
-0.971335 -1.050597 31.291235 -0.165120 0.690485 -1.540624 
-0.971297 -1.050579 31.291203 -0.165093 0.690406 -1.540610 
-0.971305 -1.050568 31.291143 -0.165115 0.690347 -1.540658 
-0.971278 -1.050537 31.291128 -0.165120 0.690370 -1.540662 
-0.971224 -1.050486 31.291152 -0.165078 0.690324 -1.540655 
-0.971174 -1.050433 31.291178 -0.165033 0.690279 -1.540652 
-0.971101 -1.050383 31.291182 -0.165006 0.690246 -1.540634 
-0.971084 -1.050307 31.291197 -0.164984 0.690230 -1.540689 
-0.971069 -1.050298 31.291218 -0.164936 0.690147 -1.540678 
-0.971022 -1.050269 31.291185 -0.164921 0.690073 -1.540678 
-0.970953 -1.050260 31.291185 -0.164904 0.690004 -1.540694 
-0.970907 -1.050222 31.291189 -0.164910 0.689926 -1.540682 
-0.970866 -1.050181 31.291199 -0.164929 0.689848 -1.540666 
-0.970809 -1.050156 31.291208 -0.164935 0.689771 -1.540667 
-0.970771 -1.050113 31.291188 -0.164934 0.689693 -1.540652 
-0.970715 -1.050086 31.291186 -0.164932 0.689615 -1.540652 
-0.970688 -1.050041 31.291142 -0.164918 0.689545 -1.540635 
-0.970656 -1.050005 31.291163 -0.164903 0.689464 -1.540613 
-0.970621 -1.049963 31.291181 -0.164893 0.689385 -1.540598 
-0.970577 -1.050019 31.291173 -0.164858 0.689332 -1.540570 
-0.970611 -1.049986 31.291119 -0.164801 0.689313 -1.540535 
-0.970579 -1.049971 31.291121 -0.164791 0.689341 -1.540516 
-0.970571 -1.049970 31.291094 -0.164809 0.689228 -1.540549 
-0.970546 -1.049950 31.291113 -0.164799 0.689135 -1.540547 
-0.970492 -1.049920 31.291114 -0.164790 0.689057 -1.540540 
-0.970438 -1.049891 31.291115 -0.164782 0.688979 -1.540534 
-0.970430 -1.049845 31.291113 -0.164772 0.688891 -1.540536 
-0.970369 -1.049807 31.291101 -0.164764 0.688824 -1.540529 
-0.970413 -1.049823 31.291103 -0.164745 0.688908 -1.540560 
-0.970350 -1.049781 31.291089 -0.164731 0.688846 -1.540559 
-0.970309 -1.049737 31.291081 -0.164722 0.688767 -1.540556 
-0.970368 -1.049756 31.291078 -0.164754 0.688843 -1.540529 
-0.970327 -1.049713 31.291070 -0.164744 0.688764 -1.540527 
-0.970376 -1.049773 31.291054 -0.164722 0.688836 -1.540506 
-0.970326 -1.049711 31.291073 -0.164749 0.688765 -1.540530 
-0.970374 -1.049771 31.291045 -0.164776 0.688829 -1.540551 
-0.970356 -1.049725 31.291144 -0.164711 0.688871 -1.540486 
-0.970382 -1.049775 31.291103 -0.164761 0.688809 -1.540521 
-0.970341 -1.049718 31.291027 -0.164740 0.688911 -1.540545 
